task_05-01-2021/2021-01-05-17-33-42.jpg,835.584,407.0208,1746.432,989.7536,ACCMOU,1920,1088
task_20210615_Lab/2021-06-15-09-11-13.jpg,1329.6,229.284,1597.824,567.0,MESCHA,1920,1080
task_21-01-2021/2021-01-21-13-42-10.jpg,908.928,337.4976,1258.176,737.0112,MESBLE,1920,1088
task_21-01-2021/2021-01-21-14-03-36.jpg,764.16,275.808,1315.968,627.0144,MESCHA,1920,1088
task_20210525_UPS/20210525-164853_(30.0).jpg,611.712,349.1392,1917.312,997.9136,PIEBAV,1920,1088
task_20210523_UPS/20210523-185711_(19.0).jpg,516.096,354.2528,1066.368,864.6336,PIEBAV,1920,1088
task_2021-03-01_11/20210301-114108_(5.0).jpg,690.816,443.6864,1067.136,628.864,MESBLE,1920,1088
task_20210612_1_Lab/2021-06-12-06-23-13.jpg,1174.656,195.048,1758.336,595.62,MESCHA,1920,1080
task_2021-03-01_09/20210301-091005_(7.0).jpg,638.784,380.0384,1169.472,704.1536,VEREUR,1920,1088
task_20210705-07_balacet/2021-07-07-08-02-20.jpg,613.056,362.34,911.616,727.272,SITTOR,1920,1080
task_2021-03-01_08/20210301-085714_(11.0).jpg,432.384,440.64,849.408,837.9776,MESCHA,1920,1088
task_2021_11_03-04_cescau4/2021-11-03-15-56-51.jpg,1312.512,380.592,1733.952,876.528,SITTOR,1920,1080
task_20210615_Lab/2021-06-15-13-53-19.jpg,1412.544,262.116,1783.104,545.724,MESCHA,1920,1080
task_20210612_1_Lab/2021-06-12-06-00-45.jpg,1196.352,603.612,1676.928,1076.436,MESCHA,1920,1080
task_20210417_UPS/20210417-165826_(5.0).jpg,997.632,621.1392,1234.944,819.9168,MESBLE,1920,1088
task_20210624_balacet/2021-06-24-06-10-39.jpg,629.184,333.504,1250.496,655.776,MESCHA,1920,1080
task_20210616_Lab/2021-06-16-18-19-58.jpg,684.48,238.788,1198.848,861.192,MESCHA,1920,1080
task_2021-03-01_09/20210301-092325_(19.0).jpg,119.616,0.0,1482.048,816.1088,TOUTUR,1920,1088
task_20210523_UPS/20210523-181831_(11.0).jpg,650.688,306.816,1297.728,1088.0,PIEBAV,1920,1088
task_20210227/20210227-172143_(16.0).jpg,600.192,297.024,1234.944,1066.8928,TOUTUR,1920,1088
task_20210227/20210227-150814_(5.0).jpg,640.512,552.8128,955.392,1088.0,MESCHA,1920,1088
task_2021_11_03-04_cescau4/2021-11-03-16-17-11.jpg,1538.112,469.692,1920.0,1080.0,MESCHA,1920,1080
task_2021-03-01_14/20210301-144537_(20.0).jpg,1362.432,731.136,1754.112,1088.0,MESBLE,1920,1088
task_2021_11_03-04_cescau4/2021-11-04-08-04-46.jpg,1283.328,485.352,1557.12,665.712,SITTOR,1920,1080
task_21-01-2021/2021-01-21-13-28-59.jpg,519.168,302.7904,1454.976,777.4848,MESCHA,1920,1088
task_20210612_1_Lab/2021-06-12-05-44-37.jpg,621.312,277.56,897.408,673.056,MESCHA,1920,1080
task_2021-03-01_13/20210301-130458_(7.0).jpg,239.232,441.728,957.12,789.0176,MESCHA,1920,1088
task_06-01-2021/2021-01-06-10-49-02.jpg,414.912,661.7216,1155.84,1088.0,MESCHA,1920,1088
task_19-01-2021/2021-01-19-11-09-34.jpg,210.432,138.8288,1130.88,623.0976,MESCHA,1920,1088
task_2021_11_03-04_cescau4/2021-11-03-16-27-07.jpg,1090.368,484.272,1446.528,641.196,MESNON,1920,1080
task_20211204_Orlu/2021-12-24-07-50-53.jpg,935.04,492.372,1617.216,743.256,MESCHA,1920,1080
task_20210616_Lab/2021-06-16-18-51-27.jpg,909.504,212.22,1486.848,471.96,MESCHA,1920,1080
task_2021_11_03-04_cescau4/2021-11-04-08-05-46.jpg,1069.824,392.04,1424.448,680.292,MESCHA,1920,1080
task_20210616_Lab/2021-06-16-05-32-14.jpg,735.744,197.1,1355.904,512.892,VEREUR,1920,1080
task_19-01-2021/2021-01-19-11-17-57.jpg,411.072,115.6544,781.632,478.3936,MESBLE,1920,1088
task_19-01-2021/2021-01-19-11-21-14.jpg,372.48,127.1872,907.008,426.2784,MESCHA,1920,1088
task_06-01-2021/2021-01-06-11-37-36.jpg,1337.28,669.4464,1779.264,949.28,MESBLE,1920,1088
task_20211204_Orlu/2021-12-23-13-24-29.jpg,364.032,425.412,899.712,772.848,MESBLE,1920,1080
task_20210417_UPS/20210417-072002_(5.0).jpg,942.528,779.4432,1514.496,1057.3184,MESCHA,1920,1088
task_06-01-2021/2021-01-06-11-52-08.jpg,67.584,478.3936,665.856,1088.0,MESCHA,1920,1088
task_20210624_balacet/2021-06-24-12-37-19.jpg,968.64,248.616,1337.28,601.668,MESCHA,1920,1080
task_20210227/20210227-131232_(11.0).jpg,1005.312,607.648,1680.768,1080.4928,VEREUR,1920,1088
task_20211204_Orlu/2021-12-24-08-18-56.jpg,1218.24,498.42,1483.392,720.9,MESBLE,1920,1080
task_18-01-2021/2021-01-18-13-35-54.jpg,1130.88,132.9536,1792.704,785.2096,MESNON,1920,1088
task_20210615_Lab/2021-06-15-10-59-44.jpg,1026.624,192.672,1360.512,536.112,MESCHA,1920,1080
task_2021-03-01_13/20210301-135454_(9.0).jpg,523.008,441.728,1038.144,777.4848,VEREUR,1920,1088
task_2021-03-01_13/20210301-134135_(10.0).jpg,509.376,532.4672,1238.784,802.6176,VEREUR,1920,1088
task_20210217/20210217-174340_01(11.0).jpg,239.04,73.224,950.592,771.444,TOUTUR,1920,1080
task_20210526_UPS/20210526-065158_(15.0).jpg,796.8,405.4976,1918.08,1088.0,PIEBAV,1920,1088
task_20210227/20210227-170913_(7.0).jpg,957.12,667.488,1491.648,1088.0,VEREUR,1920,1088
task_21-01-2021/2021-01-21-12-05-51.jpg,0.0,208.2432,671.616,692.6208,MESCHA,1920,1088
task_20210526_UPS/20210526-091406_(19.0).jpg,582.528,337.1712,1263.552,1088.0,PIEBAV,1920,1088
task_20210623_balacet/2021-06-23-12-47-01.jpg,789.312,347.004,1680.768,815.94,ACCMOU,1920,1080
task_20210205/20210205-124242_01(48.0).jpg,464.832,471.636,1173.312,879.012,MESCHA,1920,1080
task_20210205/20210205-144113_01(14.0).jpg,694.464,505.872,1129.536,1079.352,VEREUR,1920,1080
task_20210217/20210217-170440_03(23.0).jpg,339.648,48.6,1081.536,921.348,MESCHA,1920,1080
task_2021_11_03-04_cescau4/2021-11-03-16-28-09.jpg,1186.176,524.448,1304.256,648.972,MESNOI,1920,1080
task_20211204_Orlu/2021-12-24-09-50-59.jpg,1077.12,495.612,1300.416,732.24,MESCHA,1920,1080
task_20211204_Orlu/2021-12-24-09-03-39.jpg,1324.224,620.676,1656.192,1046.628,MESBLE,1920,1080
task_2021_11_03-04_cescau4/2021-11-03-11-28-45.jpg,880.896,452.304,1188.096,859.032,MESCHA,1920,1080
task_2021-03-01_14/20210301-143035_(6.0).jpg,943.68,426.2784,1202.304,646.272,VEREUR,1920,1088
task_05-01-2021/2021-01-05-16-32-26.jpg,1175.232,569.1328,1920.0,1030.336,MESCHA,1920,1088
task_20210525_UPS/20210525-154451_(36.0).jpg,667.776,360.672,1343.04,1088.0,PIEBAV,1920,1088
task_2021-03-01_16/20210301-165911_(13.0).jpg,878.016,460.9856,1425.984,646.272,MESCHA,1920,1088
task_20210624_balacet/2021-06-24-05-40-50.jpg,378.24,366.336,818.304,750.276,MESCHA,1920,1080
task_2021_11_03-04_cescau4/2021-11-03-15-17-05.jpg,1068.672,502.848,1433.856,768.744,SITTOR,1920,1080
task_2021-03-01_14/20210301-142618_(5.0).jpg,405.312,412.7872,744.96,1088.0,MESCHA,1920,1088
task_21-01-2021/2021-01-21-13-22-09.jpg,1022.784,397.3376,1368.192,877.7984,MESNON,1920,1088
task_20210526_UPS/20210526-151019_(13.0).jpg,1212.288,566.7392,1688.64,963.2064,MESCHA,1920,1088
task_2021-03-01_14/20210301-142008_(17.0).jpg,862.656,350.9888,1267.776,652.0384,MESCHA,1920,1088
task_2021_11_03-04_cescau4/2021-11-04-07-28-39.jpg,1229.184,499.824,1700.16,771.768,PINARB,1920,1080
task_2021_11_03-04_cescau4/2021-11-03-16-20-58.jpg,878.208,647.028,1166.208,1080.0,MESNOI,1920,1080
task_20210417_UPS/20210417-125346_(10.0).jpg,1018.944,773.6768,1393.152,1084.3008,MESCHA,1920,1088
task_2021_11_03-04_cescau4/2021-11-03-15-38-02.jpg,1462.656,446.904,1683.264,632.664,MESNOI,1920,1080
task_20210228/20210228-134643_(15.0).jpg,862.656,399.296,1318.08,607.648,VEREUR,1920,1088
task_20210611_Lab/2021-06-11-14-02-07.jpg,453.504,225.072,1017.024,862.488,MESCHA,1920,1080
task_20210615_Lab/2021-06-15-13-44-41.jpg,524.928,144.396,1117.248,613.332,MESCHA,1920,1080
task_20210526_UPS/20210526-124606_(16.0).jpg,973.248,466.208,1916.16,1088.0,PIEBAV,1920,1088
task_20211204_Orlu/2021-12-23-15-50-32.jpg,1117.632,508.14,1563.264,748.656,MESBLE,1920,1080
task_20211204_Orlu/2021-12-24-09-00-16.jpg,849.6,526.5,1312.512,705.24,MESNON,1920,1080
task_2021_11_03-04_cescau4/2021-11-03-12-10-19.jpg,1351.68,510.3,1725.12,802.008,SITTOR,1920,1080
task_20210612_1_Lab/2021-06-12-06-33-56.jpg,441.984,252.396,1169.472,590.112,MESCHA,1920,1080
task_2021_11_03-04_cescau4/2021-11-04-08-10-47.jpg,866.688,399.06,1201.728,705.024,MESCHA,1920,1080
task_2021_11_03-04_cescau4/2021-11-04-08-05-10.jpg,1036.608,379.62,1532.16,703.08,SITTOR,1920,1080
task_20210616_Lab/2021-06-16-05-38-32.jpg,942.144,204.984,1268.352,459.972,MESCHA,1920,1080
task_20210228/20210228-150751_(12.0).jpg,530.688,484.16,1171.392,883.6736,VEREUR,1920,1088
task_05-01-2021/2021-01-05-17-26-39.jpg,827.904,385.8048,1483.968,845.0496,ACCMOU,1920,1088
task_20211204_Orlu/2021-12-24-09-43-49.jpg,429.12,514.728,786.816,1058.94,SITTOR,1920,1080
task_21-01-2021/2021-01-21-13-22-11.jpg,881.856,308.5568,1281.408,762.0352,MESNON,1920,1088
task_20211204_Orlu/2021-12-24-10-53-27.jpg,681.6,454.788,1133.952,744.012,MESCHA,1920,1080
task_05-01-2021/2021-01-05-16-36-27.jpg,1160.448,552.9216,1920.0,1088.0,SITTOR,1920,1088
task_2021-03-01_17/20210301-172453_(66.0).jpg,308.736,0.0,1918.08,1086.1504,MESCHA,1920,1088
task_20211204_Orlu/2021-12-24-09-23-41.jpg,903.744,461.16,1501.248,708.372,MESCHA,1920,1080
task_2021-03-01_13/20210301-134841_(6.0).jpg,700.416,466.8608,972.672,804.4672,VEREUR,1920,1088
task_2021-03-01_08/20210301-085530_(7.0).jpg,949.44,381.888,1528.32,802.6176,VEREUR,1920,1088
task_05-01-2021/2021-01-05-16-08-44.jpg,92.736,484.16,860.736,837.3248,MESCHA,1920,1088
task_2021_11_03-04_cescau4/2021-11-04-08-21-05.jpg,818.88,339.012,1399.488,1064.664,MESCHA,1920,1080
task_21-01-2021/2021-01-21-12-42-09.jpg,552.0,264.1664,1381.632,598.0736,MESCHA,1920,1088
task_20210525_UPS/20210525-155814_(17.0).jpg,293.376,391.5712,980.352,1088.0,PIEBAV,1920,1088
task_2021_11_03-04_cescau4/2021-11-04-08-13-50.jpg,1085.376,411.912,1308.672,691.848,PINARB,1920,1080
task_18-01-2021/2021-01-18-14-33-07.jpg,1590.144,731.136,1916.16,1001.2864,MESCHA,1920,1088
task_2021_11_03-04_cescau4/2021-11-04-07-57-55.jpg,1382.976,486.216,1779.648,697.896,MESCHA,1920,1080
task_MOIDOM_ODJ/615.jpeg,111.85,88.5468,466.45,324.5247,MOIDOM,500,339
task_20210228/20210228-142142_(5.0).jpg,1227.264,428.2368,1566.912,810.3424,MESCHA,1920,1088
task_20210612_1_Lab/2021-06-12-04-56-54.jpg,1171.392,269.784,1451.136,628.668,MESCHA,1920,1080
task_20210523_UPS/20210523-174917_(12.0).jpg,144.192,456.7424,819.648,705.2416,PIEBAV,1920,1088
task_20210205/20210205-160907_01(25.0).jpg,3.84,285.768,954.432,881.496,PINARB,1920,1080
task_20211204_Orlu/2021-12-23-15-33-23.jpg,924.864,483.192,1337.664,704.16,MESCHA,1920,1080
task_06-01-2021/2021-01-06-10-53-04.jpg,582.72,632.7808,1258.176,1063.0848,MESCHA,1920,1088
task_20210623_balacet/2021-06-23-09-36-23.jpg,1107.648,312.228,1505.088,696.276,MESCHA,1920,1080
task_20210615_Lab/2021-06-15-10-38-29.jpg,908.544,220.104,1164.288,485.352,MESCHA,1920,1080
task_20210705-07_balacet/2021-07-07-06-47-09.jpg,1160.256,370.98,1443.84,821.556,ACCMOU,1920,1080
task_2021_11_03-04_cescau4/2021-11-04-07-40-24.jpg,1373.568,465.588,1913.472,670.572,MESCHA,1920,1080
task_2021-03-01_16/20210301-160506_(6.0).jpg,885.696,468.7104,1159.68,682.9376,MESCHA,1920,1088
task_20210205/20210205-164534_02(11.0).jpg,1371.648,433.728,1918.08,1080.0,MESCHA,1920,1080
task_05-01-2021/2021-01-05-17-19-15.jpg,1114.56,40.3648,1500.096,233.376,MESNON,1920,1088
task_21-01-2021/2021-01-21-12-21-57.jpg,818.304,181.2608,1262.016,727.328,MESCHA,1920,1088
task_2021-03-01_14/20210301-142614_(7.0).jpg,387.84,391.5712,733.248,1088.0,MESCHA,1920,1088
task_20210612_1_Lab/2021-06-12-06-36-30.jpg,326.208,254.34,771.84,646.056,MESCHA,1920,1080
task_20211204_Orlu/2021-12-24-10-23-14.jpg,787.008,482.328,984.96,738.288,MESCHA,1920,1080
task_21-01-2021/2021-01-21-12-16-20.jpg,1271.616,370.3552,1910.4,1086.2592,MESBLE,1920,1088
task_20210615_Lab/2021-06-15-14-09-38.jpg,1073.088,731.268,1920.0,1080.0,MESCHA,1920,1080
task_20210217/20210217-130308_01(33.0).jpg,579.456,91.368,1474.56,1080.0,MESCHA,1920,1080
task_06-01-2021/2021-01-06-11-45-51.jpg,1084.416,532.4672,1580.352,958.8544,PINARB,1920,1088
task_20210616_Lab/2021-06-16-09-11-53.jpg,1145.664,269.46,1479.744,870.804,MESCHA,1920,1080
task_2021-03-01_14/20210301-145815_(10.0).jpg,648.384,435.9616,1038.144,721.5616,MESCHA,1920,1088
task_20210616_Lab/2021-06-16-05-37-58.jpg,1413.12,267.624,1920.0,586.764,MESCHA,1920,1080
task_2021-03-01_14/20210301-143807_(12.0).jpg,517.248,462.944,1067.136,729.2864,MESCHA,1920,1088
task_05-01-2021/2021-01-05-17-24-28.jpg,1086.336,478.3936,1482.048,939.5968,MESBLE,1920,1088
task_20211204_Orlu/2021-12-23-16-04-00.jpg,1097.472,482.544,1353.408,705.996,MESCHA,1920,1080
task_20210412/20210412-105412_(5.0).jpg,975.168,803.9232,1591.872,1040.9984,MESCHA,1920,1088
task_20210624_balacet/2021-06-24-14-18-11.jpg,748.992,764.1,1816.128,1080.0,MESCHA,1920,1080
task_2021-03-01_10/20210301-103029_(8.0).jpg,1051.776,418.5536,1630.656,731.136,VEREUR,1920,1088
task_05-01-2021/2021-01-05-16-39-04.jpg,1206.144,380.0384,1597.824,870.0736,MESCHA,1920,1088
task_20210615_Lab/2021-06-15-10-03-54.jpg,1360.512,279.396,1713.6,644.112,MESCHA,1920,1080
task_20210612_1_Lab/2021-06-12-05-46-23.jpg,379.584,0.0,1763.328,1080.0,MESCHA,1920,1080
task_20210612_1_Lab/2021-06-12-05-42-18.jpg,596.352,157.896,893.376,748.332,MESCHA,1920,1080
task_20211204_Orlu/2021-12-23-13-34-44.jpg,937.536,496.044,1236.672,685.152,MESBLE,1920,1080
task_2021-03-01_13/20210301-135028_(14.0).jpg,727.488,484.16,1005.312,771.7184,VEREUR,1920,1088
task_2021-03-01_08/20210301-085410_(7.0).jpg,596.352,430.1952,1186.752,777.4848,VEREUR,1920,1088
task_05-01-2021/2021-01-05-16-57-30.jpg,378.24,381.888,959.04,760.0768,MESCHA,1920,1088
task_05-01-2021/2021-01-05-17-28-39.jpg,922.368,395.3792,1287.168,725.3696,MESNON,1920,1088
task_2021-03-01_08/20210301-082156_(7.0).jpg,368.64,474.5856,768.0,841.1328,MESBLE,1920,1088
task_20210624_balacet/2021-06-24-12-36-49.jpg,1020.864,325.728,1271.616,665.388,ACCMOU,1920,1080
task_20210612_1_Lab/2021-06-12-04-58-00.jpg,619.392,277.56,1144.32,659.556,MESCHA,1920,1080
task_20210217/20210217-131231_03(11.0).jpg,556.032,2.052,1410.816,1006.668,MESCHA,1920,1080
task_19-01-2021/2021-01-19-11-07-47.jpg,401.472,123.3792,1157.76,551.7248,MESNON,1920,1088
task_2021_11_03-04_cescau4/2021-11-04-07-53-33.jpg,870.528,431.028,1374.528,729.972,MESHUP,1920,1080
task_20210611_Lab/2021-06-11-14-02-07.jpg,1121.088,223.344,1583.232,552.744,MESCHA,1920,1080
task_20210612_1_Lab/2021-06-12-06-28-37.jpg,465.024,267.84,931.968,705.888,MESCHA,1920,1080
task_20210525_UPS/20210525-164910_(13.0).jpg,686.976,457.1776,1920.0,1087.0208,PIEBAV,1920,1088
task_2021_11_03-04_cescau4/2021-11-03-12-35-36.jpg,799.68,438.156,1342.08,702.756,MESCHA,1920,1080
task_2021-03-01_15/20210301-151005_(11.0).jpg,351.168,441.728,769.92,1043.8272,MESCHA,1920,1088
task_2021-03-01_13/20210301-134846_(8.0).jpg,696.576,482.3104,968.64,829.6,VEREUR,1920,1088
task_2021-03-01_12/20210301-120126_(15.0).jpg,825.984,389.6128,1346.88,628.864,MESCHA,1920,1088
task_20210418_UPS/20210418-171215_(23.0).jpg,867.072,879.7568,1918.08,1086.5856,PIEBAV,1920,1088
task_20210615_Lab/2021-06-15-10-39-41.jpg,1250.496,206.172,1661.376,632.556,MESCHA,1920,1080
task_20210616_Lab/2021-06-16-05-29-41.jpg,792.384,279.072,1485.504,640.116,MESCHA,1920,1080
task_05-01-2021/2021-01-05-16-54-17.jpg,1252.416,494.1696,1920.0,1088.0,SITTOR,1920,1088
task_20210615_Lab/2021-06-15-10-55-35.jpg,1383.552,240.84,1640.256,567.0,MESCHA,1920,1080
task_20210624_balacet/2021-06-24-13-16-20.jpg,1057.536,244.728,1690.368,721.332,ACCMOU,1920,1080
task_20210205/20210205-144541_01(51.0).jpg,202.944,473.58,774.144,775.224,MESCHA,1920,1080
task_21-01-2021/2021-01-21-13-01-05.jpg,650.304,310.5152,1370.112,752.4608,MESCHA,1920,1088
task_20210228/20210228-121356_(10.0).jpg,874.176,518.8672,1327.68,995.52,VEREUR,1920,1088
task_20210705-07_balacet/2021-07-06-16-15-58.jpg,967.872,345.492,1212.288,696.816,ACCMOU,1920,1080
task_20210228/20210228-150700_(12.0).jpg,586.56,464.9024,1246.656,758.2272,VEREUR,1920,1088
task_20210616_Lab/2021-06-16-04-40-58.jpg,1268.352,216.972,1562.304,663.012,MESCHA,1920,1080
task_20210228/20210228-150038_(15.0).jpg,870.336,325.9648,1416.384,779.4432,MESCHA,1920,1088
task_20211204_Orlu/2021-12-23-14-32-59.jpg,647.232,543.348,1174.272,1025.46,MESCHA,1920,1080
task_20210612_1_Lab/2021-06-12-06-37-09.jpg,356.928,240.84,708.288,665.388,MESCHA,1920,1080
task_20211204_Orlu/2021-12-23-14-57-58.jpg,828.672,386.64,1048.512,934.092,MESCHA,1920,1080
task_20210615_Lab/2021-06-15-13-26-08.jpg,1049.856,190.728,1375.872,565.056,MESCHA,1920,1080
task_20210615_Lab/2021-06-15-10-58-28.jpg,1150.08,296.784,1759.872,649.944,MESCHA,1920,1080
task_20210526_UPS/20210526-085337_(43.0).jpg,1.92,342.8288,1246.464,991.712,PIEBAV,1920,1088
task_05-01-2021/2021-01-05-17-18-07.jpg,851.328,435.2,1824.768,1026.7456,ACCMOU,1920,1088
task_2021_11_03-04_cescau4/2021-11-03-12-54-52.jpg,1000.896,404.784,1672.512,719.712,PINARB,1920,1080
task_05-01-2021/2021-01-05-17-41-37.jpg,1350.72,378.08,1875.648,966.5792,ACCMOU,1920,1088
task_20210616_Lab/2021-06-16-06-58-09.jpg,1276.416,291.492,1819.392,538.488,MESCHA,1920,1080
task_20211204_Orlu/2021-12-24-09-02-48.jpg,862.656,468.612,1319.232,692.82,MESNON,1920,1080
task_18-01-2021/2021-01-18-13-46-26.jpg,731.328,582.624,1294.848,1086.2592,MESBLE,1920,1088
task_2021_11_03-04_cescau4/2021-11-03-12-30-41.jpg,986.88,459.54,1553.856,648.864,MESCHA,1920,1080
task_20210611_Lab/2021-06-11-15-21-57.jpg,1020.288,324.108,1621.824,785.268,MESCHA,1920,1080
task_20210616_Lab/2021-06-16-09-23-04.jpg,1344.96,193.86,1596.672,580.176,MESCHA,1920,1080
task_20211204_Orlu/2021-12-23-14-45-25.jpg,667.584,539.244,1308.288,885.492,MESNON,1920,1080
task_20210624_balacet/2021-06-24-12-18-10.jpg,135.552,294.192,754.752,831.276,MESCHA,1920,1080
task_20210623_balacet/2021-06-23-10-13-01.jpg,110.592,312.012,851.904,805.68,MESCHA,1920,1080
task_20210205/20210205-144353_07(11.0).jpg,870.912,473.58,1394.496,849.204,VEREUR,1920,1080
task_05-01-2021/2021-01-05-16-16-33.jpg,1080.96,590.784,1252.224,699.584,PINARB,1920,1088
task_2021-03-01_09/20210301-091626_(44.0).jpg,3.84,420.512,1883.136,1086.4768,TOUTUR,1920,1088
task_20210611_Lab/2021-06-11-14-34-35.jpg,1210.56,219.348,1825.152,612.036,MESCHA,1920,1080
task_20211204_Orlu/2021-12-24-10-46-01.jpg,1469.376,549.612,1917.312,1080.0,MESCHA,1920,1080
task_20210227/20210227-143935_(6.0).jpg,1213.824,779.4432,1584.192,1086.2592,MESCHA,1920,1088
task_20211204_Orlu/2021-12-23-16-12-34.jpg,1230.912,461.916,1488.0,729.432,MESBLE,1920,1080
task_2021_11_03-04_cescau4/2021-11-04-07-42-36.jpg,1063.872,472.5,1382.016,966.384,MESCHA,1920,1080
task_19-01-2021/2021-01-19-11-56-40.jpg,495.936,215.968,748.8,505.376,MESNON,1920,1088
task_2021_11_03-04_cescau4/2021-11-04-08-02-50.jpg,1194.048,400.68,1790.016,685.584,MESCHA,1920,1080
task_2021-03-01_09/20210301-091039_(6.0).jpg,719.808,426.2784,1177.152,737.0112,VEREUR,1920,1088
task_20210615_Lab/2021-06-15-10-37-35.jpg,495.36,211.356,1157.952,539.46,MESCHA,1920,1080
task_2021_11_03-04_cescau4/2021-11-03-11-39-56.jpg,1458.624,630.072,1919.232,1033.56,MESNOI,1920,1080
task_20211204_Orlu/2021-12-24-09-53-49.jpg,867.648,514.728,1471.296,752.328,MESCHA,1920,1080
task_20210526_UPS/20210526-142709_(12.0).jpg,1092.864,506.0288,1485.504,847.552,MESCHA,1920,1088
task_20210611_Lab/2021-06-11-16-13-18.jpg,838.656,162.432,1233.216,494.424,MESCHA,1920,1080
task_21-01-2021/2021-01-21-14-22-12.jpg,283.776,148.4032,891.456,648.2304,MESCHA,1920,1088
task_20211204_Orlu/2021-12-24-07-59-55.jpg,1076.928,493.452,1351.872,715.932,MESCHA,1920,1080
task_20210615_Lab/2021-06-15-09-02-23.jpg,943.68,213.84,1482.048,536.112,MESCHA,1920,1080
task_2021-03-01_17/20210301-174222_(10.0).jpg,650.304,457.1776,1196.352,673.2544,MESCHA,1920,1088
task_20210415_UPS/20210415-095333_(7.0).jpg,1045.824,711.8784,1443.456,960.8128,MESCHA,1920,1088
task_20210705-07_balacet/2021-07-07-08-15-10.jpg,1051.2,318.276,1378.752,658.26,ACCMOU,1920,1080
task_21-01-2021/2021-01-21-12-08-49.jpg,11.712,285.3824,710.208,706.112,MESCHA,1920,1088
task_20210418_UPS/20210418-110505_(6.0).jpg,561.6,616.0256,1028.352,857.0176,MESCHA,1920,1088
task_20210615_Lab/2021-06-15-13-40-38.jpg,1123.008,352.728,1790.784,707.832,MESCHA,1920,1080
task_20211204_Orlu/2021-12-23-15-37-52.jpg,734.784,493.236,1355.52,718.848,MESCHA,1920,1080
task_20210227/20210227-175406_(6.0).jpg,856.704,617.3312,1406.784,1076.576,MESCHA,1920,1088
task_2021_11_03-04_cescau4/2021-11-03-15-14-56.jpg,1586.304,461.052,1918.656,971.028,SITTOR,1920,1080
task_2021-03-01_09/20210301-090622_(8.0).jpg,721.728,439.7696,1136.64,661.7216,VEREUR,1920,1088
task_20210616_Lab/2021-06-16-09-21-36.jpg,1225.536,169.884,1522.56,460.62,MESCHA,1920,1080
task_06-01-2021/2021-01-06-12-00-44.jpg,756.48,679.1296,1306.368,1037.952,MESCHA,1920,1088
task_20210611_Lab/2021-06-11-14-22-18.jpg,1176.384,283.824,1815.744,775.224,MESCHA,1920,1080
task_20210612_1_Lab/2021-06-12-05-16-17.jpg,1103.808,233.172,1586.304,725.22,MESCHA,1920,1080
task_20210623_balacet/2021-06-23-11-09-19.jpg,1161.6,227.34,1848.576,705.888,MESCHA,1920,1080
task_20210227/20210227-162250_(6.0).jpg,798.912,478.3936,1155.84,779.4432,MESCHA,1920,1088
task_2021_11_03-04_cescau4/2021-11-03-15-18-29.jpg,769.152,384.372,1169.28,932.904,MESCHA,1920,1080
task_2021-03-01_14/20210301-145824_(16.0).jpg,521.088,422.4704,1090.368,717.6448,MESCHA,1920,1088
task_20210615_Lab/2021-06-15-09-06-13.jpg,1263.936,619.056,1911.168,1080.0,MESCHA,1920,1080
task_2021_11_03-04_cescau4/2021-11-04-07-21-10.jpg,734.208,574.452,1059.648,1068.336,MESNOI,1920,1080
task_2021_11_03-04_cescau4/2021-11-03-12-45-41.jpg,593.28,538.272,1246.08,915.192,MESNON,1920,1080
task_20210616_Lab/2021-06-16-18-01-42.jpg,838.848,516.456,1588.8,1078.272,MESCHA,1920,1080
task_20210228/20210228-141248_(9.0).jpg,221.952,343.3728,872.256,872.032,MESCHA,1920,1088
task_2021_11_03-04_cescau4/2021-11-03-15-40-37.jpg,1392.384,435.348,1612.224,688.608,MESNOI,1920,1080
task_20210623_balacet/2021-06-23-15-52-13.jpg,914.688,321.948,1663.296,771.552,MESCHA,1920,1080
task_19-01-2021/2021-01-19-13-32-32.jpg,910.848,94.4384,1285.248,391.5712,MESCHA,1920,1088
task_20211204_Orlu/2021-12-23-14-52-31.jpg,955.776,530.928,1194.048,750.06,SITTOR,1920,1080
task_05-01-2021/2021-01-05-16-32-02.jpg,1152.384,453.696,1654.08,994.7584,SITTOR,1920,1088
task_2021-03-01_10/20210301-100248_(9.0).jpg,1063.296,360.672,1352.64,794.8928,VEREUR,1920,1088
task_19-01-2021/2021-01-19-11-18-20.jpg,854.016,240.448,1321.152,616.7872,MESNON,1920,1088
task_2021-03-01_18/20210301-182558_(8.0).jpg,663.936,466.8608,866.496,725.3696,MESCHA,1920,1088
task_20210523_UPS/20210523-181835_(13.0).jpg,882.24,390.2656,1403.904,1084.6272,PIEBAV,1920,1088
task_2021_11_03-04_cescau4/2021-11-03-16-26-18.jpg,947.712,456.516,1527.744,757.512,MESCHA,1920,1080
task_2021-03-01_10/20210301-103205_(7.0).jpg,686.976,360.672,1192.512,702.1952,PINARB,1920,1088
task_20210420/20210420-100706_(29.0).jpg,984.768,0.0,1487.424,1086.5856,PIEBAV,1920,1088
task_20210612_1_Lab/2021-06-12-06-01-09.jpg,470.784,240.84,1127.04,621.0,MESCHA,1920,1080
task_2021_11_03-04_cescau4/2021-11-03-14-51-11.jpg,854.784,458.568,1262.208,673.92,MESNON,1920,1080
task_2021_11_03-04_cescau4/2021-11-04-07-46-31.jpg,1483.008,481.356,1920.0,761.292,MESNON,1920,1080
task_20211204_Orlu/2021-12-23-16-10-43.jpg,877.44,491.4,1168.512,725.436,MESBLE,1920,1080
task_05-01-2021/2021-01-05-16-47-12.jpg,1130.88,397.3376,1916.16,866.2656,MESCHA,1920,1088
task_2021-03-01_14/20210301-145852_(9.0).jpg,648.384,466.8608,887.616,848.8576,MESCHA,1920,1088
task_20210616_Lab/2021-06-16-04-39-50.jpg,986.496,692.604,1438.656,1080.0,MESCHA,1920,1080
task_2021-03-01_12/20210301-120253_(7.0).jpg,335.808,443.6864,878.016,721.5616,MESCHA,1920,1088
task_20210612_1_Lab/2021-06-12-06-09-19.jpg,1072.896,345.06,1395.264,777.276,MESCHA,1920,1080
task_21-01-2021/2021-01-21-14-20-56.jpg,0.0,148.4032,611.712,765.952,MESCHA,1920,1088
task_20210611_Lab/2021-06-11-14-03-23.jpg,350.976,147.312,905.088,627.264,MESCHA,1920,1080
task_2021-03-01_14/20210301-141935_(12.0).jpg,1051.776,393.5296,1399.104,785.2096,MESCHA,1920,1088
task_2021-03-01_14/20210301-141018_(12.0).jpg,187.2,472.6272,949.44,918.3808,MESCHA,1920,1088
task_20210612_1_Lab/2021-06-12-06-37-42.jpg,773.76,200.34,1325.76,445.392,MESCHA,1920,1080
task_19-01-2021/2021-01-19-11-02-05.jpg,0.0,192.7936,746.88,596.1152,MESCHA,1920,1088
task_2021_11_03-04_cescau4/2021-11-04-07-37-18.jpg,681.024,824.256,1105.152,1080.0,MESCHA,1920,1080
task_2021_11_03-04_cescau4/2021-11-03-13-33-18.jpg,1516.608,483.948,1784.64,823.932,MESCHA,1920,1080
task_19-01-2021/2021-01-19-12-07-48.jpg,440.064,69.3056,706.368,391.5712,MESCHA,1920,1088
task_20211204_Orlu/2021-12-24-09-13-58.jpg,588.864,458.352,1040.832,758.268,MESCHA,1920,1080
task_20210615_Lab/2021-06-15-10-00-35.jpg,893.376,213.84,1271.616,617.112,MESCHA,1920,1080
task_20211204_Orlu/2021-12-23-14-58-44.jpg,1092.48,417.744,1714.56,793.044,MESCHA,1920,1080
task_2021-03-01_11/20210301-115315_(7.0).jpg,1134.72,675.2128,1644.096,1088.0,MESCHA,1920,1088
task_20210611_Lab/2021-06-11-13-56-48.jpg,1060.608,638.604,1690.56,1080.0,MESCHA,1920,1080
task_19-01-2021/2021-01-19-11-14-51.jpg,1566.912,119.4624,1916.16,544.0,MESNON,1920,1088
task_2021-03-01_17/20210301-172238_(17.0).jpg,762.24,464.9024,1103.808,625.056,MESCHA,1920,1088
task_2021-03-01_11/20210301-112900_(10.0).jpg,735.168,457.1776,916.608,646.272,MESBLE,1920,1088
task_2021-03-01_14/20210301-141012_(11.0).jpg,468.864,499.6096,717.888,1039.9104,MESCHA,1920,1088
task_2021_11_03-04_cescau4/2021-11-03-11-03-28.jpg,1188.096,442.584,1546.368,656.424,MESNOI,1920,1080
task_20210418_UPS/20210418-134226_(11.0).jpg,813.888,600.9024,1383.168,887.3728,MESCHA,1920,1088
task_20210217/20210217-125839_01(12.0).jpg,0.0,0.648,556.224,394.848,MESBLE,1920,1080
task_20210228/20210228-133739_(11.0).jpg,694.656,380.0384,1072.896,613.5232,MESCHA,1920,1088
task_2021_11_03-04_cescau4/2021-11-03-12-02-45.jpg,1174.464,474.12,1676.928,722.088,MESCHA,1920,1080
task_05-01-2021/2021-01-05-17-16-31.jpg,0.0,432.1536,414.912,785.2096,MESNON,1920,1088
task_05-01-2021/2021-01-05-16-53-16.jpg,1360.32,551.7248,1920.0,1047.6352,MESNON,1920,1088
task_20210228/20210228-161101_(10.0).jpg,582.72,530.5088,1009.152,829.6,MESBLE,1920,1088
task_2021_11_03-04_cescau4/2021-11-03-14-35-33.jpg,1520.064,424.98,1826.304,726.192,MESCHA,1920,1080
task_05-01-2021/2021-01-05-17-40-41.jpg,536.448,250.6752,1240.704,740.8192,ROUGOR,1920,1088
task_20211204_Orlu/2021-12-23-14-09-42.jpg,602.688,262.224,1398.912,1080.0,SITTOR,1920,1080
task_2021-03-01_17/20210301-174053_(9.0).jpg,905.088,486.1184,1142.4,646.272,MESCHA,1920,1088
task_2021-03-01_13/20210301-135404_(13.0).jpg,629.184,517.0176,1105.728,794.8928,VEREUR,1920,1088
task_2021_11_03-04_cescau4/2021-11-04-07-13-34.jpg,1728.192,619.704,1920.0,986.04,MESNOI,1920,1080
task_21-01-2021/2021-01-21-12-54-01.jpg,887.616,407.0208,1605.504,833.408,MESCHA,1920,1088
task_20210526_UPS/20210526-150115_(25.0).jpg,908.736,386.4576,1768.32,1084.6272,PIEBAV,1920,1088
task_2021-03-01_07/20210301-075123_(7.0).jpg,1124.928,476.4352,1655.616,1088.0,VEREUR,1920,1088
task_18-01-2021/2021-01-18-13-15-33.jpg,5.76,378.08,602.112,873.9904,MESNON,1920,1088
task_20210624_balacet/2021-06-24-08-24-36.jpg,1140.48,343.116,1804.224,952.884,MESCHA,1920,1080
task_20210615_Lab/2021-06-15-13-54-42.jpg,1119.168,163.62,1669.248,485.892,MESCHA,1920,1080
task_2021_11_03-04_cescau4/2021-11-03-11-02-07.jpg,1103.04,474.336,1718.784,781.272,MESCHA,1920,1080
task_20210417_UPS/20210417-184341_(14.0).jpg,712.704,730.8096,1826.496,1085.1712,PIEBAV,1920,1088
task_20211204_Orlu/2021-12-23-13-33-23.jpg,977.472,442.26,1569.6,715.824,MESCHA,1920,1080
task_19-01-2021/2021-01-19-11-36-38.jpg,698.496,194.752,1128.96,549.7664,MESCHA,1920,1088
task_2021_11_03-04_cescau4/2021-11-03-15-14-31.jpg,1338.432,468.72,1635.264,672.408,MESNON,1920,1080
task_18-01-2021/2021-01-18-14-32-07.jpg,683.136,391.5712,1030.464,704.1536,MESCHA,1920,1088
task_05-01-2021/2021-01-05-16-44-08.jpg,0.0,338.2592,331.584,906.7392,MESCHA,1920,1088
task_20210616_Lab/2021-06-16-04-46-58.jpg,1002.432,273.78,1485.504,596.592,MESCHA,1920,1080
task_20210611_Lab/2021-06-11-14-47-34.jpg,609.024,720.252,1574.784,1080.0,MESCHA,1920,1080
task_20210227/20210227-141404_(8.0).jpg,993.792,804.4672,1858.368,1088.0,MESCHA,1920,1088
task_2021-03-01_14/20210301-141813_(13.0).jpg,758.4,509.2928,1090.368,819.9168,MESCHA,1920,1088
task_20210705-07_balacet/2021-07-07-07-33-20.jpg,218.688,355.644,1002.24,787.644,SITTOR,1920,1080
task_2021-03-01_17/20210301-172803_(8.0).jpg,515.328,574.8992,714.048,893.248,MESBLE,1920,1088
task_20211204_Orlu/2021-12-23-14-11-31.jpg,766.464,436.428,1094.016,795.096,MESCHA,1920,1080
task_2021-03-01_13/20210301-134646_(10.0).jpg,735.168,410.8288,980.352,773.6768,VEREUR,1920,1088
task_20210611_Lab/2021-06-11-17-14-57.jpg,462.912,220.428,969.216,456.84,MESCHA,1920,1080
task_05-01-2021/2021-01-05-17-21-16.jpg,353.28,343.264,986.112,750.5024,MESCHA,1920,1088
task_20210217/20210217-174346_02(12.0).jpg,0.0,0.0,1569.024,758.16,TOUTUR,1920,1080
task_20210624_balacet/2021-06-24-13-31-32.jpg,1144.32,356.616,1564.992,950.94,MESCHA,1920,1080
task_2021-03-01_08/20210301-082049_(7.0).jpg,119.616,435.9616,812.352,966.5792,MESCHA,1920,1088
task_20210623_balacet/2021-06-23-10-27-22.jpg,312.0,307.584,771.264,967.572,MESCHA,1920,1080
task_06-01-2021/2021-01-06-10-57-41.jpg,0.0,684.896,144.768,1039.9104,MESNON,1920,1088
task_20210611_Lab/2021-06-11-16-21-05.jpg,1276.8,198.288,1819.392,682.128,MESCHA,1920,1080
task_20210615_Lab/2021-06-15-11-04-43.jpg,1011.264,812.052,1462.656,1080.0,MESCHA,1920,1080
task_2021-03-01_10/20210301-104241_(13.0).jpg,968.64,401.2544,1242.816,671.4048,MESCHA,1920,1088
task_2021-03-01_14/20210301-141949_(15.0).jpg,1041.984,437.92,1242.816,628.864,MESCHA,1920,1088
task_2021-03-01_14/20210301-140641_(13.0).jpg,1013.184,599.9232,1522.56,1084.3008,MESCHA,1920,1088
task_20210705-07_balacet/2021-07-07-08-25-35.jpg,1195.2,325.188,1449.216,782.244,ROUGOR,1920,1080
task_2021_11_03-04_cescau4/2021-11-04-06-55-30.jpg,1242.624,478.008,1670.976,673.056,MESNON,1920,1080
task_20210611_Lab/2021-06-11-14-09-05.jpg,821.568,262.98,1352.832,526.716,MESCHA,1920,1080
task_2021-03-01_15/20210301-153437_(7.0).jpg,686.976,455.2192,991.872,627.0144,MESCHA,1920,1088
task_21-01-2021/2021-01-21-14-02-26.jpg,688.896,553.6832,1327.68,1088.0,MESCHA,1920,1088
task_20210612_1_Lab/2021-06-12-05-27-29.jpg,820.224,308.448,1487.808,675.0,MESCHA,1920,1080
task_20210611_Lab/2021-06-11-17-19-52.jpg,749.952,239.436,1274.112,375.624,MESCHA,1920,1080
task_20211204_Orlu/2021-12-24-10-17-02.jpg,495.552,544.212,781.632,1080.0,MESCHA,1920,1080
task_20210526_UPS/20210526-085550_(19.0).jpg,643.2,386.4576,1415.424,1088.0,PIEBAV,1920,1088
task_2021_11_03-04_cescau4/2021-11-03-11-50-02.jpg,867.84,4.104,1918.08,1078.704,MESCHA,1920,1080
task_20211204_Orlu/2021-12-23-13-49-01.jpg,731.328,527.796,1017.984,830.628,SITTOR,1920,1080
task_20210418_UPS/20210418-114328_(6.0).jpg,791.232,631.2576,1316.736,870.2912,MESCHA,1920,1088
task_20210615_Lab/2021-06-15-10-40-30.jpg,1217.472,244.944,1504.896,872.1,MESCHA,1920,1080
task_05-01-2021/2021-01-05-16-20-00.jpg,1165.44,642.3552,1920.0,1088.0,SITTOR,1920,1088
task_05-01-2021/2021-01-05-17-16-03.jpg,1298.688,368.3968,1717.44,603.84,MESBLE,1920,1088
task_18-01-2021/2021-01-18-13-22-18.jpg,0.0,424.32,800.832,1088.0,MESNON,1920,1088
task_20210417_UPS/20210417-144928_(7.0).jpg,546.048,534.3168,1084.416,1020.6528,MESCHA,1920,1088
task_2021-03-01_14/20210301-142509_(13.0).jpg,862.656,773.6768,1485.888,1088.0,MESCHA,1920,1088
task_2021_11_03-04_cescau4/2021-11-04-07-26-08.jpg,1057.92,479.304,1776.576,786.456,SITTOR,1920,1080
task_2021-03-01_08/20210301-085400_(13.0).jpg,1296.768,366.4384,1817.856,1063.0848,MESCHA,1920,1088
task_20210227/20210227-173540_(5.0).jpg,934.08,517.0176,1323.84,771.7184,VEREUR,1920,1088
task_20210615_Lab/2021-06-15-16-09-59.jpg,1324.032,261.252,1583.424,752.112,MESCHA,1920,1080
task_2021_11_03-04_cescau4/2021-11-04-08-10-43.jpg,1511.424,523.044,1852.992,736.344,MESCHA,1920,1080
task_05-01-2021/2021-01-05-17-22-41.jpg,0.0,343.264,650.304,789.1264,MESCHA,1920,1088
task_20210623_balacet/2021-06-23-12-11-19.jpg,164.16,281.448,754.176,964.872,MESCHA,1920,1080
task_2021_11_03-04_cescau4/2021-11-03-15-40-49.jpg,1071.744,454.032,1500.288,678.348,MESNON,1920,1080
task_2021_11_03-04_cescau4/2021-11-04-06-46-38.jpg,553.536,457.056,990.528,825.012,MESCHA,1920,1080
task_18-01-2021/2021-01-18-13-28-58.jpg,277.824,345.2224,1088.448,756.2688,MESCHA,1920,1088
task_20211204_Orlu/2021-12-23-13-55-45.jpg,1198.464,994.14,1403.712,1080.0,MESBLE,1920,1080
task_20210615_Lab/2021-06-15-10-00-59.jpg,1011.264,244.728,1480.128,455.004,MESCHA,1920,1080
task_20210415_UPS/20210415-094031_(9.0).jpg,6.912,498.848,426.048,1088.0,MESCHA,1920,1088
task_20211204_Orlu/2021-12-24-08-30-46.jpg,995.52,506.628,1320.384,703.08,MESCHA,1920,1080
task_2021-03-01_14/20210301-142714_(5.0).jpg,1007.232,399.296,1223.424,709.92,VEREUR,1920,1088
task_20210615_Lab/2021-06-15-08-33-18.jpg,1339.2,291.06,1711.68,873.828,MESCHA,1920,1080
task_19-01-2021/2021-01-19-11-45-18.jpg,189.12,117.504,878.016,486.1184,MESCHA,1920,1088
task_21-01-2021/2021-01-21-13-42-34.jpg,3.84,314.432,611.712,727.328,MESBLE,1920,1088
task_2021_11_03-04_cescau4/2021-11-03-13-00-34.jpg,761.664,483.084,1127.424,701.352,MESNON,1920,1080
task_2021-03-01_09/20210301-095007_(22.0).jpg,179.52,246.8672,945.6,744.736,MESCHA,1920,1088
task_2021-03-01_17/20210301-173555_(8.0).jpg,810.432,320.1984,1057.536,700.3456,VEREUR,1920,1088
task_20210415_UPS/20210415-095348_(8.0).jpg,600.192,661.7216,1084.416,943.4048,MESCHA,1920,1088
task_20210612_1_Lab/2021-06-12-06-11-45.jpg,702.336,227.34,1136.64,497.448,MESCHA,1920,1080
task_20210611_Lab/2021-06-11-15-09-09.jpg,1172.544,238.356,1720.896,642.492,MESCHA,1920,1080
task_20210526_UPS/20210526-133933_(33.0).jpg,755.136,39.2768,1918.08,1086.5856,PIEBAV,1920,1088
task_2021-03-01_09/20210301-091603_(23.0).jpg,447.744,231.4176,1136.64,1088.0,TOUTUR,1920,1088
task_20210615_Lab/2021-06-15-13-32-47.jpg,1487.808,221.508,1707.84,532.224,MESCHA,1920,1080
task_2021-03-01_12/20210301-122359_(9.0).jpg,1124.928,630.8224,1916.16,1088.0,MESCHA,1920,1088
task_20210616_Lab/2021-06-16-06-44-54.jpg,1312.128,282.312,1920.0,732.888,MESCHA,1920,1080
task_20210624_balacet/2021-06-24-11-41-04.jpg,936.0,372.06,1694.208,688.5,ACCMOU,1920,1080
task_2021_11_03-04_cescau4/2021-11-03-13-25-18.jpg,1312.704,462.132,1675.776,846.072,MESCHA,1920,1080
task_20210525_UPS/20210525-190214_(29.0).jpg,700.032,406.912,1920.0,1088.0,PIEBAV,1920,1088
task_20210228/20210228-141745_(7.0).jpg,949.44,358.7136,1356.672,775.5264,VEREUR,1920,1088
task_21-01-2021/2021-01-21-11-53-17.jpg,512.064,255.7888,874.944,593.8304,MESCHA,1920,1088
task_19-01-2021/2021-01-19-11-34-32.jpg,30.912,100.2048,775.68,625.056,MESNON,1920,1088
task_20211204_Orlu/2021-12-24-08-09-40.jpg,508.416,476.712,1069.44,718.74,MESCHA,1920,1080
task_20211204_Orlu/2021-12-24-11-00-48.jpg,767.04,541.836,1192.128,760.536,MESCHA,1920,1080
task_20210623_balacet/2021-06-23-11-35-53.jpg,739.008,310.284,1291.008,619.056,MESCHA,1920,1080
task_20210624_balacet/2021-06-24-05-42-28.jpg,935.616,360.612,1217.088,814.104,MESCHA,1920,1080
task_20210615_Lab/2021-06-15-10-03-17.jpg,1159.68,211.896,1578.432,464.724,MESCHA,1920,1080
task_2021_11_03-04_cescau4/2021-11-03-14-49-33.jpg,1055.04,493.776,1658.496,678.564,MESCHA,1920,1080
task_20211204_Orlu/2021-12-24-10-50-02.jpg,1104.192,461.7,1301.376,705.348,MESCHA,1920,1080
task_20210611_Lab/2021-06-11-14-38-28.jpg,563.52,200.34,1134.528,454.572,MESCHA,1920,1080
task_06-01-2021/2021-01-06-11-49-01.jpg,1034.304,580.6656,1763.712,1003.2448,MESCHA,1920,1088
task_2021_11_03-04_cescau4/2021-11-04-07-57-05.jpg,912.384,489.888,1338.816,696.816,MESNOI,1920,1080
task_05-01-2021/2021-01-05-16-33-41.jpg,881.856,475.0208,1920.0,954.176,SITTOR,1920,1088
task_20210615_Lab/2021-06-15-09-22-25.jpg,1512.96,325.728,1788.864,754.164,MESCHA,1920,1080
task_20210217/20210217-130112_07(17.0).jpg,321.024,2.052,865.344,119.016,MESCHA,1920,1080
task_2021-03-01_14/20210301-142924_(6.0).jpg,937.92,343.3728,1258.176,692.6208,VEREUR,1920,1088
task_20210705-07_balacet/2021-07-05-10-55-35.jpg,1278.336,447.552,1522.56,818.316,MESNON,1920,1080
task_2021_11_03-04_cescau4/2021-11-04-07-50-03.jpg,672.768,395.604,1166.592,759.564,MESNON,1920,1080
task_20210624_balacet/2021-06-24-07-07-23.jpg,61.824,316.116,847.104,844.884,MESCHA,1920,1080
task_2021-03-01_14/20210301-144446_(19.0).jpg,804.672,416.704,1107.648,636.5888,MESCHA,1920,1088
task_18-01-2021/2021-01-18-13-28-56.jpg,0.0,443.6864,490.176,1088.0,MESCHA,1920,1088
task_05-01-2021/2021-01-05-17-27-21.jpg,868.416,501.568,1273.536,985.9456,ACCMOU,1920,1088
task_2021_11_03-04_cescau4/2021-11-03-12-57-56.jpg,934.08,532.656,1368.96,874.26,MESNON,1920,1080
task_20210418_UPS/20210418-115027_(10.0).jpg,940.992,646.3808,1637.376,948.0832,MESCHA,1920,1088
task_20210418_UPS/20210418-162112_(5.0).jpg,1204.8,1037.2992,1307.136,1086.5856,MESCHA,1920,1088
task_2021_11_03-04_cescau4/2021-11-03-12-42-09.jpg,1212.288,438.912,1585.536,692.172,MESCHA,1920,1080
task_20211204_Orlu/2021-12-24-09-02-29.jpg,866.304,494.532,1218.048,738.612,MESCHA,1920,1080
task_2021_11_03-04_cescau4/2021-11-04-07-40-00.jpg,1402.752,413.748,1920.0,884.088,MESCHA,1920,1080
task_2021-03-01_15/20210301-150308_(14.0).jpg,1453.056,214.0096,1918.08,655.9552,MESCHA,1920,1088
task_2021-03-01_16/20210301-164928_(10.0).jpg,617.472,449.4528,972.672,659.7632,MESBLE,1920,1088
task_2021-03-01_14/20210301-142423_(8.0).jpg,638.784,455.2192,993.792,653.9968,MESBLE,1920,1088
task_2021_11_03-04_cescau4/2021-11-04-07-27-09.jpg,1046.016,437.508,1361.28,834.84,PINARB,1920,1080
task_20210228/20210228-133329_(7.0).jpg,812.352,378.08,1337.28,627.0144,MESCHA,1920,1088
task_20210615_Lab/2021-06-15-15-47-48.jpg,887.616,155.952,1460.736,485.892,MESCHA,1920,1080
task_21-01-2021/2021-01-21-14-20-50.jpg,631.104,225.6512,1217.664,680.9792,MESCHA,1920,1088
task_20211204_Orlu/2021-12-23-15-32-00.jpg,936.576,235.332,1230.912,697.68,MESCHA,1920,1080
task_05-01-2021/2021-01-05-15-59-46.jpg,1256.256,484.16,1920.0,1080.2752,SITTOR,1920,1088
task_05-01-2021/2021-01-05-16-44-32.jpg,772.224,454.1312,1278.144,1088.0,MESCHA,1920,1088
task_20210611_Lab/2021-06-11-16-50-05.jpg,539.52,280.26,947.904,552.636,MESCHA,1920,1080
task_05-01-2021/2021-01-05-17-26-33.jpg,791.232,476.544,1551.552,908.6976,ACCMOU,1920,1088
task_2021-03-01_17/20210301-170218_(7.0).jpg,731.328,466.8608,959.04,729.2864,VEREUR,1920,1088
task_2021-03-01_07/20210301-074853_(36.0).jpg,247.104,410.8288,812.352,891.2896,VEREUR,1920,1088
task_20211204_Orlu/2021-12-23-14-46-12.jpg,769.152,533.088,1042.944,746.604,SITTOR,1920,1080
task_2021_11_03-04_cescau4/2021-11-04-08-12-49.jpg,1080.192,497.448,1316.544,696.708,MESNOI,1920,1080
task_2021_11_03-04_cescau4/2021-11-03-16-11-11.jpg,1182.528,493.344,1604.352,659.34,MESNON,1920,1080
task_20210612_1_Lab/2021-06-12-06-08-34.jpg,712.128,217.728,1184.832,482.112,MESCHA,1920,1080
task_19-01-2021/2021-01-19-11-20-42.jpg,376.32,38.4064,781.632,493.8432,MESNON,1920,1088
task_20210414/20210414-110620_(5.0).jpg,569.28,802.6176,1165.632,1088.0,MESCHA,1920,1088
task_20210615_Lab/2021-06-15-11-07-06.jpg,1085.184,166.212,1380.48,436.32,MESCHA,1920,1080
task_20210705-07_balacet/2021-07-06-11-49-06.jpg,1291.584,449.172,1566.528,813.24,MESNON,1920,1080
task_18-01-2021/2021-01-18-13-53-21.jpg,486.336,395.3792,1041.984,899.0144,MESNON,1920,1088
task_20210612_1_Lab/2021-06-12-06-30-40.jpg,463.68,242.244,1096.128,555.876,MESCHA,1920,1080
task_21-01-2021/2021-01-21-12-43-45.jpg,903.168,381.888,1470.336,833.408,MESCHA,1920,1088
task_21-01-2021/2021-01-21-14-02-24.jpg,492.096,183.1104,814.272,648.2304,MESCHA,1920,1088
task_2021_11_03-04_cescau4/2021-11-03-12-26-47.jpg,1019.712,463.752,1616.064,658.692,MESCHA,1920,1080
task_2021_11_03-04_cescau4/2021-11-04-07-17-45.jpg,743.616,378.216,1248.576,708.156,PINARB,1920,1080
task_2021_11_03-04_cescau4/2021-11-04-07-26-13.jpg,1544.256,876.528,1905.216,1080.0,MESNON,1920,1080
task_05-01-2021/2021-01-05-16-32-16.jpg,102.336,410.9376,532.608,854.7328,SITTOR,1920,1088
task_20210417_UPS/20210417-133825_(16.0).jpg,1130.304,881.3888,1639.68,1087.456,MESBLE,1920,1088
task_05-01-2021/2021-01-05-17-06-31.jpg,1121.28,555.6416,1211.904,679.1296,MESCHA,1920,1088
task_20210615_Lab/2021-06-15-09-02-23.jpg,1476.288,252.396,1833.216,715.5,MESCHA,1920,1080
task_20210526_UPS/20210526-181436_(38.0).jpg,170.688,223.6928,1920.0,910.5472,PIEBAV,1920,1088
task_20211204_Orlu/2021-12-23-13-32-45.jpg,949.632,542.16,1776.96,1035.612,SITTOR,1920,1080
task_20210624_balacet/2021-06-24-14-26-19.jpg,212.352,308.448,1065.216,821.664,ACCMOU,1920,1080
task_05-01-2021/2021-01-05-16-57-16.jpg,463.104,352.9472,1256.256,806.4256,MESCHA,1920,1088
task_20211204_Orlu/2021-12-24-09-47-23.jpg,1383.936,622.836,1626.624,825.444,MESBLE,1920,1080
task_2021_11_03-04_cescau4/2021-11-03-15-12-31.jpg,1521.792,462.564,1918.464,852.768,MESCHA,1920,1080
task_20210417_UPS/20210417-113628_(7.0).jpg,712.128,661.7216,980.352,1086.2592,MESCHA,1920,1088
task_20210624_balacet/2021-06-24-08-29-07.jpg,1105.728,296.784,1420.224,721.332,MESCHA,1920,1080
task_20210217/20210217-161059_01(14.0).jpg,1102.464,405.972,1659.456,852.552,MESCHA,1920,1080
task_20210227/20210227-172204_(6.0).jpg,611.712,341.4144,1215.744,765.952,TOUTUR,1920,1088
task_20210705-07_balacet/2021-07-07-08-39-20.jpg,1333.44,368.388,1743.744,886.68,MESBLE,1920,1080
task_2021_11_03-04_cescau4/2021-11-03-16-00-16.jpg,1457.28,427.356,1705.536,692.388,MESCHA,1920,1080
task_20210418_UPS/20210418-172231_(7.0).jpg,779.712,735.5968,1857.408,1086.5856,PIEBAV,1920,1088
task_2021-03-01_13/20210301-135640_(8.0).jpg,714.048,434.0032,1015.104,686.7456,VEREUR,1920,1088
task_20210413_UPS/20210413-165210_(6.0).jpg,907.008,727.328,1289.088,964.6208,MESCHA,1920,1088
task_19-01-2021/2021-01-19-11-20-25.jpg,137.088,36.5568,989.952,513.1008,MESCHA,1920,1088
task_20211204_Orlu/2021-12-24-09-57-28.jpg,656.64,455.652,1204.416,734.076,MESCHA,1920,1080
task_19-01-2021/2021-01-19-10-53-04.jpg,1.92,194.752,627.264,655.9552,MESNON,1920,1088
task_19-01-2021/2021-01-19-10-41-50.jpg,827.904,134.912,1231.104,750.5024,MESCHA,1920,1088
task_20210611_Lab/2021-06-11-16-50-48.jpg,687.936,262.656,1126.656,499.716,MESCHA,1920,1080
task_18-01-2021/2021-01-18-14-04-23.jpg,142.848,542.0416,1315.968,1051.552,MESCHA,1920,1088
task_20210616_Lab/2021-06-16-05-38-36.jpg,886.656,235.656,1350.72,472.068,MESCHA,1920,1080
task_2021_11_03-04_cescau4/2021-11-03-13-28-37.jpg,825.6,403.38,1344.576,837.324,MESCHA,1920,1080
task_20211204_Orlu/2021-12-24-08-45-00.jpg,989.568,488.268,1476.288,759.132,MESNON,1920,1080
task_2021_11_03-04_cescau4/2021-11-04-07-13-34.jpg,1355.328,483.84,1677.504,658.908,MESNON,1920,1080
task_2021_11_03-04_cescau4/2021-11-03-12-28-22.jpg,1385.664,426.924,1920.0,851.364,MESCHA,1920,1080
task_20210526_UPS/20210526-091158_(52.0).jpg,819.648,293.5424,1916.16,955.6992,PIEBAV,1920,1088
task_20210615_Lab/2021-06-15-10-37-40.jpg,1435.2,272.592,1666.944,658.476,MESCHA,1920,1080
task_20210525_UPS/20210525-154253_(31.0).jpg,1.92,403.104,997.632,1086.2592,PIEBAV,1920,1088
task_21-01-2021/2021-01-21-13-14-20.jpg,492.096,227.5008,1260.096,625.056,MESCHA,1920,1088
task_2021_11_03-04_cescau4/2021-11-03-11-26-52.jpg,1195.008,469.368,1537.92,630.504,MESNOI,1920,1080
task_2021-03-01_13/20210301-134637_(10.0).jpg,700.416,407.0208,1063.296,773.6768,VEREUR,1920,1088
task_2021-03-01_17/20210301-170200_(5.0).jpg,764.16,418.5536,1057.536,669.4464,VEREUR,1920,1088
task_2021-03-01_12/20210301-121629_(8.0).jpg,362.88,424.32,727.488,1051.552,MESCHA,1920,1088
task_20211204_Orlu/2021-12-24-08-00-54.jpg,1144.512,502.848,1333.248,673.704,MESBLE,1920,1080
task_05-01-2021/2021-01-05-17-02-08.jpg,1296.768,364.48,1918.08,1020.6528,MESCHA,1920,1088
task_06-01-2021/2021-01-06-12-08-12.jpg,173.76,584.5824,1003.392,1088.0,MESCHA,1920,1088
task_05-01-2021/2021-01-05-17-03-42.jpg,468.864,460.9856,1593.984,1076.3584,SITTOR,1920,1088
task_18-01-2021/2021-01-18-13-27-28.jpg,168.0,235.2256,1009.152,841.1328,MESCHA,1920,1088
task_20210205/20210205-122552_05(11.0).jpg,648.96,460.296,1588.032,835.92,VEREUR,1920,1080
task_20210612_1_Lab/2021-06-12-07-07-27.jpg,1078.656,258.228,1356.672,615.168,MESCHA,1920,1080
task_20210615_Lab/2021-06-15-16-14-26.jpg,726.144,468.936,1488.0,1080.0,MESCHA,1920,1080
task_05-01-2021/2021-01-05-17-34-21.jpg,5.76,447.4944,704.256,904.7808,ACCMOU,1920,1088
task_2021_11_03-04_cescau4/2021-11-03-12-23-00.jpg,686.592,538.056,963.84,855.36,MESNOI,1920,1080
task_20210612_1_Lab/2021-06-12-06-22-42.jpg,685.056,223.452,1260.096,478.224,MESCHA,1920,1080
task_2021-03-01_09/20210301-091549_(12.0).jpg,515.328,227.5008,1916.16,789.0176,TOUTUR,1920,1088
task_2021_11_03-04_cescau4/2021-11-04-06-49-45.jpg,844.032,470.124,1239.744,741.744,MESNON,1920,1080
task_06-01-2021/2021-01-06-11-49-23.jpg,254.784,657.9136,783.552,970.496,MESCHA,1920,1088
task_21-01-2021/2021-01-21-14-08-32.jpg,260.544,627.0144,1348.8,1088.0,MESBLE,1920,1088
task_20210611_Lab/2021-06-11-15-53-28.jpg,521.856,262.98,1326.144,686.124,MESCHA,1920,1080
task_2021_11_03-04_cescau4/2021-11-04-07-04-17.jpg,1157.184,416.232,1402.176,710.208,PINARB,1920,1080
task_20210227/20210227-130453_(7.0).jpg,575.04,188.9856,989.952,636.5888,MESBLE,1920,1088
task_20210217/20210217-154028_01(16.0).jpg,1251.264,688.824,1695.744,1080.0,MESCHA,1920,1080
task_21-01-2021/2021-01-21-12-51-28.jpg,910.848,345.2224,1291.008,783.2512,MESCHA,1920,1088
task_2021_11_03-04_cescau4/2021-11-04-06-52-20.jpg,640.32,511.812,1018.368,1080.0,MESCHA,1920,1080
task_20210705-07_balacet/2021-07-07-07-41-40.jpg,556.992,417.852,1167.552,743.472,SITTOR,1920,1080
task_2021_11_03-04_cescau4/2021-11-04-08-02-59.jpg,516.672,477.252,1028.928,898.344,MESCHA,1920,1080
task_20210611_Lab/2021-06-11-14-27-09.jpg,275.136,352.188,794.88,625.32,MESBLE,1920,1080
task_20210615_Lab/2021-06-15-16-07-29.jpg,804.672,157.896,1385.472,503.28,MESCHA,1920,1080
task_20210615_Lab/2021-06-15-13-37-17.jpg,1373.952,208.008,1539.84,516.78,MESCHA,1920,1080
task_2021_11_03-04_cescau4/2021-11-03-15-40-49.jpg,1445.76,491.184,1892.352,1080.0,MESCHA,1920,1080
task_20210612_1_Lab/2021-06-12-05-03-36.jpg,1217.664,493.668,1721.28,1080.0,MESCHA,1920,1080
task_2021_11_03-04_cescau4/2021-11-03-12-26-19.jpg,898.56,473.256,1302.144,673.812,MESNOI,1920,1080
task_20210612_1_Lab/2021-06-12-06-31-11.jpg,511.296,196.452,1136.64,538.056,MESCHA,1920,1080
task_21-01-2021/2021-01-21-12-50-59.jpg,943.68,105.9712,1474.368,765.952,MESCHA,1920,1088
task_2021-03-01_17/20210301-175547_(7.0).jpg,474.816,451.4112,1015.104,794.8928,MESCHA,1920,1088
task_2021_11_03-04_cescau4/2021-11-03-14-53-04.jpg,1220.16,403.272,1683.456,664.092,MESCHA,1920,1080
task_2021-03-01_08/20210301-081313_(9.0).jpg,312.576,509.2928,934.08,781.4016,MESCHA,1920,1088
task_20210623_balacet/2021-06-23-12-03-34.jpg,926.208,399.06,1682.688,736.776,MESCHA,1920,1080
task_20210523_UPS/20210523-181842_(16.0).jpg,582.528,392.224,1690.56,1088.0,PIEBAV,1920,1088
task_20210418_UPS/20210418-145454_(69.0).jpg,681.216,674.8864,960.0,991.712,MESCHA,1920,1088
task_20211204_Orlu/2021-12-24-09-09-09.jpg,1111.296,485.136,1332.096,759.456,MESCHA,1920,1080
task_20210611_Lab/2021-06-11-15-54-54.jpg,675.456,274.32,931.584,790.452,MESCHA,1920,1080
task_20211204_Orlu/2021-12-24-08-06-58.jpg,637.824,436.752,1241.856,770.688,MESCHA,1920,1080
task_2021-03-01_14/20210301-143012_(6.0).jpg,955.2,360.672,1269.696,673.2544,VEREUR,1920,1088
task_2021_11_03-04_cescau4/2021-11-03-16-00-21.jpg,1340.736,482.328,1594.752,651.24,MESNON,1920,1080
task_18-01-2021/2021-01-18-13-34-37.jpg,499.776,408.9792,879.936,864.3072,MESNON,1920,1088
task_21-01-2021/2021-01-21-14-07-35.jpg,576.96,316.2816,953.28,594.1568,MESCHA,1920,1088
task_2021-03-01_17/20210301-174801_(7.0).jpg,231.552,432.0448,796.992,833.408,MESCHA,1920,1088
task_21-01-2021/2021-01-21-13-44-21.jpg,227.712,212.16,673.536,464.9024,MESBLE,1920,1088
task_20211204_Orlu/2021-12-24-10-29-50.jpg,1353.792,459.864,1920.0,986.904,MESCHA,1920,1080
task_05-01-2021/2021-01-05-17-27-06.jpg,756.48,432.1536,1308.288,912.6144,ACCMOU,1920,1088
task_20211204_Orlu/2021-12-24-08-45-57.jpg,1035.264,457.92,1327.68,718.74,MESCHA,1920,1080
task_2021_11_03-04_cescau4/2021-11-03-14-10-49.jpg,1379.328,485.244,1693.632,875.232,MESCHA,1920,1080
task_2021-03-01_09/20210301-092334_(28.0).jpg,0.0,46.1312,1607.424,922.1888,TOUTUR,1920,1088
task_20210616_Lab/2021-06-16-04-36-06.jpg,1186.56,531.036,1521.984,1059.048,MESCHA,1920,1080
task_2021_11_03-04_cescau4/2021-11-03-16-10-33.jpg,907.2,441.288,1378.752,686.34,MESNON,1920,1080
task_18-01-2021/2021-01-18-14-24-44.jpg,1418.304,387.6544,1860.288,1010.9696,MESBLE,1920,1088
task_20211204_Orlu/2021-12-23-15-22-54.jpg,803.904,435.564,1396.8,694.764,MESCHA,1920,1080
task_20210526_UPS/20210526-164700_(30.0).jpg,605.184,280.2688,1916.16,904.4544,PIEBAV,1920,1088
task_2021_11_03-04_cescau4/2021-11-04-07-37-36.jpg,982.464,439.668,1177.536,701.244,MESCHA,1920,1080
task_20210523_UPS/20210523-173429_(56.0).jpg,506.304,225.216,1493.184,1082.7776,PIEBAV,1920,1088
task_20210523_UPS/20210523-173745_(25.0).jpg,66.432,405.4976,1015.104,1088.0,PIEBAV,1920,1088
task_2021-03-01_14/20210301-145439_(5.0).jpg,1082.688,644.3136,1541.76,1088.0,MESCHA,1920,1088
task_20210616_Lab/2021-06-16-18-05-33.jpg,1442.88,267.948,1799.424,534.168,MESCHA,1920,1080
task_2021_11_03-04_cescau4/2021-11-04-08-26-10.jpg,1250.88,462.564,1684.032,810.0,PINARB,1920,1080
task_20211204_Orlu/2021-12-24-09-17-58.jpg,304.704,0.756,541.44,362.448,MESCHA,1920,1080
task_2021-03-01_14/20210301-144615_(8.0).jpg,822.144,420.512,1514.88,740.8192,MESCHA,1920,1088
task_2021-03-01_08/20210301-084704_(7.0).jpg,343.488,470.6688,737.088,1088.0,MESCHA,1920,1088
task_2021_11_03-04_cescau4/2021-11-03-12-19-35.jpg,867.264,437.184,1131.648,695.304,MESNON,1920,1080
task_05-01-2021/2021-01-05-17-33-49.jpg,1406.784,524.7424,1920.0,1005.2032,ACCMOU,1920,1088
task_19-01-2021/2021-01-19-11-40-28.jpg,438.144,146.5536,980.352,563.2576,MESCHA,1920,1088
task_20210418_UPS/20210418-110612_(5.0).jpg,770.304,576.2048,1335.744,855.0592,MESCHA,1920,1088
task_20210227/20210227-170348_(13.0).jpg,521.088,617.3312,854.784,908.6976,MESBLE,1920,1088
task_2021-03-01_11/20210301-114318_(8.0).jpg,277.824,466.8608,789.312,920.3392,MESCHA,1920,1088
task_20210217/20210217-174314_03(11.0).jpg,0.0,0.0,1553.856,602.64,TOUTUR,1920,1080
task_19-01-2021/2021-01-19-11-40-43.jpg,710.208,254.592,1412.544,729.2864,MESCHA,1920,1088
task_2021-03-01_17/20210301-170333_(6.0).jpg,959.04,445.536,1227.264,721.5616,MESCHA,1920,1088
task_2021_11_03-04_cescau4/2021-11-03-11-48-19.jpg,1011.456,516.996,1759.872,810.648,MESCHA,1920,1080
task_19-01-2021/2021-01-19-11-36-32.jpg,810.432,206.2848,1169.472,576.8576,MESCHA,1920,1088
task_2021_11_03-04_cescau4/2021-11-04-06-49-53.jpg,1330.56,463.428,1721.472,711.396,MESNOI,1920,1080
task_2021-03-01_09/20210301-090356_(11.0).jpg,272.064,389.6128,924.288,779.4432,VEREUR,1920,1088
task_20210624_balacet/2021-06-24-08-28-11.jpg,1138.56,296.784,1665.408,819.72,MESCHA,1920,1080
task_2021-03-01_18/20210301-184404_(6.0).jpg,652.224,430.1952,868.416,733.0944,MESBLE,1920,1088
task_2021_11_03-04_cescau4/2021-11-03-15-18-58.jpg,528.192,450.468,1040.064,998.46,MESCHA,1920,1080
task_20210417_UPS/20210417-175526_(14.0).jpg,526.848,526.592,1333.44,1088.0,PIEBAV,1920,1088
task_2021_11_03-04_cescau4/2021-11-04-07-33-02.jpg,1105.344,472.824,1575.168,689.472,MESNOI,1920,1080
task_20210523_UPS/20210523-173457_(27.0).jpg,3.84,310.624,1195.2,1082.7776,PIEBAV,1920,1088
task_2021_11_03-04_cescau4/2021-11-03-14-52-23.jpg,1188.096,477.468,1491.648,657.288,MESNON,1920,1080
task_21-01-2021/2021-01-21-12-01-04.jpg,5.76,32.64,1912.32,1086.1504,MESCHA,1920,1088
task_20210227/20210227-133233_(5.0).jpg,656.064,486.1184,1188.672,735.0528,PINARB,1920,1088
task_20210526_UPS/20210526-064055_(20.0).jpg,952.512,430.0864,1918.08,1088.0,PIEBAV,1920,1088
task_2021_11_03-04_cescau4/2021-11-04-07-10-19.jpg,1235.52,481.788,1614.72,659.34,MESHUP,1920,1080
task_20210417_UPS/20210417-082534_(7.0).jpg,818.304,605.7984,1188.672,1036.1024,MESCHA,1920,1088
task_20210616_Lab/2021-06-16-17-59-46.jpg,738.048,398.304,1427.712,693.576,MESCHA,1920,1080
task_21-01-2021/2021-01-21-12-07-45.jpg,0.0,242.9504,569.28,814.1504,MESCHA,1920,1088
task_06-01-2021/2021-01-06-12-09-21.jpg,1049.856,574.8992,1852.416,1014.8864,MESCHA,1920,1088
task_20211204_Orlu/2021-12-23-14-34-58.jpg,488.64,482.868,1099.584,800.388,MESCHA,1920,1080
task_20210205/20210205-125503_01(12.0).jpg,1561.536,623.484,1918.08,1080.0,MESCHA,1920,1080
task_2021_11_03-04_cescau4/2021-11-03-13-30-06.jpg,975.552,457.272,1411.2,699.084,MESCHA,1920,1080
task_20210615_Lab/2021-06-15-16-17-55.jpg,1034.304,200.34,1233.024,478.224,MESCHA,1920,1080
task_20210612_1_Lab/2021-06-12-06-31-21.jpg,318.336,283.284,895.296,607.5,MESCHA,1920,1080
task_18-01-2021/2021-01-18-13-27-20.jpg,131.328,368.3968,700.416,1084.192,MESNON,1920,1088
task_20210616_Lab/2021-06-16-18-27-50.jpg,866.688,29.592,1553.664,535.896,VEREUR,1920,1080
task_20210523_UPS/20210523-181912_(17.0).jpg,466.752,335.3216,1240.896,1088.0,PIEBAV,1920,1088
task_19-01-2021/2021-01-19-10-57-01.jpg,57.984,48.0896,885.696,592.1984,MESCHA,1920,1088
task_20210523_UPS/20210523-173817_(11.0).jpg,30.336,420.6208,1180.032,1088.0,PIEBAV,1920,1088
task_21-01-2021/2021-01-21-12-31-41.jpg,23.232,200.5184,594.432,721.5616,MESCHA,1920,1088
task_2021-03-01_16/20210301-160434_(14.0).jpg,495.936,366.4384,959.04,636.5888,MESCHA,1920,1088
task_20210217/20210217-174340_06(11.0).jpg,320.64,77.112,1293.888,638.604,TOUTUR,1920,1080
task_20210705-07_balacet/2021-07-06-10-20-06.jpg,1276.032,367.524,1838.784,755.136,MESBLE,1920,1080
task_20210612_1_Lab/2021-06-12-06-09-15.jpg,855.744,264.06,1315.584,494.1,MESCHA,1920,1080
task_05-01-2021/2021-01-05-16-07-19.jpg,0.0,432.9152,223.872,802.6176,MESCHA,1920,1088
task_05-01-2021/2021-01-05-15-58-14.jpg,885.696,603.84,1918.08,1088.0,SITTOR,1920,1088
task_2021-03-01_09/20210301-092133_(8.0).jpg,901.248,443.6864,1356.672,613.5232,MESCHA,1920,1088
task_2021-03-01_17/20210301-175718_(10.0).jpg,1049.856,625.056,1561.152,1088.0,MESCHA,1920,1088
task_20210705-07_balacet/2021-07-07-06-32-58.jpg,1067.712,352.62,1503.168,742.608,ACCMOU,1920,1080
task_2021_11_03-04_cescau4/2021-11-04-08-16-36.jpg,1079.424,489.996,1541.952,669.924,MESCHA,1920,1080
task_2021_11_03-04_cescau4/2021-11-03-11-55-51.jpg,1005.504,419.04,1261.44,686.016,MESCHA,1920,1080
task_2021-03-01_13/20210301-134951_(12.0).jpg,482.496,393.5296,1119.168,746.5856,VEREUR,1920,1088
task_20210615_Lab/2021-06-15-15-53-17.jpg,874.176,194.508,1215.744,547.668,MESCHA,1920,1080
task_2021_11_03-04_cescau4/2021-11-03-14-58-19.jpg,1276.608,465.48,1572.48,648.864,MESNON,1920,1080
task_05-01-2021/2021-01-05-17-17-27.jpg,667.776,439.7696,1756.032,929.9136,MESCHA,1920,1088
task_2021-03-01_16/20210301-165857_(8.0).jpg,756.48,497.6512,1360.512,744.736,VEREUR,1920,1088
task_20210526_UPS/20210526-091209_(20.0).jpg,823.488,339.0208,1918.08,1035.4496,PIEBAV,1920,1088
task_2021-03-01_17/20210301-175649_(5.0).jpg,391.872,437.92,714.048,955.0464,MESCHA,1920,1088
task_20210523_UPS/20210523-174620_(11.0).jpg,474.432,392.224,1199.04,1084.6272,PIEBAV,1920,1088
task_20210615_Lab/2021-06-15-09-28-13.jpg,1184.832,227.34,1599.744,499.392,MESCHA,1920,1080
task_20210616_Lab/2021-06-16-09-17-57.jpg,1033.152,822.096,1689.984,1079.892,MESCHA,1920,1080
task_20210523_UPS/20210523-173716_(48.0).jpg,882.24,460.4416,1916.16,1088.0,PIEBAV,1920,1088
task_20210526_UPS/20210526-150137_(31.0).jpg,648.96,329.5552,1914.24,986.0544,PIEBAV,1920,1088
task_20210228/20210228-131446_(5.0).jpg,530.688,549.7664,764.16,960.8128,MESBLE,1920,1088
task_20210612_1_Lab/2021-06-12-06-21-32.jpg,1012.032,223.02,1641.792,540.216,MESCHA,1920,1080
task_2021-03-01_16/20210301-162648_(5.0).jpg,505.536,443.6864,781.632,818.0672,MESCHA,1920,1088
task_05-01-2021/2021-01-05-17-11-58.jpg,1279.488,304.7488,1661.376,652.0384,MESCHA,1920,1088
task_2021_11_03-04_cescau4/2021-11-03-15-03-43.jpg,908.736,601.452,1260.096,1080.0,MESNON,1920,1080
task_2021-03-01_08/20210301-081308_(6.0).jpg,314.688,503.5264,849.024,929.9136,MESCHA,1920,1088
task_2021_11_03-04_cescau4/2021-11-03-13-49-58.jpg,1284.48,711.288,1618.368,1080.0,MESNON,1920,1080
task_2021_11_03-04_cescau4/2021-11-03-10-27-20.jpg,1159.104,407.376,1809.984,705.996,PINARB,1920,1080
task_2021-03-01_12/20210301-124947_(8.0).jpg,1236.864,599.9232,1918.08,1088.0,MESCHA,1920,1088
task_20210615_Lab/2021-06-15-13-37-24.jpg,914.688,283.284,1831.296,835.164,MESCHA,1920,1080
task_20210624_balacet/2021-06-24-08-27-25.jpg,1173.312,358.56,1804.224,883.44,MESCHA,1920,1080
task_20210615_Lab/2021-06-15-10-55-21.jpg,1335.36,281.664,1727.232,576.288,MESCHA,1920,1080
task_21-01-2021/2021-01-21-14-21-08.jpg,845.184,279.616,1503.168,756.2688,MESNON,1920,1088
task_2021-03-01_07/20210301-075200_(8.0).jpg,931.968,397.3376,1200.192,812.192,VEREUR,1920,1088
task_20210228/20210228-180258_(22.0).jpg,15.552,100.2048,804.672,601.8816,MESCHA,1920,1088
task_18-01-2021/2021-01-18-14-03-03.jpg,341.568,318.24,843.264,848.8576,MESBLE,1920,1088
task_20210616_Lab/2021-06-16-18-48-46.jpg,978.624,227.664,1507.776,457.272,MESCHA,1920,1080
task_2021_11_03-04_cescau4/2021-11-03-16-22-26.jpg,1039.872,458.352,1633.152,697.572,MESCHA,1920,1080
task_20211204_Orlu/2021-12-23-13-37-16.jpg,610.368,487.188,1067.136,742.932,MESCHA,1920,1080
task_19-01-2021/2021-01-19-13-12-30.jpg,0.0,115.5456,999.936,771.2832,MESCHA,1920,1088
task_21-01-2021/2021-01-21-14-14-47.jpg,459.264,322.048,1262.016,698.3872,MESNON,1920,1088
task_05-01-2021/2021-01-05-17-11-05.jpg,243.264,451.4112,854.976,906.848,SITTOR,1920,1088
task_20210616_Lab/2021-06-16-09-10-43.jpg,1238.4,190.296,1447.104,461.16,MESCHA,1920,1080
task_20210227/20210227-155444_(6.0).jpg,822.144,642.464,1366.272,1088.0,MESCHA,1920,1088
task_20210418_UPS/20210418-145415_(71.0).jpg,751.296,487.0976,1024.512,1071.3536,MESCHA,1920,1088
task_2021_11_03-04_cescau4/2021-11-03-11-49-24.jpg,1306.176,484.704,1830.528,670.788,MESNOI,1920,1080
task_19-01-2021/2021-01-19-12-01-11.jpg,426.432,57.7728,1018.944,526.592,ROUGOR,1920,1088
task_2021-03-01_11/20210301-115706_(15.0).jpg,627.264,432.0448,1146.24,630.8224,MESCHA,1920,1088
task_20210217/20210217-144711_05(11.0).jpg,2.112,217.836,866.496,736.668,MESCHA,1920,1080
task_20210412/20210412-105343_(7.0).jpg,1119.36,636.9152,1468.416,1084.6272,MESCHA,1920,1088
task_20210227/20210227-164119_(7.0).jpg,1240.704,538.2336,1539.84,1088.0,MESCHA,1920,1088
task_20210615_Lab/2021-06-15-15-45-54.jpg,812.352,188.784,1379.712,545.724,MESCHA,1920,1080
task_21-01-2021/2021-01-21-14-07-25.jpg,627.264,196.7104,1315.968,650.1888,MESCHA,1920,1088
task_2021_11_03-04_cescau4/2021-11-03-11-05-10.jpg,1003.584,511.056,1785.216,842.832,PINARB,1920,1080
task_20211204_Orlu/2021-12-24-09-17-58.jpg,1469.76,819.828,1889.472,1080.0,SITTOR,1920,1080
task_20210525_UPS/20210525-170025_(16.0).jpg,494.592,559.0144,786.432,1088.0,MESCHA,1920,1088
task_20210416_UPS/20210416-143905_(7.0).jpg,746.88,704.1536,1090.368,1088.0,MESCHA,1920,1088
task_18-01-2021/2021-01-18-13-50-38.jpg,708.288,152.32,1445.376,572.9408,MESBLE,1920,1088
task_2021_11_03-04_cescau4/2021-11-03-15-08-49.jpg,980.928,491.724,1425.024,665.82,MESNON,1920,1080
task_20210624_balacet/2021-06-24-08-24-36.jpg,829.824,341.172,1015.104,565.056,CAMPAG,1920,1080
task_20210611_Lab/2021-06-11-16-25-14.jpg,690.624,304.776,1166.784,779.004,MESCHA,1920,1080
task_21-01-2021/2021-01-21-13-21-35.jpg,596.352,134.912,1231.104,737.0112,MESCHA,1920,1088
task_20210615_Lab/2021-06-15-10-57-50.jpg,1073.472,256.392,1748.736,521.748,MESCHA,1920,1080
task_2021_11_03-04_cescau4/2021-11-03-13-33-10.jpg,1299.264,464.184,1796.16,678.24,MESCHA,1920,1080
task_18-01-2021/2021-01-18-13-48-13.jpg,1190.592,389.6128,1667.328,1043.8272,MESBLE,1920,1088
task_2021-03-01_17/20210301-170242_(12.0).jpg,669.696,424.32,1159.68,655.9552,VEREUR,1920,1088
task_05-01-2021/2021-01-05-17-27-01.jpg,1003.392,401.1456,1920.0,900.9728,ACCMOU,1920,1088
task_20210526_UPS/20210526-091312_(27.0).jpg,823.488,335.3216,1918.08,1088.0,PIEBAV,1920,1088
task_20210615_Lab/2021-06-15-09-23-09.jpg,957.12,194.508,1518.72,482.112,MESCHA,1920,1080
task_05-01-2021/2021-01-05-17-12-06.jpg,1159.872,440.64,1920.0,1036.1024,ACCMOU,1920,1088
task_20210616_Lab/2021-06-16-09-22-05.jpg,1184.832,581.04,1919.616,1076.004,MESCHA,1920,1080
task_2021_11_03-04_cescau4/2021-11-04-07-02-54.jpg,997.44,388.152,1568.64,749.412,PINARB,1920,1080
task_20210205/20210205-131713_02(13.0).jpg,349.056,382.536,895.488,824.58,VEREUR,1920,1080
task_05-01-2021/2021-01-05-17-20-59.jpg,1121.088,393.0944,1727.04,776.288,SITTOR,1920,1088
task_2021-03-01_10/20210301-103137_(15.0).jpg,418.752,530.5088,735.168,1088.0,MESCHA,1920,1088
task_18-01-2021/2021-01-18-13-32-00.jpg,486.336,215.968,1180.992,742.7776,MESBLE,1920,1088
task_2021-03-01_13/20210301-135649_(8.0).jpg,814.272,401.2544,1370.112,700.3456,VEREUR,1920,1088
task_20210615_Lab/2021-06-15-11-06-38.jpg,1420.224,258.228,1609.344,458.892,MESCHA,1920,1080
task_20210624_balacet/2021-06-24-12-00-53.jpg,150.144,301.644,841.728,738.504,MESCHA,1920,1080
task_20210611_Lab/2021-06-11-16-48-39.jpg,279.936,207.9,726.528,720.468,MESCHA,1920,1080
task_20210624_balacet/2021-06-24-12-00-02.jpg,654.528,291.924,1275.264,595.836,MESCHA,1920,1080
task_20210227/20210227-152650_(7.0).jpg,1130.88,530.5088,1343.04,947.3216,MESCHA,1920,1088
task_2021_11_03-04_cescau4/2021-11-03-15-17-58.jpg,1117.632,503.172,1592.64,682.128,SITTOR,1920,1080
task_2021_11_03-04_cescau4/2021-11-03-10-29-24.jpg,1160.448,378.0,1672.32,702.972,PINARB,1920,1080
task_05-01-2021/2021-01-05-16-31-32.jpg,526.848,376.1216,864.576,746.5856,MESCHA,1920,1088
task_2021_11_03-04_cescau4/2021-11-04-07-45-15.jpg,1507.392,427.248,1920.0,850.176,MESHUP,1920,1080
task_20210228/20210228-130325_(14.0).jpg,1099.968,474.5856,1472.448,773.6768,MESCHA,1920,1088
task_19-01-2021/2021-01-19-10-47-33.jpg,0.0,131.104,825.984,748.544,MESCHA,1920,1088
task_20210615_Lab/2021-06-15-16-14-55.jpg,843.648,169.236,1272.384,446.688,MESCHA,1920,1080
task_2021-03-01_14/20210301-143039_(9.0).jpg,947.52,393.5296,1206.144,652.0384,VEREUR,1920,1088
task_2021-03-01_16/20210301-165752_(9.0).jpg,773.76,439.7696,1024.704,713.8368,VEREUR,1920,1088
task_MOIDOM_ODJ/1689.jpeg,318.06,151.83,458.5275,350.595,MOIDOM,675,450
task_2021-03-01_14/20210301-144629_(12.0).jpg,1173.312,623.0976,1576.512,1088.0,MESCHA,1920,1088
task_20210526_UPS/20210526-160906_(11.0).jpg,1214.016,550.0928,1676.928,1083.2128,ROUGOR,1920,1088
task_2021_11_03-04_cescau4/2021-11-04-07-12-59.jpg,1193.28,485.676,1619.904,699.84,SITTOR,1920,1080
task_20210611_Lab/2021-06-11-14-09-30.jpg,838.656,208.008,1468.416,538.056,MESCHA,1920,1080
task_2021_11_03-04_cescau4/2021-11-04-06-52-20.jpg,1341.312,441.072,1880.256,819.072,PINARB,1920,1080
task_20210611_Lab/2021-06-11-18-15-13.jpg,1209.024,234.468,1818.048,673.488,MESCHA,1920,1080
task_20210416_UPS/20210416-100733_(8.0).jpg,635.904,702.0864,1092.096,977.6768,MESCHA,1920,1088
task_2021_11_03-04_cescau4/2021-11-03-14-31-47.jpg,1169.472,479.088,1550.208,661.392,MESCHA,1920,1080
task_20210612_1_Lab/2021-06-12-04-38-25.jpg,314.496,192.672,912.768,578.556,MESCHA,1920,1080
task_05-01-2021/2021-01-05-17-34-19.jpg,235.392,491.8848,690.816,958.8544,ACCMOU,1920,1088
task_05-01-2021/2021-01-05-17-33-51.jpg,1320.0,554.7712,1910.4,1070.8096,ACCMOU,1920,1088
task_05-01-2021/2021-01-05-17-09-05.jpg,1083.072,451.8464,1802.304,900.6464,SITTOR,1920,1088
task_21-01-2021/2021-01-21-11-55-50.jpg,1017.024,241.1008,1466.496,895.2064,MESCHA,1920,1088
task_06-01-2021/2021-01-06-11-27-37.jpg,631.104,181.2608,1138.56,900.9728,MESCHA,1920,1088
task_05-01-2021/2021-01-05-17-41-20.jpg,0.0,476.544,640.704,1030.2272,ACCMOU,1920,1088
task_20210611_Lab/2021-06-11-15-11-54.jpg,851.904,340.74,1648.704,646.272,MESCHA,1920,1080
task_20210525_UPS/20210525-150403_(16.0).jpg,509.376,443.6864,1179.072,1088.0,PIEBAV,1920,1088
task_2021_11_03-04_cescau4/2021-11-04-07-42-20.jpg,570.24,461.808,1242.24,796.608,MESCHA,1920,1080
task_2021_11_03-04_cescau4/2021-11-04-07-14-28.jpg,961.344,415.584,1208.448,706.644,PINARB,1920,1080
task_05-01-2021/2021-01-05-17-16-56.jpg,309.696,372.7488,740.928,890.6368,MESCHA,1920,1088
task_20211204_Orlu/2021-12-23-13-22-00.jpg,466.56,422.496,931.008,1015.524,MESCHA,1920,1080
task_19-01-2021/2021-01-19-11-22-13.jpg,476.736,88.5632,1227.264,559.4496,MESCHA,1920,1088
task_20210217/20210217-150131_01(31.0).jpg,672.96,290.088,952.512,963.144,MESCHA,1920,1080
task_05-01-2021/2021-01-05-16-28-09.jpg,1117.248,9.4656,1431.936,202.4768,MESNON,1920,1088
task_21-01-2021/2021-01-21-12-54-39.jpg,395.712,318.24,1130.88,688.704,MESBLE,1920,1088
task_2021_11_03-04_cescau4/2021-11-03-16-23-48.jpg,1076.16,380.484,1326.144,679.428,MESCHA,1920,1080
task_20210227/20210227-161820_(6.0).jpg,1040.064,515.0592,1188.672,702.1952,MESCHA,1920,1088
task_20210705-07_balacet/2021-07-06-11-11-16.jpg,1245.312,415.476,1569.408,813.78,ACCMOU,1920,1080
task_20210616_Lab/2021-06-16-04-37-07.jpg,867.456,218.484,1149.12,453.168,MESCHA,1920,1080
task_05-01-2021/2021-01-05-17-09-30.jpg,74.88,450.976,453.504,795.9808,MESCHA,1920,1088
task_20211204_Orlu/2021-12-23-14-30-57.jpg,492.48,493.236,1049.664,769.608,MESCHA,1920,1080
task_20211204_Orlu/2021-12-24-07-48-39.jpg,1074.048,547.56,1372.608,1080.0,SITTOR,1920,1080
task_21-01-2021/2021-01-21-12-48-17.jpg,1065.216,366.4384,1424.064,690.6624,MESCHA,1920,1088
task_2021_11_03-04_cescau4/2021-11-04-06-51-47.jpg,1298.88,841.644,1920.0,1080.0,MESNON,1920,1080
task_05-01-2021/2021-01-05-17-20-53.jpg,1443.456,540.0832,1920.0,1088.0,MESBLE,1920,1088
task_20210227/20210227-120352_(7.0).jpg,393.6,644.3136,793.152,1086.2592,MESCHA,1920,1088
task_2021-03-01_18/20210301-182730_(16.0).jpg,804.672,659.7632,1829.376,1088.0,MESCHA,1920,1088
task_2021-03-01_11/20210301-113517_(11.0).jpg,762.24,418.5536,1335.36,650.1888,MESCHA,1920,1088
task_2021_11_03-04_cescau4/2021-11-03-12-35-13.jpg,768.192,441.288,1221.888,720.252,MESCHA,1920,1080
task_20210227/20210227-125500_(11.0).jpg,636.864,318.24,1221.504,893.248,MESCHA,1920,1088
task_2021-03-01_13/20210301-134813_(10.0).jpg,976.512,443.6864,1480.128,706.112,VEREUR,1920,1088
task_2021_11_03-04_cescau4/2021-11-04-08-04-15.jpg,970.56,385.992,1358.784,685.908,MESHUP,1920,1080
task_20210611_Lab/2021-06-11-16-38-57.jpg,840.576,577.908,1766.4,1080.0,MESCHA,1920,1080
task_20210418_UPS/20210418-101704_(6.0).jpg,990.336,1004.9856,1269.312,1084.6272,MESCHA,1920,1088
task_20211204_Orlu/2021-12-24-08-53-52.jpg,521.088,587.628,787.776,911.952,MESBLE,1920,1080
task_20211204_Orlu/2021-12-24-10-39-54.jpg,813.312,472.608,1293.696,711.828,MESNOI,1920,1080
task_20210705-07_balacet/2021-07-06-11-08-55.jpg,661.44,250.452,1194.24,704.484,ROUGOR,1920,1080
task_2021_11_03-04_cescau4/2021-11-04-08-06-05.jpg,1376.64,725.868,1797.696,1078.38,MESCHA,1920,1080
task_20210612_1_Lab/2021-06-12-06-45-14.jpg,644.544,208.008,922.368,540.0,MESCHA,1920,1080
task_20210611_Lab/2021-06-11-14-47-06.jpg,1020.288,329.832,1323.264,777.816,MESCHA,1920,1080
task_2021_11_03-04_cescau4/2021-11-04-07-58-59.jpg,1386.432,506.412,1614.144,666.792,MESNON,1920,1080
task_2021_11_03-04_cescau4/2021-11-03-14-44-27.jpg,1346.112,476.28,1567.872,687.42,MESCHA,1920,1080
task_20211204_Orlu/2021-12-24-08-28-42.jpg,1467.456,626.4,1815.36,1060.344,MESBLE,1920,1080
task_20210611_Lab/2021-06-11-15-18-41.jpg,1098.24,196.128,1591.104,784.62,MESCHA,1920,1080
task_05-01-2021/2021-01-05-16-04-17.jpg,1150.272,534.4256,1920.0,1088.0,MESCHA,1920,1088
task_2021_11_03-04_cescau4/2021-11-04-07-15-19.jpg,1231.104,821.232,1581.12,1080.0,MESNON,1920,1080
task_2021-03-01_14/20210301-144748_(14.0).jpg,351.168,395.3792,995.712,816.1088,MESCHA,1920,1088
task_20211204_Orlu/2021-12-24-07-32-07.jpg,561.792,498.636,1042.944,755.676,MESCHA,1920,1080
task_2021-03-01_17/20210301-170246_(5.0).jpg,754.56,470.6688,1032.384,653.9968,VEREUR,1920,1088
task_20210611_Lab/2021-06-11-15-21-26.jpg,457.344,3.024,1811.904,1078.812,MESCHA,1920,1080
task_2021_11_03-04_cescau4/2021-11-04-08-16-19.jpg,931.008,668.628,1181.76,1080.0,MESNOI,1920,1080
task_05-01-2021/2021-01-05-16-46-10.jpg,1132.8,474.5856,1920.0,995.52,MESCHA,1920,1088
task_2021-03-01_14/20210301-143802_(10.0).jpg,804.672,453.2608,1321.92,650.1888,MESCHA,1920,1088
task_20210217/20210217-135706_01(43.0).jpg,283.776,224.208,675.072,649.512,MESCHA,1920,1080
task_06-01-2021/2021-01-06-11-26-41.jpg,1175.232,663.68,1547.712,991.712,MESCHA,1920,1088
task_2021-03-01_10/20210301-100011_(16.0).jpg,1030.464,555.5328,1667.328,1088.0,PINARB,1920,1088
task_05-01-2021/2021-01-05-17-05-33.jpg,903.552,499.6096,1910.4,887.4816,SITTOR,1920,1088
task_20210623_balacet/2021-06-23-09-23-51.jpg,453.504,273.456,831.36,691.74,MESCHA,1920,1080
task_20210417_UPS/20210417-110421_(9.0).jpg,1043.904,648.2304,1358.592,891.2896,MESCHA,1920,1088
task_20210217/20210217-162731_02(11.0).jpg,705.984,279.504,1235.328,540.0,MESCHA,1920,1080
task_2021_11_03-04_cescau4/2021-11-04-07-16-12.jpg,875.328,493.128,1079.232,1025.028,MESHUP,1920,1080
task_20210615_Lab/2021-06-15-10-39-57.jpg,1320.768,247.212,1615.296,531.792,MESCHA,1920,1080
task_20210217/20210217-134934_01(13.0).jpg,5.376,239.112,776.064,678.132,MESCHA,1920,1080
task_2021_11_03-04_cescau4/2021-11-03-15-08-12.jpg,879.552,424.008,1518.528,670.032,MESCHA,1920,1080
task_20210612_1_Lab/2021-06-12-06-19-47.jpg,951.36,235.116,1296.768,570.78,MESCHA,1920,1080
task_20210525_UPS/20210525-154519_(47.0).jpg,295.296,136.8704,1920.0,925.4528,PIEBAV,1920,1088
task_20210612_1_Lab/2021-06-12-06-16-43.jpg,831.744,619.056,1244.736,1080.0,MESCHA,1920,1080
task_2021_11_03-04_cescau4/2021-11-03-14-10-54.jpg,437.76,6.48,1781.376,1080.0,MESCHA,1920,1080
task_2021_11_03-04_cescau4/2021-11-03-12-22-50.jpg,996.096,468.072,1563.84,686.124,SITTOR,1920,1080
task_20210611_Lab/2021-06-11-15-23-04.jpg,802.56,190.836,1060.608,779.004,MESCHA,1920,1080
task_2021-03-01_10/20210301-100131_(5.0).jpg,656.064,412.7872,912.768,982.0288,VEREUR,1920,1088
task_2021_11_03-04_cescau4/2021-11-04-07-22-12.jpg,1356.096,492.372,1545.024,671.544,MESNOI,1920,1080
task_20211204_Orlu/2021-12-23-14-26-57.jpg,797.76,466.02,1442.496,733.752,MESCHA,1920,1080
task_05-01-2021/2021-01-05-16-31-59.jpg,1421.76,561.952,1920.0,1087.2384,SITTOR,1920,1088
task_20210615_Lab/2021-06-15-13-20-54.jpg,959.04,173.34,1593.984,480.168,MESCHA,1920,1080
task_20210705-07_balacet/2021-07-07-06-37-47.jpg,788.16,413.748,1566.912,807.3,ACCMOU,1920,1080
task_2021_11_03-04_cescau4/2021-11-03-16-21-17.jpg,1607.616,498.096,1920.0,835.056,MESNON,1920,1080
task_20210611_Lab/2021-06-11-13-57-39.jpg,1263.552,936.468,1624.128,1080.0,MESCHA,1920,1080
task_20211204_Orlu/2021-12-24-08-38-52.jpg,1486.464,584.172,1920.0,947.16,MESNOI,1920,1080
task_20210227/20210227-170647_(8.0).jpg,804.672,476.4352,982.272,727.328,PINARB,1920,1088
task_2021_11_03-04_cescau4/2021-11-03-12-34-09.jpg,1127.616,452.304,1416.192,656.64,SITTOR,1920,1080
task_20210526_UPS/20210526-142557_(11.0).jpg,1075.776,583.6032,1442.496,884.0,MESCHA,1920,1088
task_20210417_UPS/20210417-093459_(6.0).jpg,945.6,773.6768,1441.536,976.2624,MESCHA,1920,1088
task_2021_11_03-04_cescau4/2021-11-03-15-03-15.jpg,744.192,440.424,1225.92,710.424,MESNON,1920,1080
task_05-01-2021/2021-01-05-17-24-26.jpg,1099.968,428.2368,1534.08,819.9168,MESBLE,1920,1088
task_20210615_Lab/2021-06-15-09-02-30.jpg,1152.0,236.196,1557.312,514.08,MESCHA,1920,1080
task_05-01-2021/2021-01-05-17-17-25.jpg,1023.936,372.3136,1920.0,926.1056,MESCHA,1920,1088
task_21-01-2021/2021-01-21-11-59-50.jpg,3.84,185.0688,476.736,858.5408,MESCHA,1920,1088
task_21-01-2021/2021-01-21-12-05-19.jpg,941.76,285.3824,1381.632,858.5408,MESBLE,1920,1088
task_MOIDOM_ODJ/8140.jpeg,129.33,150.9156,221.4675,284.486,MOIDOM,675,412
task_20210526_UPS/20210526-164647_(20.0).jpg,851.904,320.0896,1920.0,1084.6272,PIEBAV,1920,1088
task_20210526_UPS/20210526-150047_(21.0).jpg,758.976,217.6,1916.16,1084.6272,PIEBAV,1920,1088
task_20210523_UPS/20210523-174107_(12.0).jpg,830.976,405.4976,1570.944,1086.5856,PIEBAV,1920,1088
task_20210418_UPS/20210418-171256_(15.0).jpg,982.848,781.0752,1578.624,1084.6272,PIEBAV,1920,1088
task_05-01-2021/2021-01-05-17-13-09.jpg,0.0,352.9472,424.512,889.44,SITTOR,1920,1088
task_21-01-2021/2021-01-21-13-47-34.jpg,108.096,422.4704,395.712,644.3136,MESCHA,1920,1088
task_20210415_UPS/20210415-184906_(7.0).jpg,513.408,713.8368,955.2,1088.0,MESCHA,1920,1088
task_20210523_UPS/20210523-185426_(39.0).jpg,819.648,274.6112,1910.592,1086.5856,PIEBAV,1920,1088
task_21-01-2021/2021-01-21-13-44-32.jpg,569.28,281.5744,1030.464,756.2688,MESBLE,1920,1088
task_20210612_1_Lab/2021-06-12-05-09-35.jpg,1300.608,725.22,1678.848,1080.0,MESCHA,1920,1080
task_20210217/20210217-140545_02(19.0).jpg,1039.68,664.308,1563.84,1079.028,MESCHA,1920,1080
task_05-01-2021/2021-01-05-17-41-35.jpg,1179.072,426.2784,1750.272,843.0912,ACCMOU,1920,1088
task_20210526_UPS/20210526-194635_(35.0).jpg,74.112,318.24,1910.592,1025.8752,PIEBAV,1920,1088
task_19-01-2021/2021-01-19-10-41-48.jpg,939.84,217.9264,1806.144,1088.0,MESCHA,1920,1088
task_2021_11_03-04_cescau4/2021-11-03-11-05-02.jpg,1302.144,486.216,1695.936,871.884,PINARB,1920,1080
task_2021_11_03-04_cescau4/2021-11-04-06-56-30.jpg,1058.304,345.384,1375.296,799.416,PINARB,1920,1080
task_20210612_1_Lab/2021-06-12-06-37-54.jpg,615.552,182.952,928.128,825.552,MESCHA,1920,1080
task_20210705-07_balacet/2021-07-06-08-58-20.jpg,1020.096,261.684,1748.736,764.208,ROUGOR,1920,1080
task_21-01-2021/2021-01-21-12-28-05.jpg,868.416,547.808,1572.672,1088.0,MESCHA,1920,1088
task_2021-03-01_16/20210301-161445_(11.0).jpg,673.536,447.4944,1134.72,592.1984,MESBLE,1920,1088
task_19-01-2021/2021-01-19-13-36-36.jpg,582.72,40.3648,1323.84,515.0592,ROUGOR,1920,1088
task_19-01-2021/2021-01-19-11-03-41.jpg,1.92,98.2464,766.08,713.8368,MESCHA,1920,1088
task_20210624_balacet/2021-06-24-11-15-23.jpg,1018.944,431.892,1433.856,840.996,MESCHA,1920,1080
task_2021-03-01_13/20210301-134655_(8.0).jpg,715.968,407.0208,1186.752,725.3696,VEREUR,1920,1088
task_20210612_1_Lab/2021-06-12-05-11-37.jpg,538.368,300.672,879.936,972.216,MESCHA,1920,1080
task_20210616_Lab/2021-06-16-05-34-00.jpg,940.224,344.844,1029.696,416.232,VEREUR,1920,1080
task_20210611_Lab/2021-06-11-16-32-26.jpg,756.672,223.884,1266.816,484.704,MESCHA,1920,1080
task_19-01-2021/2021-01-19-11-15-08.jpg,856.704,111.7376,1636.416,466.8608,MESCHA,1920,1088
task_20211204_Orlu/2021-12-24-09-13-36.jpg,1444.608,565.812,1823.424,1059.696,SITTOR,1920,1080
task_20210612_1_Lab/2021-06-12-06-49-45.jpg,914.688,320.004,1283.328,773.388,MESCHA,1920,1080
task_20210612_1_Lab/2021-06-12-05-44-33.jpg,1115.328,360.504,1480.128,1080.0,MESCHA,1920,1080
task_20211204_Orlu/2021-12-24-11-00-24.jpg,1034.688,490.32,1664.832,917.46,SITTOR,1920,1080
task_20210217/20210217-130536_01(59.0).jpg,255.168,241.272,1568.064,1080.0,MESCHA,1920,1080
task_20210612_1_Lab/2021-06-12-05-46-15.jpg,254.784,331.56,1269.696,1080.0,MESCHA,1920,1080
task_20211204_Orlu/2021-12-24-09-10-58.jpg,826.944,493.02,1182.912,720.468,MESCHA,1920,1080
task_20211204_Orlu/2021-12-24-10-24-32.jpg,624.0,458.352,922.56,1078.38,MESCHA,1920,1080
task_06-01-2021/2021-01-06-11-47-01.jpg,1078.656,621.1392,1785.024,960.8128,MESCHA,1920,1088
task_20210612_1_Lab/2021-06-12-04-20-51.jpg,789.312,211.896,1329.6,509.112,MESCHA,1920,1080
task_20211204_Orlu/2021-12-24-08-44-29.jpg,882.24,492.372,1576.128,757.296,MESCHA,1920,1080
task_21-01-2021/2021-01-21-12-18-31.jpg,1032.384,460.9856,1711.68,1088.0,MESBLE,1920,1088
task_2021_11_03-04_cescau4/2021-11-03-16-08-19.jpg,1166.4,470.34,1671.36,652.752,MESHUP,1920,1080
task_2021-03-01_14/20210301-142636_(12.0).jpg,704.448,484.16,905.088,646.272,MESCHA,1920,1088
task_05-01-2021/2021-01-05-17-00-20.jpg,821.376,304.7488,1461.12,814.912,ROUGOR,1920,1088
task_2021_11_03-04_cescau4/2021-11-04-07-04-12.jpg,1241.472,352.404,1467.072,836.028,PINARB,1920,1080
task_21-01-2021/2021-01-21-11-54-52.jpg,698.496,266.1248,1204.224,646.272,MESCHA,1920,1088
task_20211204_Orlu/2021-12-23-15-28-40.jpg,784.896,499.932,1169.664,720.144,MESBLE,1920,1080
task_2021-03-01_10/20210301-100406_(9.0).jpg,766.08,432.0448,1267.776,781.4016,VEREUR,1920,1088
task_21-01-2021/2021-01-21-13-04-05.jpg,744.96,318.24,1424.064,789.0176,MESCHA,1920,1088
task_20210227/20210227-124820_(5.0).jpg,712.128,594.1568,1030.464,1086.2592,MESCHA,1920,1088
task_05-01-2021/2021-01-05-16-32-23.jpg,649.536,157.6512,862.272,324.4416,MESNON,1920,1088
task_2021_11_03-04_cescau4/2021-11-03-16-09-47.jpg,1537.344,532.98,1920.0,1080.0,MESCHA,1920,1080
task_20210616_Lab/2021-06-16-04-39-50.jpg,859.008,203.58,1295.04,485.352,MESCHA,1920,1080
task_2021-03-01_10/20210301-105855_(12.0).jpg,283.776,428.2368,847.104,798.7008,MESCHA,1920,1088
task_2021_11_03-04_cescau4/2021-11-03-13-13-44.jpg,930.624,87.912,1589.952,1080.0,MESCHA,1920,1080
task_2021-03-01_07/20210301-074605_(8.0).jpg,420.672,457.1776,856.704,752.4608,VEREUR,1920,1088
task_20210615_Lab/2021-06-15-16-12-55.jpg,1445.376,289.116,1721.28,736.776,MESCHA,1920,1080
task_20210616_Lab/2021-06-16-04-39-44.jpg,1232.448,235.008,1459.008,462.348,MESCHA,1920,1080
task_20210705-07_balacet/2021-07-06-13-50-40.jpg,642.048,360.612,928.704,588.168,MESBLE,1920,1080
task_21-01-2021/2021-01-21-12-43-56.jpg,598.272,258.4,1260.096,630.8224,MESCHA,1920,1088
task_05-01-2021/2021-01-05-17-26-18.jpg,513.216,306.7072,847.296,902.9312,MESCHA,1920,1088
task_20210417_UPS/20210417-173614_(5.0).jpg,575.04,673.2544,897.408,1088.0,MESCHA,1920,1088
task_2021-03-01_17/20210301-170214_(5.0).jpg,729.408,472.6272,960.96,719.6032,VEREUR,1920,1088
task_MOIDOM_ODJ/1407.jpeg,417.0,304.83,510.24,346.275,MOIDOM,600,450
task_21-01-2021/2021-01-21-12-10-11.jpg,0.0,252.6336,576.96,847.008,MESCHA,1920,1088
task_2021-03-01_14/20210301-145627_(12.0).jpg,673.536,407.0208,1221.504,665.5296,MESCHA,1920,1088
task_20210525_UPS/20210525-135144_(50.0).jpg,655.296,252.416,1919.616,1086.0416,PIEBAV,1920,1088
task_2021_11_03-04_cescau4/2021-11-03-11-48-14.jpg,1187.328,477.792,1731.456,862.164,MESNOI,1920,1080
task_2021_11_03-04_cescau4/2021-11-04-08-13-31.jpg,1391.04,496.8,1904.256,735.156,MESCHA,1920,1080
task_21-01-2021/2021-01-21-13-27-02.jpg,1084.416,364.5888,1487.808,702.1952,MESCHA,1920,1088
task_2021_11_03-04_cescau4/2021-11-04-08-12-27.jpg,966.144,465.48,1561.344,737.1,SITTOR,1920,1080
task_2021_11_03-04_cescau4/2021-11-03-12-46-13.jpg,1179.648,523.476,1511.424,1079.136,MESCHA,1920,1080
task_18-01-2021/2021-01-18-13-22-48.jpg,264.384,376.1216,862.656,1012.928,MESCHA,1920,1088
task_20210526_UPS/20210526-141939_(24.0).jpg,768.384,416.8128,1916.16,894.9888,PIEBAV,1920,1088
task_19-01-2021/2021-01-19-11-19-26.jpg,547.968,289.2992,1728.96,941.5552,MESCHA,1920,1088
task_20210611_Lab/2021-06-11-15-53-24.jpg,793.152,251.64,1130.688,777.168,MESCHA,1920,1080
task_20210415_UPS/20210415-153350_(12.0).jpg,947.712,647.0336,1417.92,1084.6272,MESCHA,1920,1088
task_20211204_Orlu/2021-12-23-14-07-27.jpg,461.76,515.16,822.528,867.672,SITTOR,1920,1080
task_05-01-2021/2021-01-05-17-35-39.jpg,978.432,486.1184,1638.336,983.9872,ACCMOU,1920,1088
task_19-01-2021/2021-01-19-11-53-57.jpg,1300.608,187.0272,1912.32,640.5056,MESCHA,1920,1088
task_2021-03-01_09/20210301-094853_(9.0).jpg,1223.424,418.5536,1530.24,895.2064,MESCHA,1920,1088
task_06-01-2021/2021-01-06-11-58-40.jpg,966.72,364.5888,1331.52,684.896,PINARB,1920,1088
task_20210228/20210228-132357_(9.0).jpg,526.848,708.0704,1503.168,1086.2592,MESCHA,1920,1088
task_05-01-2021/2021-01-05-16-53-18.jpg,1254.336,501.568,1920.0,1020.6528,MESCHA,1920,1088
task_06-01-2021/2021-01-06-11-30-18.jpg,1061.376,547.9168,1763.712,993.5616,MESCHA,1920,1088
task_20210705-07_balacet/2021-07-06-14-40-18.jpg,1189.44,273.024,1919.04,817.776,ROUGOR,1920,1080
task_2021-03-01_09/20210301-091612_(8.0).jpg,432.192,34.5984,1723.2,893.248,TOUTUR,1920,1088
task_2021_11_03-04_cescau4/2021-11-03-11-47-32.jpg,1271.232,411.48,1577.088,668.52,SITTOR,1920,1080
task_20210616_Lab/2021-06-16-09-06-54.jpg,513.024,160.272,1154.88,657.504,MESCHA,1920,1080
task_20210217/20210217-141623_05(16.0).jpg,504.0,296.568,794.112,830.196,MESCHA,1920,1080
task_2021_11_03-04_cescau4/2021-11-03-11-16-36.jpg,1111.872,444.312,1519.104,651.888,MESNOI,1920,1080
task_2021_11_03-04_cescau4/2021-11-03-11-28-05.jpg,1080.384,497.664,1865.088,783.0,SITTOR,1920,1080
task_2021_11_03-04_cescau4/2021-11-03-14-35-24.jpg,1267.968,506.196,1602.816,658.692,MESNOI,1920,1080
task_20210525_UPS/20210525-181028_(18.0).jpg,504.768,395.2704,1058.304,1088.0,PIEBAV,1920,1088
task_20210615_Lab/2021-06-15-13-48-36.jpg,1242.816,277.56,1572.672,659.556,MESCHA,1920,1080
task_19-01-2021/2021-01-19-10-37-54.jpg,910.848,136.7616,1433.856,777.4848,MESCHA,1920,1088
task_20211204_Orlu/2021-12-23-14-03-23.jpg,694.464,473.688,1067.712,739.152,MESCHA,1920,1080
task_19-01-2021/2021-01-19-11-17-46.jpg,644.544,1.7408,984.192,466.8608,MESCHA,1920,1088
task_05-01-2021/2021-01-05-16-47-00.jpg,943.68,599.9232,1846.656,1086.2592,MESNON,1920,1088
task_20210612_1_Lab/2021-06-12-05-41-25.jpg,1206.144,646.056,1680.768,1080.0,MESCHA,1920,1080
task_19-01-2021/2021-01-19-12-18-04.jpg,781.632,21.1072,1294.848,578.7072,ROUGOR,1920,1088
task_20210623_balacet/2021-06-23-11-59-14.jpg,748.8,281.34,1124.928,636.444,ACCMOU,1920,1080
task_2021-03-01_17/20210301-175140_(6.0).jpg,501.696,434.0032,740.928,763.9936,MESCHA,1920,1088
task_20210624_balacet/2021-06-24-10-45-22.jpg,254.784,260.172,825.984,738.72,MESCHA,1920,1080
task_20210611_Lab/2021-06-11-15-33-52.jpg,722.88,325.62,1495.104,650.052,MESCHA,1920,1080
task_2021-03-01_13/20210301-135441_(13.0).jpg,777.6,432.0448,1223.424,812.192,VEREUR,1920,1088
task_20210615_Lab/2021-06-15-16-07-01.jpg,1250.496,219.672,1578.432,997.272,MESCHA,1920,1080
task_18-01-2021/2021-01-18-13-49-07.jpg,179.52,599.9232,1028.544,962.7712,MESBLE,1920,1088
task_20210611_Lab/2021-06-11-18-50-16.jpg,1173.696,268.38,1798.656,579.744,MESCHA,1920,1080
task_20210612_1_Lab/2021-06-12-06-44-48.jpg,843.264,279.396,1090.368,557.28,MESCHA,1920,1080
task_2021-03-01_13/20210301-134741_(13.0).jpg,0.0,540.192,505.536,1088.0,MESCHA,1920,1088
task_05-01-2021/2021-01-05-17-23-19.jpg,0.0,374.1632,712.128,806.4256,ACCMOU,1920,1088
task_20210416_UPS/20210416-201539_(5.0).jpg,775.68,769.76,972.672,1088.0,MESBLE,1920,1088
task_20210615_Lab/2021-06-15-11-06-45.jpg,1325.76,198.396,1603.584,520.668,MESCHA,1920,1080
task_20210616_Lab/2021-06-16-09-14-25.jpg,1005.696,252.396,1501.824,438.804,MESCHA,1920,1080
task_21-01-2021/2021-01-21-13-47-38.jpg,79.104,418.5536,457.344,642.464,MESCHA,1920,1088
task_20211204_Orlu/2021-12-24-09-28-57.jpg,825.216,540.756,1109.184,1080.0,MESCHA,1920,1080
task_2021-03-01_15/20210301-151443_(7.0).jpg,725.568,472.6272,1041.984,675.2128,MESBLE,1920,1088
task_20210624_balacet/2021-06-24-14-18-57.jpg,991.872,240.84,1632.576,613.332,MESCHA,1920,1080
task_20210616_Lab/2021-06-16-09-14-21.jpg,1233.216,216.54,1442.496,464.076,MESCHA,1920,1080
task_2021-03-01_09/20210301-090642_(5.0).jpg,746.88,401.1456,1236.864,675.2128,VEREUR,1920,1088
task_2021-03-01_10/20210301-102913_(9.0).jpg,686.976,343.3728,1279.488,752.4608,PINARB,1920,1088
task_20210612_1_Lab/2021-06-12-05-28-48.jpg,905.088,335.448,1665.408,675.0,MESCHA,1920,1080
task_20210615_Lab/2021-06-15-13-59-00.jpg,1227.264,318.06,1595.904,736.776,MESCHA,1920,1080
task_20210615_Lab/2021-06-15-09-58-45.jpg,1248.576,206.172,1702.08,503.28,MESCHA,1920,1080
task_2021-03-01_17/20210301-173931_(12.0).jpg,791.232,405.0624,1277.376,644.3136,MESCHA,1920,1088
task_2021-03-01_13/20210301-134155_(6.0).jpg,740.928,518.8672,1092.288,837.3248,VEREUR,1920,1088
task_2021_11_03-04_cescau4/2021-11-03-11-33-53.jpg,1341.696,401.76,1559.808,659.448,MESHUP,1920,1080
task_05-01-2021/2021-01-05-16-58-13.jpg,750.72,352.9472,1026.624,729.2864,MESCHA,1920,1088
task_20210612_1_Lab/2021-06-12-06-26-42.jpg,561.6,227.34,1229.184,613.332,MESCHA,1920,1080
task_20210705-07_balacet/2021-07-06-11-42-05.jpg,281.088,218.592,962.112,726.732,ROUGOR,1920,1080
task_21-01-2021/2021-01-21-12-49-59.jpg,312.576,144.5952,1105.728,615.3728,MESCHA,1920,1088
task_2021_11_03-04_cescau4/2021-11-03-16-18-27.jpg,1368.384,591.948,1920.0,1080.0,SITTOR,1920,1080
task_2021-03-01_13/20210301-135850_(12.0).jpg,997.632,412.7872,1482.048,677.1712,VEREUR,1920,1088
task_06-01-2021/2021-01-06-11-22-51.jpg,1451.136,607.648,1920.0,1059.168,SITTOR,1920,1088
task_20210612_1_Lab/2021-06-12-05-35-04.jpg,623.232,188.784,1092.288,545.724,MESCHA,1920,1080
task_20210623_balacet/2021-06-23-12-41-03.jpg,920.448,233.172,1188.672,698.22,ACCMOU,1920,1080
task_20210612_1_Lab/2021-06-12-06-08-39.jpg,854.976,365.364,1285.248,735.912,MESCHA,1920,1080
task_2021-03-01_17/20210301-170041_(11.0).jpg,789.312,383.8464,1086.336,721.5616,VEREUR,1920,1088
task_20211204_Orlu/2021-12-23-14-38-21.jpg,737.472,390.852,1369.92,693.468,MESCHA,1920,1080
task_20210611_Lab/2021-06-11-16-48-00.jpg,1104.576,261.9,1326.912,543.672,MESCHA,1920,1080
task_20210616_Lab/2021-06-16-06-55-28.jpg,970.56,212.652,1497.6,617.436,VEREUR,1920,1080
task_06-01-2021/2021-01-06-11-47-49.jpg,1173.312,557.4912,1607.424,924.1472,PINARB,1920,1088
task_06-01-2021/2021-01-06-12-03-23.jpg,0.0,501.568,1501.248,1088.0,MESCHA,1920,1088
task_2021-03-01_13/20210301-135740_(12.0).jpg,1453.056,717.6448,1918.08,1088.0,MESCHA,1920,1088
task_20210228/20210228-133844_(13.0).jpg,960.96,368.3968,1269.696,588.3904,MESCHA,1920,1088
task_20210624_balacet/2021-06-24-15-54-01.jpg,1285.248,402.948,1920.0,940.14,ACCMOU,1920,1080
task_18-01-2021/2021-01-18-14-32-34.jpg,897.408,270.0416,1350.72,574.8992,MESBLE,1920,1088
task_20210705-07_balacet/2021-07-07-08-59-17.jpg,1092.288,376.812,1436.352,676.836,ACCMOU,1920,1080
task_20210611_Lab/2021-06-11-16-24-52.jpg,751.296,247.86,1238.976,509.652,MESCHA,1920,1080
task_05-01-2021/2021-01-05-17-12-39.jpg,356.928,46.24,515.328,235.3344,MESNON,1920,1088
task_19-01-2021/2021-01-19-12-23-59.jpg,69.504,156.128,804.672,790.976,MESNON,1920,1088
task_2021_11_03-04_cescau4/2021-11-04-07-33-35.jpg,1105.152,556.416,1438.464,773.064,MESNON,1920,1080
task_2021_11_03-04_cescau4/2021-11-04-07-51-39.jpg,946.176,488.592,1294.464,678.672,MESNON,1920,1080
task_20210623_balacet/2021-06-23-10-38-50.jpg,1021.248,270.432,1691.712,595.188,MESCHA,1920,1080
task_20210705-07_balacet/2021-07-07-08-29-32.jpg,1036.416,266.436,1560.384,682.452,ACCMOU,1920,1080
task_21-01-2021/2021-01-21-12-12-18.jpg,0.0,192.7936,557.76,763.9936,MESCHA,1920,1088
task_20210525_UPS/20210525-164825_(46.0).jpg,611.328,405.28,1917.312,1081.3632,PIEBAV,1920,1088
task_20210227/20210227-143935_(6.0).jpg,1204.224,588.3904,1445.376,802.6176,VEREUR,1920,1088
task_21-01-2021/2021-01-21-13-16-50.jpg,727.488,341.4144,1491.648,922.1888,MESBLE,1920,1088
task_2021_11_03-04_cescau4/2021-11-03-11-42-55.jpg,1536.0,408.024,1918.656,788.184,MESNON,1920,1080
task_20210526_UPS/20210526-162037_(13.0).jpg,960.0,418.7712,1914.24,1082.7776,PIEBAV,1920,1088
task_20210523_UPS/20210523-174157_(62.0).jpg,464.832,213.9008,1584.192,1082.7776,PIEBAV,1920,1088
task_2021_11_03-04_cescau4/2021-11-03-16-23-18.jpg,974.4,487.08,1763.904,699.408,MESCHA,1920,1080
task_20210417_UPS/20210417-184313_(13.0).jpg,633.6,617.3312,1920.0,1085.1712,PIEBAV,1920,1088
task_2021-03-01_18/20210301-180159_(8.0).jpg,739.008,429.9776,1190.592,619.2896,MESCHA,1920,1088
task_2021-03-01_07/20210301-074803_(8.0).jpg,602.112,424.32,827.904,769.76,VEREUR,1920,1088
task_21-01-2021/2021-01-21-14-07-45.jpg,636.864,312.4736,1242.816,684.896,MESNON,1920,1088
task_20210611_Lab/2021-06-11-15-46-53.jpg,1008.192,239.76,1249.728,610.848,MESCHA,1920,1080
task_20210705-07_balacet/2021-07-07-08-26-07.jpg,765.12,290.088,982.464,634.392,ROUGOR,1920,1080
task_20210526_UPS/20210526-085645_(15.0).jpg,654.528,352.4032,1309.056,1086.5856,PIEBAV,1920,1088
task_2021-03-01_13/20210301-132507_(8.0).jpg,220.032,468.7104,768.0,912.6144,MESCHA,1920,1088
task_20210612_1_Lab/2021-06-12-06-19-27.jpg,1016.064,186.948,1596.864,526.608,MESCHA,1920,1080
task_2021-03-01_09/20210301-090854_(7.0).jpg,1030.464,501.568,1213.824,700.3456,MESBLE,1920,1088
task_20210217/20210217-174314_03(11.0).jpg,108.096,0.0,1718.976,1080.0,TOUTUR,1920,1080
task_20210227/20210227-125213_(5.0).jpg,44.352,48.0896,505.536,401.2544,MESCHA,1920,1088
task_21-01-2021/2021-01-21-13-54-42.jpg,941.76,350.9888,1916.16,908.6976,MESBLE,1920,1088
task_2021-03-01_08/20210301-085447_(15.0).jpg,627.264,378.08,858.816,796.7424,VEREUR,1920,1088
task_20210615_Lab/2021-06-15-09-06-44.jpg,1333.44,275.616,1653.696,584.388,MESCHA,1920,1080
task_21-01-2021/2021-01-21-12-30-02.jpg,0.0,215.968,1018.944,737.0112,MESCHA,1920,1088
task_05-01-2021/2021-01-05-16-55-38.jpg,696.576,397.4464,1078.656,918.3808,ACCMOU,1920,1088
task_20210525_UPS/20210525-181020_(29.0).jpg,701.76,356.6464,1287.552,1086.0416,PIEBAV,1920,1088
task_20211204_Orlu/2021-12-23-16-09-01.jpg,1084.992,453.816,1443.264,693.36,MESCHA,1920,1080
task_20210227/20210227-172526_(6.0).jpg,1305.984,575.2256,1919.616,968.864,MESCHA,1920,1088
task_2021_11_03-04_cescau4/2021-11-03-16-27-41.jpg,1434.816,588.384,1914.624,860.436,MESNON,1920,1080
task_20210205/20210205-145711_03(15.0).jpg,1032.192,477.36,1920.0,938.412,VEREUR,1920,1080
task_20210205/20210205-161530_01(31.0).jpg,259.968,454.572,1128.96,868.212,VEREUR,1920,1080
task_21-01-2021/2021-01-21-13-17-35.jpg,225.792,252.6336,1138.56,721.5616,MESCHA,1920,1088
task_20210523_UPS/20210523-173429_(56.0).jpg,1.92,470.016,1121.28,874.0992,PIEBAV,1920,1088
task_20210525_UPS/20210525-181007_(26.0).jpg,561.6,289.2992,1673.088,1085.824,PIEBAV,1920,1088
task_19-01-2021/2021-01-19-10-58-18.jpg,1.92,173.536,1059.456,825.6832,MESCHA,1920,1088
task_20210705-07_balacet/2021-07-06-10-47-26.jpg,637.248,363.528,906.432,601.02,ROUGOR,1920,1080
task_21-01-2021/2021-01-21-12-48-28.jpg,428.352,194.752,1142.4,708.0704,MESCHA,1920,1088
task_20211204_Orlu/2021-12-24-10-55-41.jpg,1012.8,436.86,1226.304,753.3,MESCHA,1920,1080
task_05-01-2021/2021-01-05-16-57-33.jpg,335.808,395.3792,719.808,953.088,MESCHA,1920,1088
task_2021-03-01_13/20210301-135232_(14.0).jpg,841.344,486.1184,1084.416,744.736,VEREUR,1920,1088
task_2021_11_03-04_cescau4/2021-11-03-15-42-38.jpg,1442.112,496.8,1622.016,668.952,MESNON,1920,1080
task_2021-03-01_16/20210301-161335_(9.0).jpg,661.824,443.6864,1061.376,684.896,MESCHA,1920,1088
task_2021_11_03-04_cescau4/2021-11-03-13-18-34.jpg,1373.952,397.116,1741.056,676.512,MESCHA,1920,1080
task_2021_11_03-04_cescau4/2021-11-04-08-15-05.jpg,965.184,424.44,1600.128,755.244,PINARB,1920,1080
task_21-01-2021/2021-01-21-12-47-29.jpg,102.336,167.7696,874.176,708.0704,MESCHA,1920,1088
task_20210523_UPS/20210523-190947_(17.0).jpg,948.672,464.2496,1918.08,1084.6272,PIEBAV,1920,1088
task_2021-03-01_10/20210301-103526_(7.0).jpg,426.432,470.6688,972.672,848.8576,PINARB,1920,1088
task_2021_11_03-04_cescau4/2021-11-04-07-03-25.jpg,1323.456,496.692,1604.736,669.168,MESNON,1920,1080
task_20210623_balacet/2021-06-23-15-52-26.jpg,1034.304,267.84,1503.168,661.5,MESCHA,1920,1080
task_20210228/20210228-144456_(8.0).jpg,503.616,399.296,1115.328,715.6864,VEREUR,1920,1088
task_05-01-2021/2021-01-05-16-33-32.jpg,740.928,564.7808,1791.936,1088.0,MESBLE,1920,1088
task_21-01-2021/2021-01-21-14-05-24.jpg,849.024,324.0064,1248.576,873.9904,MESCHA,1920,1088
task_21-01-2021/2021-01-21-13-06-29.jpg,538.368,293.1072,1192.512,652.0384,MESBLE,1920,1088
task_21-01-2021/2021-01-21-13-44-21.jpg,740.928,51.8976,1096.128,503.5264,MESBLE,1920,1088
task_05-01-2021/2021-01-05-16-39-16.jpg,519.168,381.888,941.76,841.2416,SITTOR,1920,1088
task_21-01-2021/2021-01-21-12-02-25.jpg,609.792,208.2432,1453.056,542.0416,MESCHA,1920,1088
task_2021_11_03-04_cescau4/2021-11-03-14-33-38.jpg,1148.352,467.856,1691.904,699.948,SITTOR,1920,1080
task_21-01-2021/2021-01-21-12-35-15.jpg,953.28,383.8464,1437.696,881.7152,MESBLE,1920,1088
task_2021_11_03-04_cescau4/2021-11-03-12-20-50.jpg,1733.76,633.96,1920.0,989.172,MESNOI,1920,1080
task_2021-03-01_09/20210301-091101_(19.0).jpg,412.992,408.9792,831.744,881.7152,MESCHA,1920,1088
task_05-01-2021/2021-01-05-16-19-32.jpg,835.584,452.1728,1920.0,1088.0,MESCHA,1920,1088
task_20210612_1_Lab/2021-06-12-05-43-05.jpg,1321.92,443.448,1783.104,923.94,MESCHA,1920,1080
task_2021_11_03-04_cescau4/2021-11-03-14-50-45.jpg,1114.176,473.796,1602.432,668.736,MESCHA,1920,1080
task_20210624_balacet/2021-06-24-12-58-45.jpg,1175.232,368.172,1557.312,815.94,ACCMOU,1920,1080
task_2021_11_03-04_cescau4/2021-11-04-06-54-45.jpg,624.768,414.828,1362.816,951.156,PINARB,1920,1080
task_20210525_UPS/20210525-140448_(12.0).jpg,827.904,551.7248,1194.432,997.4784,MESCHA,1920,1088
task_06-01-2021/2021-01-06-12-08-42.jpg,1107.648,617.3312,1588.224,978.2208,MESCHA,1920,1088
task_2021-03-01_16/20210301-161058_(9.0).jpg,468.864,572.9408,714.048,1088.0,MESCHA,1920,1088
task_20210615_Lab/2021-06-15-13-48-42.jpg,1250.496,154.008,1833.216,532.224,MESCHA,1920,1080
task_19-01-2021/2021-01-19-10-59-04.jpg,104.256,403.104,434.304,737.0112,MESBLE,1920,1088
task_20211204_Orlu/2021-12-24-10-31-23.jpg,553.536,625.104,1198.464,983.772,SITTOR,1920,1080
task_20210615_Lab/2021-06-15-16-16-24.jpg,694.656,505.224,1462.656,1080.0,MESCHA,1920,1080
task_21-01-2021/2021-01-21-14-02-28.jpg,634.944,557.4912,1528.32,1088.0,MESCHA,1920,1088
task_2021_11_03-04_cescau4/2021-11-03-15-56-42.jpg,1343.04,481.68,1587.072,709.236,SITTOR,1920,1080
task_20210616_Lab/2021-06-16-09-27-17.jpg,470.784,196.992,1217.664,618.624,MESCHA,1920,1080
task_20210612_1_Lab/2021-06-12-05-42-05.jpg,791.232,227.34,1300.608,499.392,MESCHA,1920,1080
task_2021-03-01_17/20210301-173132_(10.0).jpg,210.432,408.8704,777.6,875.9488,MESCHA,1920,1088
task_20210615_Lab/2021-06-15-11-10-26.jpg,1174.08,258.66,1487.808,607.068,MESCHA,1920,1080
task_05-01-2021/2021-01-05-16-29-23.jpg,1398.912,515.0592,1920.0,1076.576,ACCMOU,1920,1088
task_20210624_balacet/2021-06-24-13-21-32.jpg,1195.008,328.536,1733.76,620.676,MESCHA,1920,1080
task_20210217/20210217-174346_06(12.0).jpg,0.0,1.188,1773.888,761.94,TOUTUR,1920,1080
task_21-01-2021/2021-01-21-12-39-46.jpg,123.456,298.9824,1128.96,727.328,MESCHA,1920,1088
task_20210615_Lab/2021-06-15-10-37-13.jpg,931.968,182.736,1113.6,449.712,MESCHA,1920,1080
task_20210624_balacet/2021-06-24-13-58-37.jpg,220.032,272.808,861.504,698.868,MESCHA,1920,1080
task_2021-03-01_16/20210301-165936_(12.0).jpg,1333.44,611.5648,1644.096,1007.1616,MESCHA,1920,1088
task_21-01-2021/2021-01-21-12-55-51.jpg,1067.136,447.4944,1520.64,858.5408,MESBLE,1920,1088
task_2021_11_03-04_cescau4/2021-11-04-07-43-37.jpg,1199.424,489.024,1700.16,682.236,MESCHA,1920,1080
task_2021_11_03-04_cescau4/2021-11-03-13-56-04.jpg,910.464,402.948,1594.176,726.084,PINARB,1920,1080
task_2021-03-01_14/20210301-144702_(11.0).jpg,1086.336,385.8048,1362.432,698.3872,VEREUR,1920,1088
task_2021_11_03-04_cescau4/2021-11-03-10-23-50.jpg,907.968,434.052,1543.872,688.392,SITTOR,1920,1080
task_20210616_Lab/2021-06-16-06-38-20.jpg,1390.848,284.04,1729.728,607.608,MESCHA,1920,1080
task_20210624_balacet/2021-06-24-05-21-36.jpg,10.368,498.42,857.664,1034.964,MESCHA,1920,1080
task_20210612_1_Lab/2021-06-12-06-23-54.jpg,999.552,264.06,1372.032,686.664,MESCHA,1920,1080
task_20210205/20210205-144948_01(85.0).jpg,440.256,481.14,1138.368,1054.08,MESCHA,1920,1080
task_20211204_Orlu/2021-12-23-13-18-48.jpg,835.968,339.228,1219.968,644.004,MESCHA,1920,1080
task_05-01-2021/2021-01-05-17-06-33.jpg,106.176,354.144,605.184,787.4944,MESCHA,1920,1088
task_05-01-2021/2021-01-05-17-12-31.jpg,872.256,403.2128,1460.736,883.5648,ACCMOU,1920,1088
task_05-01-2021/2021-01-05-17-06-16.jpg,1054.464,575.3344,1575.36,1088.0,MESBLE,1920,1088
task_20211204_Orlu/2021-12-23-14-35-02.jpg,555.648,446.472,1133.952,750.06,MESCHA,1920,1080
task_2021_11_03-04_cescau4/2021-11-03-12-29-40.jpg,1294.464,534.06,1868.928,910.332,MESCHA,1920,1080
task_06-01-2021/2021-01-06-11-32-11.jpg,218.112,183.1104,694.656,472.6272,MESNON,1920,1088
task_19-01-2021/2021-01-19-12-39-01.jpg,1250.496,142.6368,1572.672,580.6656,MESCHA,1920,1088
task_2021-03-01_15/20210301-150508_(7.0).jpg,785.472,455.2192,1173.312,642.464,MESCHA,1920,1088
task_20210615_Lab/2021-06-15-15-49-26.jpg,1240.704,235.116,1754.112,590.112,MESCHA,1920,1080
task_20210612_1_Lab/2021-06-12-06-38-02.jpg,665.856,209.952,991.872,792.72,MESCHA,1920,1080
task_2021-03-01_11/20210301-115954_(7.0).jpg,0.0,250.6752,202.56,522.784,MESCHA,1920,1088
task_2021-03-01_08/20210301-085337_(7.0).jpg,656.064,360.672,1192.512,790.976,VEREUR,1920,1088
task_2021-03-01_10/20210301-103119_(8.0).jpg,1059.456,441.728,1362.432,750.5024,VEREUR,1920,1088
task_20210611_Lab/2021-06-11-16-50-53.jpg,770.496,316.44,1451.136,798.552,MESCHA,1920,1080
task_20210624_balacet/2021-06-24-06-37-11.jpg,156.672,305.316,758.016,861.624,MESCHA,1920,1080
task_20211204_Orlu/2021-12-23-14-16-02.jpg,1126.464,470.772,1347.264,707.616,MESCHA,1920,1080
task_2021_11_03-04_cescau4/2021-11-04-06-59-12.jpg,1283.712,443.124,1590.72,674.136,MESCHA,1920,1080
task_20211204_Orlu/2021-12-23-13-25-55.jpg,279.936,445.284,816.96,920.16,MESCHA,1920,1080
task_20210217/20210217-174346_02(12.0).jpg,791.232,4.968,1622.208,646.272,TOUTUR,1920,1080
task_20210526_UPS/20210526-085408_(29.0).jpg,411.648,312.4736,1885.824,1088.0,PIEBAV,1920,1088
task_20210615_Lab/2021-06-15-14-08-42.jpg,1211.904,269.784,1622.784,1003.104,MESCHA,1920,1080
task_2021_11_03-04_cescau4/2021-11-03-16-32-50.jpg,869.76,395.604,1409.664,690.768,SITTOR,1920,1080
task_21-01-2021/2021-01-21-14-06-38.jpg,777.6,285.3824,1511.04,725.3696,MESNON,1920,1088
task_06-01-2021/2021-01-06-12-00-05.jpg,308.736,509.2928,677.376,754.3104,PINARB,1920,1088
task_20210525_UPS/20210525-150319_(24.0).jpg,627.264,432.0448,1511.04,1088.0,PIEBAV,1920,1088
task_19-01-2021/2021-01-19-10-54-05.jpg,110.016,264.1664,773.76,574.8992,MESBLE,1920,1088
task_2021_11_03-04_cescau4/2021-11-03-16-18-50.jpg,917.568,443.556,1333.632,703.512,PINARB,1920,1080
task_19-01-2021/2021-01-19-12-01-07.jpg,445.824,1.7408,1067.136,553.6832,ROUGOR,1920,1088
task_20210525_UPS/20210525-150431_(13.0).jpg,613.632,347.1808,1167.552,1088.0,PIEBAV,1920,1088
task_06-01-2021/2021-01-06-11-58-42.jpg,1315.968,312.4736,1719.36,561.408,PINARB,1920,1088
task_20210612_1_Lab/2021-06-12-05-37-11.jpg,1069.056,567.0,1676.928,1080.0,MESCHA,1920,1080
task_05-01-2021/2021-01-05-17-11-56.jpg,631.104,350.88,868.416,637.3504,MESNON,1920,1088
task_2021_11_03-04_cescau4/2021-11-03-15-42-28.jpg,1098.624,434.7,1604.544,699.732,SITTOR,1920,1080
task_20211204_Orlu/2021-12-23-16-12-54.jpg,969.792,442.584,1305.6,712.152,MESBLE,1920,1080
task_2021_11_03-04_cescau4/2021-11-03-15-05-05.jpg,866.688,442.152,1397.184,663.66,MESCHA,1920,1080
task_18-01-2021/2021-01-18-14-06-14.jpg,773.76,173.536,1302.528,598.0736,MESBLE,1920,1088
task_20210705-07_balacet/2021-07-07-08-03-03.jpg,1121.088,412.236,1369.152,726.192,MESNON,1920,1080
task_2021_11_03-04_cescau4/2021-11-04-07-55-52.jpg,1362.432,527.04,1876.032,1076.544,MESCHA,1920,1080
task_05-01-2021/2021-01-05-17-22-05.jpg,173.76,420.512,806.592,908.6976,MESCHA,1920,1088
task_20210612_1_Lab/2021-06-12-05-22-42.jpg,970.56,256.284,1732.8,630.612,MESCHA,1920,1080
task_18-01-2021/2021-01-18-13-37-42.jpg,216.192,407.0208,1078.656,818.0672,MESBLE,1920,1088
task_20210624_balacet/2021-06-24-06-11-48.jpg,940.8,366.876,1764.096,780.084,MESCHA,1920,1080
task_20210616_Lab/2021-06-16-09-19-04.jpg,1267.008,347.22,1597.44,801.684,MESCHA,1920,1080
task_2021_11_03-04_cescau4/2021-11-03-13-58-11.jpg,1255.872,882.576,1849.92,1079.676,SITTOR,1920,1080
task_05-01-2021/2021-01-05-16-52-55.jpg,966.72,613.4144,1902.72,1088.0,MESNON,1920,1088
task_20211204_Orlu/2021-12-24-10-43-16.jpg,1196.352,478.656,1419.648,703.836,MESNOI,1920,1080
task_2021-03-01_16/20210301-160304_(12.0).jpg,555.84,447.4944,1146.24,694.4704,MESCHA,1920,1088
task_2021_11_03-04_cescau4/2021-11-03-13-00-55.jpg,1115.52,376.056,1869.12,705.996,PINARB,1920,1080
task_2021-03-01_09/20210301-090714_(6.0).jpg,723.648,503.5264,939.84,733.0944,MOIDOM,1920,1088
task_20210616_Lab/2021-06-16-18-13-00.jpg,686.976,162.864,1258.176,514.188,MESCHA,1920,1080
task_20210205/20210205-124242_06(48.0).jpg,689.472,455.544,1208.064,879.228,MESCHA,1920,1080
task_05-01-2021/2021-01-05-16-53-10.jpg,584.64,507.3344,1661.568,1018.6944,SITTOR,1920,1088
task_21-01-2021/2021-01-21-12-30-00.jpg,430.272,167.7696,1144.32,696.4288,MESCHA,1920,1088
task_05-01-2021/2021-01-05-16-56-13.jpg,1067.52,441.2928,1577.28,1088.0,MESCHA,1920,1088
task_20210615_Lab/2021-06-15-10-40-14.jpg,1153.92,599.724,1705.92,1080.0,MESCHA,1920,1080
task_20211204_Orlu/2021-12-23-14-16-17.jpg,697.92,606.312,1036.224,1009.584,SITTOR,1920,1080
task_20210615_Lab/2021-06-15-09-05-49.jpg,1146.24,287.172,1669.248,594.0,MESCHA,1920,1080
task_20210611_Lab/2021-06-11-15-36-19.jpg,644.16,235.764,1229.184,493.992,MESCHA,1920,1080
task_20210227/20210227-135441_(8.0).jpg,685.056,598.0736,1078.656,1022.6112,MESBLE,1920,1088
task_05-01-2021/2021-01-05-17-06-35.jpg,1117.248,553.6832,1211.904,671.4048,MESCHA,1920,1088
task_20210623_balacet/2021-06-23-16-17-26.jpg,534.912,266.112,1155.456,694.44,MESCHA,1920,1080
task_06-01-2021/2021-01-06-11-47-10.jpg,229.632,588.3904,889.536,1088.0,MESCHA,1920,1088
task_2021-03-01_14/20210301-143244_(8.0).jpg,814.272,472.6272,1213.824,615.3728,MESBLE,1920,1088
task_20211204_Orlu/2021-12-23-16-05-54.jpg,687.744,484.056,1361.664,795.096,MESCHA,1920,1080
task_20210623_balacet/2021-06-23-09-30-41.jpg,1155.84,302.616,1553.472,605.556,MESCHA,1920,1080
task_05-01-2021/2021-01-05-17-15-36.jpg,1009.344,617.44,1920.0,1080.4928,MESCHA,1920,1088
task_19-01-2021/2021-01-19-12-25-36.jpg,820.032,163.5264,1920.0,994.432,MESCHA,1920,1088
task_2021-03-01_09/20210301-093733_(11.0).jpg,845.184,698.3872,1649.856,1088.0,MESBLE,1920,1088
task_20210705-07_balacet/2021-07-07-06-35-51.jpg,1220.16,349.164,1455.936,687.42,ACCMOU,1920,1080
task_20210624_balacet/2021-06-24-11-20-31.jpg,826.944,297.216,1092.864,709.344,MESCHA,1920,1080
task_20210623_balacet/2021-06-23-11-35-04.jpg,843.264,343.116,1331.52,551.556,MESCHA,1920,1080
task_20210624_balacet/2021-06-24-10-43-33.jpg,1194.432,343.116,1528.32,740.664,ACCMOU,1920,1080
task_2021-03-01_10/20210301-100216_(9.0).jpg,1217.664,285.3824,1429.824,737.0112,VEREUR,1920,1088
task_20210418_UPS/20210418-091627_(8.0).jpg,184.128,414.9632,764.544,944.2752,MESCHA,1920,1088
task_21-01-2021/2021-01-21-12-52-41.jpg,0.0,329.7728,1078.656,812.192,MESCHA,1920,1088
task_2021_11_03-04_cescau4/2021-11-03-11-11-47.jpg,811.776,507.276,1056.576,931.284,MESCHA,1920,1080
task_2021_11_03-04_cescau4/2021-11-04-08-35-08.jpg,771.072,481.896,1203.072,699.948,MESNON,1920,1080
task_20210616_Lab/2021-06-16-09-23-13.jpg,579.84,215.136,1103.04,724.572,MESCHA,1920,1080
task_2021_11_03-04_cescau4/2021-11-03-12-09-42.jpg,1173.504,492.156,1621.056,777.708,MESBLE,1920,1080
task_2021-03-01_09/20210301-093515_(7.0).jpg,0.0,439.7696,364.8,812.192,MESBLE,1920,1088
task_19-01-2021/2021-01-19-12-06-32.jpg,899.328,107.9296,1483.968,434.0032,MESNON,1920,1088
task_20210624_balacet/2021-06-24-12-52-38.jpg,1026.624,252.396,1375.872,617.112,MESCHA,1920,1080
task_20210523_UPS/20210523-185434_(17.0).jpg,922.176,396.032,1916.16,1086.5856,PIEBAV,1920,1088
task_20211204_Orlu/2021-12-23-14-05-04.jpg,794.112,506.952,1069.824,722.52,SITTOR,1920,1080
task_20211204_Orlu/2021-12-23-14-57-37.jpg,459.648,535.896,1237.248,900.828,MESCHA,1920,1080
task_20210625_balacet/2021-06-25-05-55-35.jpg,1136.64,372.06,1620.864,736.776,MESCHA,1920,1080
task_2021-03-01_15/20210301-151344_(6.0).jpg,700.416,493.8432,955.2,767.8016,MESCHA,1920,1088
task_18-01-2021/2021-01-18-13-46-39.jpg,152.448,302.7904,669.696,845.0496,MESCHA,1920,1088
task_2021_11_03-04_cescau4/2021-11-03-16-23-44.jpg,1124.352,447.012,1804.224,696.924,MESCHA,1920,1080
task_20210616_Lab/2021-06-16-18-54-58.jpg,483.264,197.424,911.424,713.556,MESCHA,1920,1080
task_20210616_Lab/2021-06-16-17-59-46.jpg,1406.976,846.612,1745.472,1080.0,MESCHA,1920,1080
task_2021-03-01_09/20210301-090254_(11.0).jpg,1204.224,721.5616,1918.08,1088.0,MESCHA,1920,1088
task_2021-03-01_07/20210301-073958_(5.0).jpg,382.08,509.2928,740.928,931.872,MESBLE,1920,1088
task_2021-03-01_16/20210301-165702_(8.0).jpg,627.264,434.0032,997.632,657.8048,MESBLE,1920,1088
task_2021_11_03-04_cescau4/2021-11-03-14-19-54.jpg,1070.592,388.26,1704.576,698.22,PINARB,1920,1080
task_2021-03-01_11/20210301-110926_(7.0).jpg,1343.04,833.408,1738.56,1086.2592,MESCHA,1920,1088
task_20211204_Orlu/2021-12-23-14-56-28.jpg,1608.96,788.076,1915.776,1080.0,MESBLE,1920,1080
task_20211204_Orlu/2021-12-23-14-27-57.jpg,1005.504,448.632,1449.984,706.644,MESCHA,1920,1080
task_20210217/20210217-130815_01(12.0).jpg,517.824,2.052,855.744,351.756,MESCHA,1920,1080
task_2021_11_03-04_cescau4/2021-11-04-07-37-55.jpg,1328.832,508.14,1552.512,672.084,MESNON,1920,1080
task_20210705-07_balacet/2021-07-06-08-59-02.jpg,488.256,512.892,702.336,1020.06,MESNON,1920,1080
task_2021_11_03-04_cescau4/2021-11-04-07-32-42.jpg,1326.72,511.056,1590.336,970.38,MESCHA,1920,1080
task_2021_11_03-04_cescau4/2021-11-04-06-41-07.jpg,1465.344,533.844,1920.0,931.392,MESNOI,1920,1080
task_20211204_Orlu/2021-12-24-10-07-49.jpg,1202.688,513.0,1455.168,806.328,MESCHA,1920,1080
task_20210612_1_Lab/2021-06-12-06-39-36.jpg,878.016,269.784,1084.416,536.112,MESCHA,1920,1080
task_2021-03-01_12/20210301-125413_(7.0).jpg,302.976,478.3936,746.88,926.1056,MESBLE,1920,1088
task_2021-03-01_15/20210301-153845_(13.0).jpg,297.216,437.92,768.0,968.5376,MESCHA,1920,1088
task_20210615_Lab/2021-06-15-16-16-28.jpg,1084.416,201.204,1224.0,423.468,MESCHA,1920,1080
task_05-01-2021/2021-01-05-17-22-42.jpg,802.752,304.7488,1184.832,831.4496,MESCHA,1920,1088
task_21-01-2021/2021-01-21-12-02-01.jpg,1134.72,308.5568,1920.0,785.2096,MESCHA,1920,1088
task_20211204_Orlu/2021-12-24-10-54-30.jpg,1187.904,466.56,1735.872,787.536,MESCHA,1920,1080
task_20211204_Orlu/2021-12-24-09-18-48.jpg,1137.024,478.332,1443.264,731.052,MESCHA,1920,1080
task_2021-03-01_09/20210301-090012_(23.0).jpg,1001.472,599.9232,1916.16,1088.0,MESCHA,1920,1088
task_20210612_1_Lab/2021-06-12-06-11-25.jpg,532.608,206.172,1153.92,526.5,MESCHA,1920,1080
task_2021-03-01_17/20210301-175809_(9.0).jpg,1007.232,688.704,1385.472,1088.0,MESCHA,1920,1088
task_2021_11_03-04_cescau4/2021-11-04-07-31-58.jpg,640.32,409.32,1209.024,771.66,PINARB,1920,1080
task_2021_11_03-04_cescau4/2021-11-04-07-45-31.jpg,1164.288,280.692,1753.344,875.124,MESCHA,1920,1080
task_20210228/20210228-150315_(6.0).jpg,341.568,466.8608,796.992,850.816,MESCHA,1920,1088
task_20211204_Orlu/2021-12-24-09-28-53.jpg,1482.432,820.584,1843.2,1077.732,MESBLE,1920,1080
task_20210217/20210217-174352_06(13.0).jpg,720.96,1.188,1918.08,627.264,TOUTUR,1920,1080
task_20210523_UPS/20210523-173716_(48.0).jpg,0.0,403.5392,948.672,830.4704,PIEBAV,1920,1088
task_20210612_1_Lab/2021-06-12-06-16-54.jpg,472.704,248.616,795.072,624.888,MESCHA,1920,1080
task_MOIDOM_ODJ/2133.jpeg,241.8525,172.1088,370.71,290.1744,MOIDOM,675,432
task_20210705-07_balacet/2021-07-06-11-07-15.jpg,945.216,236.52,1339.2,633.528,ROUGOR,1920,1080
task_20210228/20210228-132927_(5.0).jpg,503.616,393.5296,997.632,638.5472,MESCHA,1920,1088
task_20210612_1_Lab/2021-06-12-06-01-04.jpg,735.168,252.396,1113.408,507.168,MESCHA,1920,1080
task_21-01-2021/2021-01-21-12-29-17.jpg,638.784,684.896,1153.92,1088.0,MESCHA,1920,1088
task_2021-03-01_12/20210301-123708_(7.0).jpg,318.336,428.2368,737.088,1014.7776,MESCHA,1920,1088
task_20210612_1_Lab/2021-06-12-06-33-26.jpg,941.76,196.452,1601.664,651.888,MESCHA,1920,1080
task_2021_11_03-04_cescau4/2021-11-04-08-08-09.jpg,1043.904,466.668,1501.824,667.656,SITTOR,1920,1080
task_20210705-07_balacet/2021-07-07-08-34-59.jpg,1190.592,420.984,1546.752,790.236,SITTOR,1920,1080
task_05-01-2021/2021-01-05-17-12-35.jpg,876.864,372.7488,1169.472,708.832,MESCHA,1920,1088
task_05-01-2021/2021-01-05-17-05-31.jpg,1260.096,374.1632,1920.0,785.2096,MESCHA,1920,1088
task_20210525_UPS/20210525-100201_(16.0).jpg,438.336,594.4832,1093.632,867.68,MESCHA,1920,1088
task_20210612_1_Lab/2021-06-12-06-29-49.jpg,978.432,240.84,1184.832,493.668,MESCHA,1920,1080
task_20210217/20210217-134009_04(55.0).jpg,633.6,298.62,936.576,714.312,MESCHA,1920,1080
task_20210705-07_balacet/2021-07-06-13-35-21.jpg,358.08,404.676,799.104,726.624,MESNON,1920,1080
task_2021-03-01_09/20210301-090008_(9.0).jpg,1024.704,441.728,1366.272,1082.3424,MESCHA,1920,1088
task_20210523_UPS/20210523-174109_(18.0).jpg,823.488,367.5264,1918.08,1084.6272,PIEBAV,1920,1088
task_20211204_Orlu/2021-12-24-09-13-54.jpg,830.208,501.552,1333.824,761.832,MESCHA,1920,1080
task_21-01-2021/2021-01-21-13-55-56.jpg,1155.84,383.8464,1607.424,872.032,MESCHA,1920,1088
task_06-01-2021/2021-01-06-11-13-17.jpg,833.664,756.2688,1291.008,1010.9696,ACCMOU,1920,1088
task_20210616_Lab/2021-06-16-09-18-13.jpg,1582.848,290.844,1920.0,801.576,MESCHA,1920,1080
task_2021_11_03-04_cescau4/2021-11-04-06-59-56.jpg,1023.36,476.712,1528.32,676.728,PINARB,1920,1080
task_20210611_Lab/2021-06-11-18-48-32.jpg,286.656,224.1,909.312,655.56,MESCHA,1920,1080
task_20210624_balacet/2021-06-24-12-20-53.jpg,1124.928,298.728,1719.36,603.612,ACCMOU,1920,1080
task_20211204_Orlu/2021-12-24-08-23-18.jpg,1147.776,507.384,1515.264,718.524,MESNON,1920,1080
task_21-01-2021/2021-01-21-12-10-28.jpg,1.92,144.5952,596.352,706.112,MESNON,1920,1088
task_05-01-2021/2021-01-05-17-34-56.jpg,1167.552,495.8016,1902.72,972.3456,ACCMOU,1920,1088
task_20211204_Orlu/2021-12-24-10-11-36.jpg,994.176,466.776,1460.736,738.504,MESCHA,1920,1080
task_20210523_UPS/20210523-173423_(23.0).jpg,0.0,420.6208,1037.76,929.152,PIEBAV,1920,1088
task_20211204_Orlu/2021-12-23-13-46-02.jpg,929.28,468.072,1315.2,724.464,MESCHA,1920,1080
task_05-01-2021/2021-01-05-16-51-44.jpg,0.0,534.3168,273.984,798.7008,MESNON,1920,1088
task_2021_11_03-04_cescau4/2021-11-04-07-39-25.jpg,994.944,334.692,1470.144,805.572,MESCHA,1920,1080
task_20210615_Lab/2021-06-15-13-46-34.jpg,1063.296,318.06,1315.968,758.052,MESCHA,1920,1080
task_2021_11_03-04_cescau4/2021-11-04-07-39-05.jpg,1445.952,507.168,1651.392,695.304,MESNOI,1920,1080
task_20210615_Lab/2021-06-15-11-06-50.jpg,1420.224,265.896,1798.464,594.0,MESCHA,1920,1080
task_20210615_Lab/2021-06-15-09-27-41.jpg,1215.744,188.784,1715.52,472.392,MESCHA,1920,1080
task_2021_11_03-04_cescau4/2021-11-03-15-04-11.jpg,477.12,478.224,999.168,860.22,MESCHA,1920,1080
task_20210612_1_Lab/2021-06-12-06-19-19.jpg,1111.68,828.36,1683.648,1080.0,MESCHA,1920,1080
task_06-01-2021/2021-01-06-11-52-40.jpg,283.776,584.5824,1331.52,1088.0,MESCHA,1920,1088
task_2021-03-01_08/20210301-085405_(5.0).jpg,1364.352,937.6384,1823.616,1088.0,MESCHA,1920,1088
task_19-01-2021/2021-01-19-13-15-26.jpg,152.448,134.912,835.584,530.5088,MESBLE,1920,1088
task_20210526_UPS/20210526-150055_(24.0).jpg,848.064,403.5392,1916.16,1088.0,PIEBAV,1920,1088
task_20210624_balacet/2021-06-24-11-06-14.jpg,1074.816,296.784,1696.128,622.944,MESCHA,1920,1080
task_18-01-2021/2021-01-18-13-53-19.jpg,550.08,308.5568,984.192,812.192,MESNON,1920,1088
task_21-01-2021/2021-01-21-13-32-49.jpg,586.56,368.3968,1134.72,887.4816,MESNON,1920,1088
task_2021_11_03-04_cescau4/2021-11-03-12-49-01.jpg,962.112,426.276,1310.208,1004.616,MESHUP,1920,1080
task_20210615_Lab/2021-06-15-13-22-31.jpg,918.528,182.952,1451.136,472.392,MESCHA,1920,1080
task_20210523_UPS/20210523-173755_(49.0).jpg,616.704,445.3184,1358.4,1082.7776,PIEBAV,1920,1088
task_20211204_Orlu/2021-12-24-08-56-55.jpg,803.328,452.952,1377.408,682.884,MESCHA,1920,1080
task_20210227/20210227-175504_(6.0).jpg,901.248,528.5504,1350.72,760.0768,MESCHA,1920,1088
task_2021-03-01_16/20210301-164900_(18.0).jpg,609.792,426.2784,1155.84,636.5888,MESCHA,1920,1088
task_2021-03-01_08/20210301-083350_(9.0).jpg,208.512,547.9168,858.624,877.7984,MESCHA,1920,1088
task_20210612_1_Lab/2021-06-12-06-33-31.jpg,943.68,277.56,1406.784,777.276,MESCHA,1920,1080
task_20210615_Lab/2021-06-15-09-02-26.jpg,796.992,381.672,1427.904,661.5,MESCHA,1920,1080
task_2021_11_03-04_cescau4/2021-11-03-14-59-41.jpg,1216.896,479.628,1850.88,742.608,SITTOR,1920,1080
task_20210417_UPS/20210417-175555_(24.0).jpg,0.0,392.3328,1452.672,906.4128,PIEBAV,1920,1088
task_20210615_Lab/2021-06-15-13-34-20.jpg,910.848,219.672,1472.448,451.224,MESCHA,1920,1080
task_20210611_Lab/2021-06-11-16-25-07.jpg,874.752,318.06,1240.896,744.876,MESCHA,1920,1080
task_20210615_Lab/2021-06-15-11-08-19.jpg,1248.576,300.672,1844.736,651.888,MESCHA,1920,1080
task_2021-03-01_09/20210301-091617_(22.0).jpg,420.672,297.024,1348.8,910.656,TOUTUR,1920,1088
task_20210615_Lab/2021-06-15-11-02-21.jpg,1059.456,204.228,1310.208,429.948,MESCHA,1920,1080
task_2021_11_03-04_cescau4/2021-11-03-13-58-05.jpg,734.208,512.676,1309.632,1011.744,SITTOR,1920,1080
task_06-01-2021/2021-01-06-10-57-51.jpg,412.992,702.1952,1057.536,1072.768,MESCHA,1920,1088
task_20210227/20210227-143940_(8.0).jpg,1074.816,567.1744,1209.984,706.112,MESCHA,1920,1088
task_18-01-2021/2021-01-18-13-45-47.jpg,1165.632,358.7136,1524.48,841.1328,MESBLE,1920,1088
task_2021_11_03-04_cescau4/2021-11-03-14-22-22.jpg,1396.608,507.168,1643.136,661.068,MESNOI,1920,1080
task_20210705-07_balacet/2021-07-06-12-55-12.jpg,813.12,385.776,1082.688,907.632,MESBLE,1920,1080
task_20210616_Lab/2021-06-16-09-14-25.jpg,1206.528,273.672,1679.808,519.696,MESCHA,1920,1080
task_2021_11_03-04_cescau4/2021-11-04-08-12-39.jpg,1132.224,478.548,1541.184,689.472,SITTOR,1920,1080
task_20210227/20210227-131446_(9.0).jpg,1022.784,576.8576,1451.136,1088.0,VEREUR,1920,1088
task_2021_11_03-04_cescau4/2021-11-04-08-03-51.jpg,1022.976,490.536,1469.952,684.504,MESCHA,1920,1080
task_20210612_1_Lab/2021-06-12-05-07-32.jpg,623.232,242.784,989.952,567.0,MESCHA,1920,1080
task_18-01-2021/2021-01-18-14-18-47.jpg,1217.664,11.424,1912.32,347.1808,MESBLE,1920,1088
task_20211204_Orlu/2021-12-23-13-39-07.jpg,362.88,470.88,920.64,937.332,MESCHA,1920,1080
task_2021-03-01_11/20210301-115932_(10.0).jpg,368.64,395.3792,934.08,733.0944,MESCHA,1920,1088
task_20210611_Lab/2021-06-11-13-53-14.jpg,1111.872,335.124,1900.992,678.456,MESCHA,1920,1080
task_20210227/20210227-151102_(6.0).jpg,667.776,466.8608,976.512,858.5408,MESCHA,1920,1088
task_20210615_Lab/2021-06-15-15-51-23.jpg,1120.128,292.572,1388.544,615.816,MESCHA,1920,1080
task_20210611_Lab/2021-06-11-15-09-21.jpg,851.904,217.404,1240.896,584.604,MESCHA,1920,1080
task_20210228/20210228-122958_(9.0).jpg,328.128,225.6512,845.184,806.4256,MESCHA,1920,1088
task_2021-03-01_08/20210301-085719_(8.0).jpg,536.448,418.5536,858.816,650.1888,MESCHA,1920,1088
task_19-01-2021/2021-01-19-12-38-02.jpg,816.384,0.0,1507.008,476.544,ROUGOR,1920,1088
task_05-01-2021/2021-01-05-16-40-02.jpg,1153.92,524.7424,1920.0,1080.2752,MESCHA,1920,1088
task_20210526_UPS/20210526-085608_(25.0).jpg,791.232,382.6496,1398.336,1084.6272,PIEBAV,1920,1088
task_20210615_Lab/2021-06-15-13-51-56.jpg,1011.264,190.728,1283.328,428.004,MESCHA,1920,1080
task_18-01-2021/2021-01-18-13-16-21.jpg,0.0,424.4288,505.536,989.7536,MESNON,1920,1088
task_20210612_1_Lab/2021-06-12-06-32-39.jpg,582.72,265.896,930.048,487.836,MESCHA,1920,1080
task_20210416_UPS/20210416-172935_(6.0).jpg,810.432,758.2272,1136.64,958.8544,MESCHA,1920,1088
task_06-01-2021/2021-01-06-11-21-37.jpg,1458.816,538.2336,1920.0,968.5376,MESCHA,1920,1088
task_2021_11_03-04_cescau4/2021-11-03-14-25-01.jpg,1262.4,476.82,1656.0,769.176,SITTOR,1920,1080
task_20210612_1_Lab/2021-06-12-05-45-09.jpg,536.448,279.396,1215.744,590.112,MESCHA,1920,1080
task_20210611_Lab/2021-06-11-16-50-39.jpg,1326.336,263.628,1675.584,936.684,MESCHA,1920,1080
task_2021_11_03-04_cescau4/2021-11-03-12-37-08.jpg,1098.24,468.396,1603.2,672.516,MESCHA,1920,1080
task_2021_11_03-04_cescau4/2021-11-03-14-10-09.jpg,1171.776,518.076,1474.752,987.12,MESCHA,1920,1080
task_20210611_Lab/2021-06-11-18-16-44.jpg,790.272,675.432,1680.0,1080.0,MESCHA,1920,1080
task_2021_11_03-04_cescau4/2021-11-03-12-43-20.jpg,1080.96,456.732,1695.936,714.204,MESCHA,1920,1080
task_2021-03-01_09/20210301-092230_(21.0).jpg,362.88,306.7072,1221.504,692.6208,TOUTUR,1920,1088
task_05-01-2021/2021-01-05-17-27-33.jpg,0.0,231.4176,333.888,806.4256,ACCMOU,1920,1088
task_2021_11_03-04_cescau4/2021-11-03-12-20-26.jpg,1116.864,458.892,1637.184,660.528,MESNON,1920,1080
task_20210523_UPS/20210523-173735_(13.0).jpg,483.84,325.7472,916.416,1082.7776,PIEBAV,1920,1088
task_20210624_balacet/2021-06-24-12-04-47.jpg,1204.224,389.448,1545.6,804.276,MESCHA,1920,1080
task_20210525_UPS/20210525-154449_(41.0).jpg,492.096,418.5536,1389.312,1088.0,PIEBAV,1920,1088
task_20210227/20210227-124417_(5.0).jpg,1076.736,818.0672,1511.04,1088.0,VEREUR,1920,1088
task_20211204_Orlu/2021-12-23-15-39-34.jpg,667.968,453.492,1199.424,709.02,MESCHA,1920,1080
task_2021_11_03-04_cescau4/2021-11-03-15-13-45.jpg,1226.112,449.82,1706.112,701.892,SITTOR,1920,1080
task_2021_11_03-04_cescau4/2021-11-03-14-57-36.jpg,919.104,486.756,1452.48,735.048,MESCHA,1920,1080
task_20210612_1_Lab/2021-06-12-05-27-25.jpg,1211.904,252.396,1754.112,692.388,MESCHA,1920,1080
task_20210615_Lab/2021-06-15-08-33-14.jpg,795.072,206.172,1377.792,470.448,VEREUR,1920,1080
task_19-01-2021/2021-01-19-11-12-09.jpg,793.152,161.8944,1221.504,663.68,MESCHA,1920,1088
task_21-01-2021/2021-01-21-13-53-27.jpg,86.784,408.9792,453.504,657.9136,MESCHA,1920,1088
task_20210612_1_Lab/2021-06-12-06-37-38.jpg,820.224,256.284,1381.632,464.724,MESCHA,1920,1080
task_2021-03-01_09/20210301-090306_(7.0).jpg,746.88,468.7104,962.88,657.9136,MESCHA,1920,1088
task_20210616_Lab/2021-06-16-04-48-04.jpg,1267.968,254.34,1699.968,572.724,MESCHA,1920,1080
task_20210228/20210228-163229_(9.0).jpg,984.192,652.0384,1364.352,1086.2592,MESCHA,1920,1088
task_20211204_Orlu/2021-12-23-14-55-29.jpg,992.832,522.396,1235.52,733.644,SITTOR,1920,1080
task_2021_11_03-04_cescau4/2021-11-03-14-30-13.jpg,1389.696,456.624,1569.6,625.536,MESNON,1920,1080
task_20210616_Lab/2021-06-16-17-49-27.jpg,743.424,187.596,1449.024,547.128,MESCHA,1920,1080
task_20211204_Orlu/2021-12-24-09-34-11.jpg,650.88,530.928,1009.152,747.576,SITTOR,1920,1080
task_20210612_1_Lab/2021-06-12-04-38-46.jpg,1063.296,368.172,1466.496,860.328,MESCHA,1920,1080
task_20210612_1_Lab/2021-06-12-06-36-30.jpg,970.56,254.448,1300.608,507.168,MESCHA,1920,1080
task_20210205/20210205-152558_01(20.0).jpg,140.352,435.672,1030.272,911.844,MESCHA,1920,1080
task_18-01-2021/2021-01-18-14-19-18.jpg,791.232,449.4528,1561.152,1082.3424,MESCHA,1920,1088
task_2021-03-01_10/20210301-100112_(7.0).jpg,283.776,335.648,845.184,1024.4608,VEREUR,1920,1088
task_20210615_Lab/2021-06-15-10-46-31.jpg,1043.52,213.84,1726.848,507.492,MESCHA,1920,1080
task_20210412/20210412-170947_(8.0).jpg,1044.672,637.4592,1322.88,799.8976,MESCHA,1920,1088
task_20210615_Lab/2021-06-15-09-09-27.jpg,1127.04,229.284,1840.896,651.888,MESCHA,1920,1080
task_20210623_balacet/2021-06-23-11-23-29.jpg,208.32,299.376,808.32,920.7,MESCHA,1920,1080
task_20210611_Lab/2021-06-11-14-35-43.jpg,1085.184,187.056,1686.72,674.676,MESCHA,1920,1080
task_20210523_UPS/20210523-173755_(49.0).jpg,15.168,430.0864,1041.6,1086.5856,PIEBAV,1920,1088
task_20210217/20210217-152100_01(11.0).jpg,0.0,309.312,685.824,675.0,MESCHA,1920,1080
task_20210616_Lab/2021-06-16-06-36-28.jpg,1071.744,248.832,1715.904,640.44,MESCHA,1920,1080
task_20211204_Orlu/2021-12-23-14-03-29.jpg,534.912,490.32,1113.408,734.94,MESCHA,1920,1080
task_2021_11_03-04_cescau4/2021-11-03-13-10-22.jpg,1041.024,520.776,1229.952,680.292,MESNON,1920,1080
task_20210615_Lab/2021-06-15-09-09-55.jpg,1255.296,209.412,1822.08,450.684,MESCHA,1920,1080
task_20210418_UPS/20210418-124223_(14.0).jpg,758.976,625.6,1420.992,1014.4512,MESCHA,1920,1088
task_21-01-2021/2021-01-21-12-16-22.jpg,1150.08,408.9792,1920.0,1088.0,MESBLE,1920,1088
task_20210616_Lab/2021-06-16-06-57-26.jpg,1121.856,684.936,1784.256,1080.0,MESCHA,1920,1080
task_21-01-2021/2021-01-21-13-20-26.jpg,1070.976,343.3728,1613.184,819.9168,MESCHA,1920,1088
task_2021-03-01_15/20210301-155202_(15.0).jpg,501.696,414.7456,1034.304,671.4048,MESCHA,1920,1088
task_2021_11_03-04_cescau4/2021-11-04-07-26-13.jpg,1160.256,334.476,1553.472,638.604,MESNON,1920,1080
task_2021_11_03-04_cescau4/2021-11-03-11-31-24.jpg,1493.184,490.104,1920.0,899.316,MESNON,1920,1080
task_2021-03-01_08/20210301-085031_(10.0).jpg,1028.544,544.0,1495.488,1088.0,MESCHA,1920,1088
task_2021-03-01_09/20210301-090845_(10.0).jpg,320.448,435.9616,995.712,792.9344,PINARB,1920,1088
task_20210612_1_Lab/2021-06-12-06-15-12.jpg,899.328,333.504,1366.272,850.608,MESCHA,1920,1080
task_2021_11_03-04_cescau4/2021-11-03-11-52-41.jpg,902.4,419.58,1155.84,694.764,MESHUP,1920,1080
task_2021_11_03-04_cescau4/2021-11-03-15-19-12.jpg,1707.072,510.84,1918.272,870.804,MESNON,1920,1080
task_20210705-07_balacet/2021-07-07-08-01-46.jpg,973.824,397.872,1591.872,793.8,ACCMOU,1920,1080
task_2021-03-01_11/20210301-110117_(12.0).jpg,524.928,447.4944,1005.312,636.5888,MESCHA,1920,1088
task_05-01-2021/2021-01-05-17-18-03.jpg,1454.976,526.592,1920.0,1005.2032,ACCMOU,1920,1088
task_20211204_Orlu/2021-12-23-14-08-36.jpg,903.744,446.472,1243.968,746.496,MESCHA,1920,1080
task_2021-03-01_07/20210301-075623_(11.0).jpg,1090.368,511.2512,1399.104,1088.0,VEREUR,1920,1088
task_19-01-2021/2021-01-19-10-49-36.jpg,3.84,266.1248,754.56,630.8224,MESBLE,1920,1088
task_20210217/20210217-163341_01(33.0).jpg,599.616,261.036,1219.968,553.284,VEREUR,1920,1080
task_20210417_UPS/20210417-194348_(22.0).jpg,162.432,722.976,1920.0,1088.0,PIEBAV,1920,1088
task_05-01-2021/2021-01-05-16-10-11.jpg,1155.072,398.8608,1920.0,1022.6112,MESCHA,1920,1088
task_20210611_Lab/2021-06-11-17-23-29.jpg,481.152,237.708,1121.856,560.844,MESCHA,1920,1080
task_2021_11_03-04_cescau4/2021-11-03-10-42-56.jpg,1281.792,434.268,1549.056,752.22,SITTOR,1920,1080
task_20210623_balacet/2021-06-23-11-20-50.jpg,820.416,321.516,1624.32,707.4,MESCHA,1920,1080
task_2021_11_03-04_cescau4/2021-11-04-07-04-44.jpg,997.44,371.52,1472.256,750.492,PINARB,1920,1080
task_20210615_Lab/2021-06-15-13-22-48.jpg,1289.088,281.34,1568.832,817.776,MESCHA,1920,1080
task_20211204_Orlu/2021-12-23-15-29-32.jpg,893.76,449.604,1404.672,725.436,MESCHA,1920,1080
task_2021_11_03-04_cescau4/2021-11-04-07-49-28.jpg,697.92,635.688,1293.12,1080.0,MESNON,1920,1080
task_05-01-2021/2021-01-05-17-14-11.jpg,470.976,463.0528,943.68,1072.6592,SITTOR,1920,1088
task_05-01-2021/2021-01-05-17-00-30.jpg,935.808,393.5296,1300.608,854.7328,MESCHA,1920,1088
task_20210615_Lab/2021-06-15-11-05-38.jpg,852.864,148.284,1574.592,507.168,MESCHA,1920,1080
task_2021_11_03-04_cescau4/2021-11-04-07-43-58.jpg,1110.72,442.584,1317.888,678.132,MESCHA,1920,1080
task_20210611_Lab/2021-06-11-15-31-08.jpg,628.8,137.376,968.64,795.096,MESCHA,1920,1080
task_20210525_UPS/20210525-181003_(44.0).jpg,640.896,2.8288,1919.232,1088.0,PIEBAV,1920,1088
task_2021-03-01_14/20210301-142229_(12.0).jpg,970.56,623.0976,1427.904,1088.0,MESCHA,1920,1088
task_20211204_Orlu/2021-12-23-16-06-07.jpg,1213.824,463.32,1916.736,1000.08,MESCHA,1920,1080
task_20210217/20210217-171410_04(11.0).jpg,842.304,274.32,1178.304,896.616,MESCHA,1920,1080
task_2021_11_03-04_cescau4/2021-11-03-14-52-17.jpg,1206.144,482.76,1676.16,701.676,SITTOR,1920,1080
task_20210615_Lab/2021-06-15-13-53-50.jpg,1244.736,246.672,1838.976,540.0,MESCHA,1920,1080
task_2021_11_03-04_cescau4/2021-11-04-07-25-33.jpg,1577.664,498.636,1919.04,1074.6,MESHUP,1920,1080
task_21-01-2021/2021-01-21-12-29-19.jpg,555.84,277.6576,1115.328,617.3312,MESCHA,1920,1088
task_21-01-2021/2021-01-21-13-21-30.jpg,930.048,331.7312,1742.592,821.8752,MESNON,1920,1088
task_20210612_1_Lab/2021-06-12-05-42-25.jpg,997.632,175.284,1302.528,796.608,MESCHA,1920,1080
task_20211204_Orlu/2021-12-23-14-44-40.jpg,1480.32,578.664,1884.672,1028.592,MESBLE,1920,1080
task_2021_11_03-04_cescau4/2021-11-03-15-24-55.jpg,1666.368,572.184,1920.0,905.472,MESNON,1920,1080
task_20210616_Lab/2021-06-16-18-48-51.jpg,902.016,228.636,1558.464,456.192,MESCHA,1920,1080
task_2021-03-01_17/20210301-170051_(9.0).jpg,702.336,434.0032,1231.104,653.9968,VEREUR,1920,1088
task_20210205/20210205-125318_02(21.0).jpg,0.0,259.2,1026.432,896.616,MESCHA,1920,1080
task_20210611_Lab/2021-06-11-16-40-46.jpg,1248.768,237.924,1606.464,704.592,MESCHA,1920,1080
task_20210217/20210217-160934_03(11.0).jpg,465.6,233.82,1078.08,595.296,MESCHA,1920,1080
task_20210615_Lab/2021-06-15-08-29-13.jpg,501.696,258.228,1080.576,727.164,MESCHA,1920,1080
task_20210525_UPS/20210525-184043_(24.0).jpg,482.88,313.1264,1916.16,1086.4768,PIEBAV,1920,1088
task_21-01-2021/2021-01-21-14-02-34.jpg,441.984,192.7936,1057.536,700.3456,MESCHA,1920,1088
task_20210217/20210217-171410_06(11.0).jpg,798.528,307.152,1028.16,587.952,MESCHA,1920,1080
task_20210205/20210205-164919_03(74.0).jpg,49.344,452.736,1155.456,1059.804,MESCHA,1920,1080
task_20210228/20210228-134856_(10.0).jpg,497.856,308.5568,922.368,646.272,VEREUR,1920,1088
task_19-01-2021/2021-01-19-11-56-42.jpg,285.696,65.4976,941.76,462.944,MESNON,1920,1088
task_20210612_1_Lab/2021-06-12-05-23-32.jpg,866.496,273.672,1472.448,582.444,MESCHA,1920,1080
task_2021_11_03-04_cescau4/2021-11-04-07-39-05.jpg,701.76,495.72,1134.336,833.976,MESCHA,1920,1080
task_20210615_Lab/2021-06-15-11-04-47.jpg,955.2,192.672,1499.328,458.892,MESCHA,1920,1080
task_2021-03-01_07/20210301-075647_(6.0).jpg,1076.736,542.0416,1630.656,1088.0,VEREUR,1920,1088
task_2021-03-01_09/20210301-091635_(29.0).jpg,886.848,305.728,1919.616,775.744,TOUTUR,1920,1088
task_20211204_Orlu/2021-12-24-09-37-37.jpg,581.76,494.856,919.104,1039.608,MESCHA,1920,1080
task_20211204_Orlu/2021-12-24-09-17-27.jpg,448.32,574.128,1162.176,906.552,MESCHA,1920,1080
task_06-01-2021/2021-01-06-11-45-53.jpg,1229.568,552.4864,1634.88,801.2032,PINARB,1920,1088
task_2021-03-01_13/20210301-134642_(10.0).jpg,721.728,408.9792,997.632,775.5264,VEREUR,1920,1088
task_20210624_balacet/2021-06-24-05-24-06.jpg,889.536,333.504,1368.192,750.276,MESCHA,1920,1080
task_20210615_Lab/2021-06-15-08-30-51.jpg,1020.864,283.284,1740.672,576.612,MESCHA,1920,1080
task_20210615_Lab/2021-06-15-13-50-22.jpg,1304.448,144.396,1738.56,522.612,MESCHA,1920,1080
task_20210612_1_Lab/2021-06-12-06-09-19.jpg,644.544,258.228,1123.008,582.444,MESCHA,1920,1080
task_05-01-2021/2021-01-05-15-59-41.jpg,1157.76,366.5472,1918.08,910.5472,MESCHA,1920,1088
task_20210612_1_Lab/2021-06-12-06-12-40.jpg,729.408,293.004,980.352,622.944,MESCHA,1920,1080
task_20210705-07_balacet/2021-07-07-07-19-01.jpg,329.088,63.936,673.152,547.776,SITTOR,1920,1080
task_20210616_Lab/2021-06-16-09-08-11.jpg,610.56,186.948,1286.016,637.524,MESCHA,1920,1080
task_20210612_1_Lab/2021-06-12-05-24-08.jpg,812.352,233.172,1399.104,640.332,MESCHA,1920,1080
task_20210615_Lab/2021-06-15-11-05-27.jpg,1092.288,213.84,1756.032,485.892,MESCHA,1920,1080
task_19-01-2021/2021-01-19-11-54-02.jpg,1314.048,150.3616,1918.08,671.4048,MESCHA,1920,1088
task_2021-03-01_12/20210301-123527_(5.0).jpg,627.264,424.32,930.048,715.7952,VEREUR,1920,1088
task_20210217/20210217-162654_05(14.0).jpg,731.52,333.72,1332.096,592.056,VEREUR,1920,1080
task_20210611_Lab/2021-06-11-16-16-20.jpg,939.072,240.192,1180.032,612.036,MESCHA,1920,1080
task_2021_11_03-04_cescau4/2021-11-03-15-06-08.jpg,1281.6,441.828,1565.568,661.284,MESNON,1920,1080
task_20210615_Lab/2021-06-15-09-58-15.jpg,1485.888,223.452,1900.8,634.5,MESCHA,1920,1080
task_20210615_Lab/2021-06-15-11-07-06.jpg,547.968,248.616,960.96,605.556,MESCHA,1920,1080
task_20210523_UPS/20210523-174023_(64.0).jpg,320.64,405.4976,1140.288,1082.7776,PIEBAV,1920,1088
task_2021-03-01_13/20210301-134904_(21.0).jpg,1092.288,389.6128,1439.616,733.0944,MESCHA,1920,1088
task_2021-03-01_13/20210301-135536_(12.0).jpg,706.368,432.0448,957.12,713.8368,VEREUR,1920,1088
task_20210611_Lab/2021-06-11-16-50-39.jpg,553.536,246.024,1155.072,518.292,MESCHA,1920,1080
task_20210624_balacet/2021-06-24-09-59-15.jpg,263.808,314.172,762.24,884.952,MESCHA,1920,1080
task_19-01-2021/2021-01-19-10-56-28.jpg,144.768,271.8912,910.848,837.3248,MESBLE,1920,1088
task_20211204_Orlu/2021-12-23-15-33-48.jpg,1160.448,455.328,1647.168,692.928,MESBLE,1920,1080
task_20210523_UPS/20210523-175806_(22.0).jpg,390.912,272.6528,1449.6,1082.7776,PIEBAV,1920,1088
task_19-01-2021/2021-01-19-12-31-01.jpg,611.712,46.24,1127.04,418.5536,MESNON,1920,1088
task_2021-03-01_17/20210301-175119_(9.0).jpg,185.28,453.2608,787.392,955.0464,MESCHA,1920,1088
task_2021-03-01_15/20210301-150258_(15.0).jpg,988.032,439.7696,1327.68,941.5552,MESCHA,1920,1088
task_21-01-2021/2021-01-21-12-25-07.jpg,1211.904,501.568,1777.152,1086.2592,MESBLE,1920,1088
task_20210615_Lab/2021-06-15-09-26-48.jpg,1128.96,347.004,1771.392,622.944,MESCHA,1920,1080
task_20211204_Orlu/2021-12-23-15-33-59.jpg,1137.6,460.188,1514.304,679.32,MESBLE,1920,1080
task_20210525_UPS/20210525-154346_(21.0).jpg,488.256,426.2784,1007.232,1088.0,PIEBAV,1920,1088
task_20211204_Orlu/2021-12-24-09-26-09.jpg,976.128,441.288,1435.008,736.344,MESBLE,1920,1080
task_21-01-2021/2021-01-21-13-25-57.jpg,852.864,298.9824,1373.952,810.3424,MESCHA,1920,1088
task_20210227/20210227-170026_(8.0).jpg,1055.616,698.3872,1526.4,1088.0,MESBLE,1920,1088
task_2021-03-01_16/20210301-164909_(16.0).jpg,762.24,434.0032,1153.92,673.2544,MESCHA,1920,1088
task_2021_11_03-04_cescau4/2021-11-03-16-13-24.jpg,1382.976,456.192,1721.28,772.74,MESNON,1920,1080
task_20210615_Lab/2021-06-15-09-02-19.jpg,995.712,788.832,1611.264,1080.0,MESCHA,1920,1080
task_2021_11_03-04_cescau4/2021-11-03-13-18-21.jpg,825.408,415.584,1391.232,682.236,MESCHA,1920,1080
task_05-01-2021/2021-01-05-17-08-56.jpg,1420.224,460.9856,1844.736,906.848,SITTOR,1920,1088
task_20211204_Orlu/2021-12-24-09-12-51.jpg,1147.392,501.984,1380.288,724.032,MESCHA,1920,1080
task_21-01-2021/2021-01-21-11-57-13.jpg,1202.304,418.5536,1920.0,1088.0,MESNON,1920,1088
task_05-01-2021/2021-01-05-16-04-19.jpg,617.472,607.648,739.008,742.7776,MESCHA,1920,1088
task_20210623_balacet/2021-06-23-13-54-29.jpg,534.528,368.172,1248.576,719.388,MESCHA,1920,1080
task_05-01-2021/2021-01-05-17-11-12.jpg,0.0,436.7232,324.288,802.6176,SITTOR,1920,1088
task_05-01-2021/2021-01-05-16-25-27.jpg,989.952,337.4976,1920.0,941.4464,SITTOR,1920,1088
task_21-01-2021/2021-01-21-13-23-32.jpg,235.392,183.1104,1167.552,659.7632,MESCHA,1920,1088
task_20210205/20210205-165310_06(12.0).jpg,688.704,481.14,1684.8,1080.0,PINARB,1920,1080
task_20210205/20210205-144541_01(51.0).jpg,1132.608,471.636,1588.032,841.644,VEREUR,1920,1080
task_05-01-2021/2021-01-05-15-59-22.jpg,758.4,653.9968,1829.376,1088.0,SITTOR,1920,1088
task_20210615_Lab/2021-06-15-13-41-16.jpg,588.672,744.552,1684.608,1080.0,MESCHA,1920,1080
task_20210611_Lab/2021-06-11-14-10-40.jpg,1261.632,274.32,1701.888,871.992,MESCHA,1920,1080
task_20210615_Lab/2021-06-15-13-55-58.jpg,1115.328,225.396,1785.024,520.668,MESCHA,1920,1080
task_2021-03-01_17/20210301-170055_(11.0).jpg,783.552,455.2192,1153.92,655.9552,VEREUR,1920,1088
task_20211204_Orlu/2021-12-24-10-54-40.jpg,939.264,515.7,1295.616,792.936,SITTOR,1920,1080
task_MOIDOM_ODJ/109.jpeg,209.2212,148.05,608.9225,385.47,MOIDOM,653,450
task_20210228/20210228-125548_(9.0).jpg,907.2,378.4064,1122.624,626.144,VEREUR,1920,1088
task_2021-03-01_09/20210301-090728_(5.0).jpg,615.552,472.6272,1051.776,684.896,MOIDOM,1920,1088
task_19-01-2021/2021-01-19-11-10-03.jpg,403.392,111.7376,1188.672,621.1392,MESCHA,1920,1088
task_2021_11_03-04_cescau4/2021-11-03-12-30-53.jpg,1097.28,469.476,1559.616,653.076,MESNON,1920,1080
task_2021-03-01_16/20210301-165238_(15.0).jpg,1065.216,922.1888,1304.448,1088.0,MESCHA,1920,1088
task_20210624_balacet/2021-06-24-14-19-25.jpg,1147.776,276.696,1804.416,647.892,MESCHA,1920,1080
task_2021-03-01_14/20210301-142233_(17.0).jpg,1252.416,648.2304,1775.232,1088.0,MESCHA,1920,1088
task_2021_11_03-04_cescau4/2021-11-03-14-28-50.jpg,869.952,438.264,1334.208,743.148,MESCHA,1920,1080
task_20210615_Lab/2021-06-15-15-53-42.jpg,395.904,6.912,1535.232,1080.0,MESCHA,1920,1080
task_20210217/20210217-134400_06(13.0).jpg,1.152,0.972,836.736,777.06,MESCHA,1920,1080
task_2021-03-01_08/20210301-085429_(9.0).jpg,657.984,374.1632,1231.104,740.8192,VEREUR,1920,1088
task_2021_11_03-04_cescau4/2021-11-04-07-49-35.jpg,1171.008,421.416,1792.704,689.688,MESCHA,1920,1080
task_20210417_UPS/20210417-184308_(14.0).jpg,484.8,655.7376,1504.704,1083.648,PIEBAV,1920,1088
task_20210616_Lab/2021-06-16-05-32-14.jpg,1488.576,318.708,1920.0,801.36,MESCHA,1920,1080
task_20210616_Lab/2021-06-16-18-14-23.jpg,822.336,198.18,1315.392,441.612,MESCHA,1920,1080
task_19-01-2021/2021-01-19-12-18-28.jpg,779.712,115.6544,1221.504,617.3312,MESNON,1920,1088
task_05-01-2021/2021-01-05-16-43-31.jpg,841.344,437.92,1912.32,1066.8928,MESCHA,1920,1088
task_2021_11_03-04_cescau4/2021-11-03-14-59-08.jpg,1076.16,410.724,1760.256,727.92,MESCHA,1920,1080
task_2021-03-01_18/20210301-180208_(8.0).jpg,779.712,435.9616,1188.672,634.7392,MESCHA,1920,1088
task_20210523_UPS/20210523-174707_(19.0).jpg,368.064,318.24,1916.16,875.9488,PIEBAV,1920,1088
task_20210705-07_balacet/2021-07-07-07-55-25.jpg,852.096,347.22,1096.704,641.628,ACCMOU,1920,1080
task_2021-03-01_09/20210301-094405_(6.0).jpg,295.296,447.4944,743.04,1088.0,MESCHA,1920,1088
task_2021_11_03-04_cescau4/2021-11-04-07-37-36.jpg,1452.672,681.264,1920.0,1080.0,SITTOR,1920,1080
task_21-01-2021/2021-01-21-13-52-57.jpg,1088.448,316.2816,1593.984,763.9936,MESCHA,1920,1088
task_20210611_Lab/2021-06-11-15-23-12.jpg,591.936,306.612,1227.456,794.232,MESCHA,1920,1080
task_2021-03-01_07/20210301-075721_(8.0).jpg,833.664,441.728,1470.336,802.6176,VEREUR,1920,1088
task_20210227/20210227-150959_(17.0).jpg,947.52,708.0704,1348.8,1088.0,MESCHA,1920,1088
task_2021_11_03-04_cescau4/2021-11-04-07-16-38.jpg,586.176,484.38,741.888,883.548,MESHUP,1920,1080
task_2021_11_03-04_cescau4/2021-11-03-13-19-05.jpg,606.144,86.832,1920.0,1080.0,MESCHA,1920,1080
task_20210217/20210217-174314_02(11.0).jpg,60.672,69.444,1495.104,1078.812,TOUTUR,1920,1080
task_2021-03-01_18/20210301-184129_(5.0).jpg,330.048,470.6688,845.184,760.0768,MESBLE,1920,1088
task_20210525_UPS/20210525-100653_(13.0).jpg,735.168,584.5824,1263.936,806.4256,MESCHA,1920,1088
task_20210227/20210227-114306_(5.0).jpg,584.64,491.8848,1034.304,792.9344,MESCHA,1920,1088
task_20210611_Lab/2021-06-11-15-40-38.jpg,518.016,259.2,1107.648,555.12,MESCHA,1920,1080
task_20210612_1_Lab/2021-06-12-06-10-07.jpg,1144.32,254.34,1343.04,530.28,MESCHA,1920,1080
task_20210526_UPS/20210526-150133_(28.0).jpg,151.872,249.9136,1724.544,1022.0672,PIEBAV,1920,1088
task_20211204_Orlu/2021-12-23-15-46-42.jpg,795.84,543.672,1172.928,763.668,MESBLE,1920,1080
task_20211204_Orlu/2021-12-24-09-11-48.jpg,1502.784,299.16,1713.408,517.968,MESNON,1920,1080
task_20210624_balacet/2021-06-24-11-59-57.jpg,948.672,323.46,1751.424,805.896,MESCHA,1920,1080
task_05-01-2021/2021-01-05-16-05-47.jpg,984.576,498.5216,1920.0,1085.7152,MESCHA,1920,1088
task_20210612_1_Lab/2021-06-12-05-50-50.jpg,995.712,310.284,1615.104,675.0,MESCHA,1920,1080
task_21-01-2021/2021-01-21-11-57-00.jpg,993.792,300.9408,1474.368,1088.0,MESCHA,1920,1088
task_20211204_Orlu/2021-12-23-15-25-53.jpg,1060.992,321.408,1488.576,731.808,MESCHA,1920,1080
task_2021_11_03-04_cescau4/2021-11-03-15-07-49.jpg,640.896,492.372,1005.696,840.348,MESCHA,1920,1080
task_2021-03-01_09/20210301-093510_(5.0).jpg,472.704,466.8608,729.408,956.896,MESBLE,1920,1088
task_2021_11_03-04_cescau4/2021-11-04-08-13-41.jpg,741.12,435.024,1410.048,768.96,PINARB,1920,1080
task_2021_11_03-04_cescau4/2021-11-04-06-59-47.jpg,1000.896,460.728,1416.0,740.664,PINARB,1920,1080
task_20210623_balacet/2021-06-23-13-50-49.jpg,1043.904,265.896,1659.456,893.052,ACCMOU,1920,1080
task_2021-03-01_12/20210301-123548_(5.0).jpg,598.272,501.568,1099.968,733.0944,VEREUR,1920,1088
task_05-01-2021/2021-01-05-16-05-59.jpg,1.92,449.4528,530.688,926.1056,SITTOR,1920,1088
task_2021_11_03-04_cescau4/2021-11-03-12-16-31.jpg,1099.008,406.728,1777.344,857.628,MESCHA,1920,1080
task_2021-03-01_17/20210301-170237_(7.0).jpg,775.68,480.352,978.432,684.896,VEREUR,1920,1088
task_2021-03-01_17/20210301-170037_(23.0).jpg,656.064,497.6512,1061.376,767.8016,VEREUR,1920,1088
task_2021_11_03-04_cescau4/2021-11-04-08-14-19.jpg,1184.832,523.368,1654.272,714.312,MESCHA,1920,1080
task_20210615_Lab/2021-06-15-11-06-12.jpg,949.44,252.396,1171.392,723.276,MESCHA,1920,1080
task_20210624_balacet/2021-06-24-08-38-50.jpg,1030.464,381.672,1590.144,862.164,MESCHA,1920,1080
task_20210611_Lab/2021-06-11-16-46-00.jpg,1191.936,225.828,1564.224,560.736,MESCHA,1920,1080
task_05-01-2021/2021-01-05-16-17-30.jpg,995.328,373.0752,1547.136,777.0496,MESCHA,1920,1088
task_2021_11_03-04_cescau4/2021-11-04-07-15-03.jpg,1093.824,478.116,1537.152,668.952,MESCHA,1920,1080
task_20210417_UPS/20210417-194407_(11.0).jpg,708.288,584.5824,1346.88,1084.3008,PIEBAV,1920,1088
task_20210417_UPS/20210417-134954_(16.0).jpg,723.648,565.216,1177.152,812.192,MESCHA,1920,1088
task_20210227/20210227-113113_(5.0).jpg,403.392,594.1568,771.84,1084.3008,MESCHA,1920,1088
task_20210615_Lab/2021-06-15-11-06-59.jpg,1148.16,215.784,1485.888,549.612,MESCHA,1920,1080
task_20211204_Orlu/2021-12-23-14-28-39.jpg,531.84,443.772,1180.8,738.72,MESCHA,1920,1080
task_2021_11_03-04_cescau4/2021-11-04-08-00-53.jpg,1536.96,509.328,1920.0,860.976,MESHUP,1920,1080
task_2021-03-01_10/20210301-100207_(8.0).jpg,733.248,366.4384,1024.704,939.5968,VEREUR,1920,1088
task_2021_11_03-04_cescau4/2021-11-03-11-04-13.jpg,1092.096,444.42,1546.752,662.904,MESCHA,1920,1080
task_20210616_Lab/2021-06-16-18-09-51.jpg,1306.944,241.92,1610.88,745.956,MESCHA,1920,1080
task_2021_11_03-04_cescau4/2021-11-03-16-10-17.jpg,532.224,549.504,1010.496,888.624,MESNON,1920,1080
task_21-01-2021/2021-01-21-12-06-30.jpg,922.368,289.2992,1372.032,679.1296,MESCHA,1920,1088
task_20210228/20210228-140733_(6.0).jpg,592.512,383.8464,1082.496,729.2864,MESBLE,1920,1088
task_20210523_UPS/20210523-185422_(22.0).jpg,906.816,375.1424,1800.576,1088.0,PIEBAV,1920,1088
task_2021_11_03-04_cescau4/2021-11-03-16-09-11.jpg,1097.664,459.0,1671.744,696.492,MESNON,1920,1080
task_21-01-2021/2021-01-21-12-52-06.jpg,636.864,277.6576,1483.968,648.2304,MESCHA,1920,1088
task_18-01-2021/2021-01-18-14-27-45.jpg,1437.696,488.0768,1835.136,1001.2864,MESCHA,1920,1088
task_20210616_Lab/2021-06-16-04-40-44.jpg,1269.696,238.896,1831.68,499.284,MESCHA,1920,1080
task_2021-03-01_13/20210301-134732_(25.0).jpg,1107.648,569.1328,1682.688,1088.0,VEREUR,1920,1088
task_20210611_Lab/2021-06-11-15-55-02.jpg,588.288,257.256,859.392,822.744,MESCHA,1920,1080
task_20211204_Orlu/2021-12-24-07-54-51.jpg,616.128,594.54,1416.768,944.46,SITTOR,1920,1080
task_20210616_Lab/2021-06-16-04-46-46.jpg,1204.608,282.744,1647.36,548.64,MESCHA,1920,1080
task_20210526_UPS/20210526-085436_(37.0).jpg,277.056,291.6928,1918.08,1084.6272,PIEBAV,1920,1088
task_20210611_Lab/2021-06-11-17-19-57.jpg,289.728,112.32,807.936,616.032,MESCHA,1920,1080
task_05-01-2021/2021-01-05-16-56-53.jpg,675.456,429.76,1075.584,750.0672,MESCHA,1920,1088
task_2021_11_03-04_cescau4/2021-11-03-12-52-31.jpg,954.432,463.536,1385.28,778.464,MESHUP,1920,1080
task_20210523_UPS/20210523-173923_(11.0).jpg,777.984,365.6768,1147.776,1086.5856,PIEBAV,1920,1088
task_18-01-2021/2021-01-18-14-31-21.jpg,71.424,399.296,814.272,900.9728,MESCHA,1920,1088
task_2021-03-01_15/20210301-153717_(10.0).jpg,359.04,435.9616,775.68,767.8016,MESBLE,1920,1088
task_2021-03-01_17/20210301-171837_(17.0).jpg,746.88,476.4352,953.28,659.7632,MESCHA,1920,1088
task_20210417_UPS/20210417-184318_(15.0).jpg,793.152,295.0656,1450.752,1088.0,PIEBAV,1920,1088
task_05-01-2021/2021-01-05-17-19-24.jpg,899.328,434.0032,1628.736,906.848,MESNON,1920,1088
task_05-01-2021/2021-01-05-16-46-40.jpg,0.0,389.6128,513.408,818.0672,MESCHA,1920,1088
task_21-01-2021/2021-01-21-13-44-14.jpg,1148.16,513.1008,1667.328,956.896,MESBLE,1920,1088
task_20210415_UPS/20210415-162503_(9.0).jpg,535.68,785.2096,1200.192,1088.0,MESCHA,1920,1088
task_20210624_balacet/2021-06-24-15-49-40.jpg,1117.248,277.56,1377.792,644.112,MESCHA,1920,1080
task_2021_11_03-04_cescau4/2021-11-03-12-20-50.jpg,713.28,463.644,1321.152,930.312,MESCHA,1920,1080
task_2021-03-01_14/20210301-144427_(19.0).jpg,727.488,453.2608,1103.808,653.9968,MESCHA,1920,1088
task_20210624_balacet/2021-06-24-07-45-46.jpg,1186.752,339.228,1520.64,977.94,MESCHA,1920,1080
task_20210417_UPS/20210417-184303_(10.0).jpg,885.888,759.3152,1583.04,1085.824,PIEBAV,1920,1088
task_20211204_Orlu/2021-12-24-07-48-24.jpg,1187.52,470.016,1650.816,705.24,MESCHA,1920,1080
task_20210705-07_balacet/2021-07-06-11-34-05.jpg,1009.728,439.02,1396.992,1061.1,MESBLE,1920,1080
task_19-01-2021/2021-01-19-11-47-12.jpg,941.76,125.2288,1545.6,478.3936,MESCHA,1920,1088
task_20210611_Lab/2021-06-11-16-02-17.jpg,1140.096,234.036,1423.104,812.7,MESCHA,1920,1080
task_20210217/20210217-161059_01(14.0).jpg,199.872,268.92,554.88,1052.352,MESCHA,1920,1080
task_2021-03-01_14/20210301-142428_(8.0).jpg,708.288,464.9024,1043.904,646.272,MESBLE,1920,1088
task_20210523_UPS/20210523-185527_(17.0).jpg,922.176,369.376,1918.08,1084.6272,PIEBAV,1920,1088
task_06-01-2021/2021-01-06-11-31-39.jpg,0.0,144.5952,333.888,468.7104,SITTOR,1920,1088
task_20210615_Lab/2021-06-15-11-05-47.jpg,1312.128,242.784,1889.088,555.336,MESCHA,1920,1080
task_18-01-2021/2021-01-18-13-50-36.jpg,306.816,403.104,1038.144,893.248,MESBLE,1920,1088
task_2021-03-01_08/20210301-085438_(5.0).jpg,714.048,405.0624,1186.752,725.3696,VEREUR,1920,1088
task_2021_11_03-04_cescau4/2021-11-03-15-07-34.jpg,1459.584,483.624,1899.072,659.988,MESNON,1920,1080
task_21-01-2021/2021-01-21-12-16-19.jpg,1352.832,366.4384,1920.0,1078.5344,MESBLE,1920,1088
task_2021-03-01_17/20210301-175538_(11.0).jpg,683.136,507.3344,924.288,709.92,MESCHA,1920,1088
task_19-01-2021/2021-01-19-11-12-45.jpg,895.296,169.6192,1244.736,599.9232,MESCHA,1920,1088
task_2021_11_03-04_cescau4/2021-11-03-14-00-24.jpg,895.296,407.16,1192.32,804.06,MESHUP,1920,1080
task_2021-03-01_08/20210301-085859_(5.0).jpg,424.512,441.728,997.632,719.6032,MESCHA,1920,1088
task_2021_11_03-04_cescau4/2021-11-04-07-52-16.jpg,1130.88,506.196,1623.36,1077.84,MESCHA,1920,1080
task_2021-03-01_12/20210301-123058_(7.0).jpg,588.672,432.0448,849.024,769.76,VEREUR,1920,1088
task_21-01-2021/2021-01-21-12-40-49.jpg,441.984,437.92,1265.856,1088.0,MESCHA,1920,1088
task_2021-03-01_09/20210301-091635_(29.0).jpg,264.384,183.1104,951.36,781.4016,TOUTUR,1920,1088
task_05-01-2021/2021-01-05-17-09-24.jpg,235.584,503.5264,659.136,997.152,MESNON,1920,1088
task_21-01-2021/2021-01-21-13-19-49.jpg,638.784,223.6928,1435.776,719.6032,MESCHA,1920,1088
task_2021-03-01_08/20210301-085526_(5.0).jpg,764.16,399.1872,1265.856,771.7184,VEREUR,1920,1088
task_2021_11_03-04_cescau4/2021-11-03-15-20-10.jpg,1544.64,747.468,1920.0,1080.0,MESCHA,1920,1080
task_20210611_Lab/2021-06-11-15-22-51.jpg,729.6,244.296,1087.872,648.756,MESCHA,1920,1080
task_20210416_UPS/20210416-182655_(5.0).jpg,959.04,750.5024,1549.632,1088.0,MESCHA,1920,1088
task_20210615_Lab/2021-06-15-14-07-16.jpg,1196.352,217.728,1831.296,516.78,MESCHA,1920,1080
task_20210523_UPS/20210523-194532_(14.0).jpg,597.696,416.8128,1170.624,1082.7776,PIEBAV,1920,1088
task_2021_11_03-04_cescau4/2021-11-03-16-02-57.jpg,1302.912,416.448,1772.736,718.956,MESNON,1920,1080
task_2021_11_03-04_cescau4/2021-11-04-08-07-46.jpg,883.776,463.644,1228.032,697.572,MESHUP,1920,1080
task_20210417_UPS/20210417-142113_(7.0).jpg,1090.176,635.936,1673.664,946.2336,MESCHA,1920,1088
task_05-01-2021/2021-01-05-17-34-25.jpg,499.776,412.7872,1254.336,819.9168,ACCMOU,1920,1088
task_2021_11_03-04_cescau4/2021-11-03-15-37-32.jpg,1158.144,460.62,1545.408,659.34,MESNON,1920,1080
task_18-01-2021/2021-01-18-13-48-06.jpg,1292.928,520.9344,1912.32,962.6624,MESBLE,1920,1088
task_05-01-2021/2021-01-05-17-14-13.jpg,989.952,553.6832,1227.264,698.3872,MESCHA,1920,1088
task_20211204_Orlu/2021-12-23-14-29-39.jpg,555.072,541.296,944.832,814.968,SITTOR,1920,1080
task_20210227/20210227-161807_(6.0).jpg,766.08,507.3344,1304.448,765.952,MESCHA,1920,1088
task_18-01-2021/2021-01-18-14-31-53.jpg,893.376,190.8352,1462.656,594.1568,MESCHA,1920,1088
task_20210623_balacet/2021-06-23-15-19-31.jpg,956.736,258.984,1400.64,687.42,MESCHA,1920,1080
task_2021-03-01_14/20210301-144634_(8.0).jpg,824.064,439.7696,1254.336,625.056,MESCHA,1920,1088
task_20210624_balacet/2021-06-24-14-18-23.jpg,945.6,350.892,1590.144,675.0,MESCHA,1920,1080
task_06-01-2021/2021-01-06-11-47-32.jpg,1173.312,549.7664,1920.0,1063.0848,MESBLE,1920,1088
task_05-01-2021/2021-01-05-17-14-45.jpg,930.048,410.9376,1777.152,850.816,ACCMOU,1920,1088
task_20210526_UPS/20210526-185757_(17.0).jpg,1003.584,308.6656,1918.08,987.904,PIEBAV,1920,1088
task_20210616_Lab/2021-06-16-17-40-24.jpg,900.48,174.528,1191.36,532.764,MESCHA,1920,1080
task_20210611_Lab/2021-06-11-14-05-06.jpg,935.424,357.804,1449.6,674.676,MESCHA,1920,1080
task_2021-03-01_13/20210301-134623_(6.0).jpg,509.376,422.4704,1090.368,771.7184,VEREUR,1920,1088
task_05-01-2021/2021-01-05-17-41-05.jpg,1202.112,370.2464,1570.752,814.1504,ACCMOU,1920,1088
task_20210615_Lab/2021-06-15-11-06-12.jpg,802.752,227.34,1402.944,462.78,MESCHA,1920,1080
task_2021-03-01_07/20210301-073829_(6.0).jpg,1333.44,468.7104,1520.64,949.28,MESBLE,1920,1088
task_20210616_Lab/2021-06-16-17-57-10.jpg,1198.848,286.308,1833.792,525.744,MESCHA,1920,1080
task_19-01-2021/2021-01-19-11-02-15.jpg,1.92,173.536,748.8,630.8224,MESCHA,1920,1088
task_20210616_Lab/2021-06-16-05-29-17.jpg,709.632,169.776,1133.184,467.856,MESCHA,1920,1080
task_2021-03-01_13/20210301-134804_(24.0).jpg,748.8,443.6864,1225.344,692.6208,VEREUR,1920,1088
task_21-01-2021/2021-01-21-12-54-05.jpg,777.6,345.2224,1416.384,652.0384,MESCHA,1920,1088
task_2021_11_03-04_cescau4/2021-11-04-07-19-08.jpg,1272.0,497.772,1507.968,794.664,MESNON,1920,1080
task_05-01-2021/2021-01-05-17-11-00.jpg,521.088,422.3616,1586.112,1003.3536,SITTOR,1920,1088
task_05-01-2021/2021-01-05-17-35-42.jpg,1381.248,531.0528,1881.984,1065.0432,ACCMOU,1920,1088
task_20210624_balacet/2021-06-24-11-16-12.jpg,1107.648,316.116,1617.024,785.052,MESCHA,1920,1080
task_20210705-07_balacet/2021-07-07-08-24-56.jpg,719.424,293.328,1341.504,658.26,ROUGOR,1920,1080
task_20210612_1_Lab/2021-06-12-05-58-22.jpg,962.88,603.612,1761.792,1080.0,MESCHA,1920,1080
task_2021-03-01_11/20210301-112727_(7.0).jpg,1231.104,750.5024,1642.176,1088.0,MESBLE,1920,1088
task_20211204_Orlu/2021-12-24-10-09-49.jpg,856.512,483.408,1249.92,760.86,MESCHA,1920,1080
task_20210705-07_balacet/2021-07-05-16-52-35.jpg,756.48,447.228,1408.896,716.58,MESNON,1920,1080
task_20210615_Lab/2021-06-15-13-58-24.jpg,1043.904,225.396,1236.864,431.892,MESCHA,1920,1080
task_20210611_Lab/2021-06-11-17-04-03.jpg,298.56,202.068,675.84,720.468,MESCHA,1920,1080
task_21-01-2021/2021-01-21-11-59-08.jpg,0.0,117.6128,278.016,578.816,MESBLE,1920,1088
task_20210615_Lab/2021-06-15-16-17-50.jpg,598.272,177.228,951.36,883.44,MESCHA,1920,1080
task_2021_11_03-04_cescau4/2021-11-04-08-12-49.jpg,1596.096,627.048,1920.0,969.084,MESNON,1920,1080
task_20210217/20210217-155606_01(23.0).jpg,504.0,272.052,832.512,907.848,MESCHA,1920,1080
task_20211204_Orlu/2021-12-23-14-10-12.jpg,812.16,482.004,1293.12,801.36,MESCHA,1920,1080
task_20211204_Orlu/2021-12-24-10-04-46.jpg,1057.92,460.836,1394.112,779.22,MESCHA,1920,1080
task_2021_11_03-04_cescau4/2021-11-04-08-05-50.jpg,951.552,370.44,1526.592,704.592,MESCHA,1920,1080
task_2021-03-01_17/20210301-172530_(13.0).jpg,993.792,466.8608,1387.392,669.4464,MESCHA,1920,1088
task_20210217/20210217-170440_01(23.0).jpg,242.88,264.924,1022.592,824.58,MESCHA,1920,1080
task_20210227/20210227-170429_(7.0).jpg,1076.736,603.84,1190.592,700.3456,MESBLE,1920,1088
task_20210615_Lab/2021-06-15-09-25-49.jpg,1055.616,198.396,1404.864,559.224,MESCHA,1920,1080
task_2021-03-01_09/20210301-095440_(14.0).jpg,642.624,509.2928,970.56,762.0352,MESBLE,1920,1088
task_2021_11_03-04_cescau4/2021-11-03-16-19-16.jpg,931.2,504.252,1196.544,694.44,MESNON,1920,1080
task_2021_11_03-04_cescau4/2021-11-03-14-00-29.jpg,1240.32,467.64,1635.072,941.544,MESHUP,1920,1080
task_2021-03-01_15/20210301-150213_(5.0).jpg,557.76,484.16,878.016,758.2272,MESCHA,1920,1088
task_19-01-2021/2021-01-19-13-22-26.jpg,79.296,38.4064,484.416,611.456,MESCHA,1920,1088
task_18-01-2021/2021-01-18-13-17-33.jpg,1150.08,418.5536,1809.984,802.6176,MESBLE,1920,1088
task_20210415_UPS/20210415-173743_(5.0).jpg,382.848,775.0912,852.864,1088.0,MESCHA,1920,1088
task_20211204_Orlu/2021-12-23-15-51-35.jpg,402.048,537.516,777.984,1045.44,MESCHA,1920,1080
task_20210624_balacet/2021-06-24-09-09-38.jpg,980.352,256.284,1470.336,773.388,MESCHA,1920,1080
task_19-01-2021/2021-01-19-12-02-26.jpg,997.632,65.4976,1534.08,542.0416,MESCHA,1920,1088
task_20211204_Orlu/2021-12-23-15-09-53.jpg,1295.808,584.82,1837.056,821.232,SITTOR,1920,1080
task_2021_11_03-04_cescau4/2021-11-04-08-27-42.jpg,965.76,451.656,1620.672,686.556,PINARB,1920,1080
task_05-01-2021/2021-01-05-17-16-41.jpg,633.024,545.8496,1738.752,1034.144,SITTOR,1920,1088
task_20210611_Lab/2021-06-11-14-08-37.jpg,796.8,245.916,1341.312,507.708,MESCHA,1920,1080
task_05-01-2021/2021-01-05-17-12-48.jpg,270.528,490.688,870.72,1088.0,SITTOR,1920,1088
task_20210615_Lab/2021-06-15-13-18-23.jpg,559.68,211.896,1275.456,690.444,MESCHA,1920,1080
task_20210228/20210228-144057_(8.0).jpg,605.952,435.9616,974.592,891.2896,MESCHA,1920,1088
task_2021-03-01_12/20210301-125144_(6.0).jpg,486.336,507.3344,715.968,885.5232,MESCHA,1920,1088
task_20210705-07_balacet/2021-07-07-07-34-57.jpg,1307.712,799.524,1702.848,1080.0,MESBLE,1920,1080
task_20210523_UPS/20210523-175814_(16.0).jpg,893.568,378.9504,1920.0,881.7152,PIEBAV,1920,1088
task_20210227/20210227-131710_(6.0).jpg,936.0,661.7216,1406.784,1086.2592,MESCHA,1920,1088
task_2021_11_03-04_cescau4/2021-11-04-07-11-20.jpg,1067.712,485.352,1596.864,670.356,MESCHA,1920,1080
task_20210615_Lab/2021-06-15-15-47-03.jpg,1243.392,15.66,1920.0,1080.0,MESCHA,1920,1080
task_20211204_Orlu/2021-12-23-15-29-09.jpg,989.376,456.3,1224.576,724.248,MESCHA,1920,1080
task_20210612_1_Lab/2021-06-12-04-43-39.jpg,1157.76,171.396,1628.736,839.052,MESCHA,1920,1080
task_05-01-2021/2021-01-05-17-24-57.jpg,974.592,420.512,1684.608,858.5408,MESNON,1920,1088
task_2021-03-01_07/20210301-075749_(5.0).jpg,943.68,405.0624,1429.824,850.816,VEREUR,1920,1088
task_21-01-2021/2021-01-21-12-51-15.jpg,86.784,237.184,1148.16,773.6768,MESCHA,1920,1088
task_05-01-2021/2021-01-05-17-06-03.jpg,307.584,581.7536,1213.056,1076.576,MESNON,1920,1088
task_21-01-2021/2021-01-21-14-18-13.jpg,1.92,200.5184,576.96,970.496,MESCHA,1920,1088
task_20210611_Lab/2021-06-11-17-06-15.jpg,1117.632,656.532,1762.752,1056.78,MESCHA,1920,1080
task_2021_11_03-04_cescau4/2021-11-03-12-50-49.jpg,123.84,0.0,1503.36,1080.0,MESCHA,1920,1080
task_20210526_UPS/20210526-140942_(13.0).jpg,800.64,578.1632,998.016,853.2096,MESCHA,1920,1088
task_21-01-2021/2021-01-21-13-53-32.jpg,706.368,223.6928,1063.296,642.464,MESCHA,1920,1088
task_20210418_UPS/20210418-162112_(5.0).jpg,618.624,1003.136,859.392,1086.5856,MESCHA,1920,1088
task_20210611_Lab/2021-06-11-16-12-34.jpg,865.152,270.54,1472.256,545.724,MESCHA,1920,1080
task_20210228/20210228-132516_(6.0).jpg,517.248,418.5536,1115.328,787.168,MESCHA,1920,1088
task_2021-03-01_08/20210301-085609_(8.0).jpg,1090.368,391.5712,1788.864,802.6176,VEREUR,1920,1088
task_20211204_Orlu/2021-12-24-11-01-54.jpg,1263.36,474.228,1633.344,808.38,MESBLE,1920,1080
task_21-01-2021/2021-01-21-12-50-39.jpg,453.504,300.832,1161.6,592.1984,MESCHA,1920,1088
task_20211204_Orlu/2021-12-23-13-39-18.jpg,627.264,481.68,1066.176,713.664,MESCHA,1920,1080
task_MOIDOM_ODJ/1633.jpeg,190.0125,189.27,273.24,270.585,MOIDOM,675,450
task_20210705-07_balacet/2021-07-06-11-10-12.jpg,766.848,291.6,1337.856,710.316,ROUGOR,1920,1080
task_2021-03-01_11/20210301-115116_(7.0).jpg,1167.552,785.2096,1673.088,1088.0,MESCHA,1920,1088
task_2021_11_03-04_cescau4/2021-11-04-08-17-35.jpg,1027.776,1.944,1270.272,510.732,MESCHA,1920,1080
task_20210217/20210217-153219_04(20.0).jpg,693.12,222.048,1105.728,551.664,MESBLE,1920,1080
task_21-01-2021/2021-01-21-11-57-57.jpg,412.992,198.56,852.864,709.92,MESBLE,1920,1088
task_20211204_Orlu/2021-12-23-14-54-16.jpg,1184.448,430.272,1457.28,760.212,MESCHA,1920,1080
task_20210418_UPS/20210418-172216_(7.0).jpg,922.176,887.3728,1910.592,1084.6272,PIEBAV,1920,1088
task_05-01-2021/2021-01-05-17-27-49.jpg,567.36,372.3136,993.792,845.0496,ACCMOU,1920,1088
task_05-01-2021/2021-01-05-17-14-09.jpg,290.688,453.2608,1260.48,1088.0,SITTOR,1920,1088
task_2021-03-01_14/20210301-141859_(15.0).jpg,829.824,549.7664,1098.048,1088.0,MESCHA,1920,1088
task_20210616_Lab/2021-06-16-17-57-29.jpg,956.928,192.564,1528.128,466.668,MESCHA,1920,1080
task_2021_11_03-04_cescau4/2021-11-04-08-09-52.jpg,551.808,574.452,1090.752,1068.336,MESCHA,1920,1080
task_20211204_Orlu/2021-12-24-07-48-57.jpg,1023.552,487.836,1246.848,723.384,MESCHA,1920,1080
task_2021_11_03-04_cescau4/2021-11-04-08-18-57.jpg,1179.648,462.456,1562.88,673.272,SITTOR,1920,1080
task_20210205/20210205-142030_01(16.0).jpg,246.72,454.572,1265.472,809.352,MESCHA,1920,1080
task_06-01-2021/2021-01-06-11-52-15.jpg,849.024,735.0528,1138.56,1020.6528,MESNON,1920,1088
task_20210416_UPS/20210416-195744_(6.0).jpg,519.168,789.0176,1123.008,1088.0,MESCHA,1920,1088
task_05-01-2021/2021-01-05-17-18-34.jpg,903.168,403.104,1298.688,779.4432,SITTOR,1920,1088
task_05-01-2021/2021-01-05-17-23-30.jpg,891.456,337.4976,1385.472,1088.0,MESCHA,1920,1088
task_21-01-2021/2021-01-21-13-53-05.jpg,1040.064,372.3136,1617.024,1068.8512,MESCHA,1920,1088
task_2021-03-01_10/20210301-100505_(10.0).jpg,868.416,418.5536,1182.912,754.3104,VEREUR,1920,1088
task_05-01-2021/2021-01-05-17-35-12.jpg,1055.616,401.1456,1918.08,966.5792,ACCMOU,1920,1088
task_2021-03-01_10/20210301-100532_(14.0).jpg,837.504,638.5472,1916.16,1088.0,VEREUR,1920,1088
task_20210420/20210420-102102_(85.0).jpg,1398.336,0.0,1918.08,325.7472,PIEBAV,1920,1088
task_19-01-2021/2021-01-19-12-08-31.jpg,1310.208,71.264,1785.024,652.0384,MESCHA,1920,1088
task_20210616_Lab/2021-06-16-18-02-54.jpg,1066.368,135.54,1272.192,667.224,MESCHA,1920,1080
task_2021_11_03-04_cescau4/2021-11-03-14-55-00.jpg,1542.912,470.664,1920.0,834.732,MESNOI,1920,1080
task_2021-03-01_13/20210301-134755_(8.0).jpg,633.024,462.944,1074.816,758.2272,VEREUR,1920,1088
task_20210526_UPS/20210526-150034_(21.0).jpg,715.2,183.4368,1916.16,1086.5856,PIEBAV,1920,1088
task_2021_11_03-04_cescau4/2021-11-04-08-11-01.jpg,792.768,511.164,1353.216,843.588,SITTOR,1920,1080
task_2021-03-01_17/20210301-173405_(13.0).jpg,837.504,578.7072,1362.432,1088.0,MESCHA,1920,1088
task_20210624_balacet/2021-06-24-08-52-19.jpg,800.832,339.228,1057.536,538.056,CAMPAG,1920,1080
task_05-01-2021/2021-01-05-16-44-59.jpg,445.824,82.7968,613.632,275.808,MESBLE,1920,1088
task_05-01-2021/2021-01-05-16-31-41.jpg,885.696,163.8528,1316.16,374.1632,MESNON,1920,1088
task_21-01-2021/2021-01-21-12-01-28.jpg,930.048,407.0208,1831.296,912.6144,MESBLE,1920,1088
task_21-01-2021/2021-01-21-13-53-24.jpg,708.288,354.9056,1424.064,787.168,MESNON,1920,1088
task_2021-03-01_11/20210301-114157_(11.0).jpg,852.864,435.9616,1020.864,638.5472,MESCHA,1920,1088
task_20210624_balacet/2021-06-24-06-54-57.jpg,619.392,460.836,1211.904,715.5,CAMPAG,1920,1080
task_2021-03-01_13/20210301-135526_(20.0).jpg,739.008,447.4944,962.88,719.6032,VEREUR,1920,1088
task_20210417_UPS/20210417-082644_(5.0).jpg,266.304,816.1088,796.992,1088.0,MESCHA,1920,1088
task_20210611_Lab/2021-06-11-16-16-26.jpg,923.904,253.476,1388.736,549.504,MESCHA,1920,1080
task_20210525_UPS/20210525-154234_(17.0).jpg,420.672,405.0624,1101.888,1088.0,PIEBAV,1920,1088
task_2021_11_03-04_cescau4/2021-11-03-13-52-05.jpg,908.928,531.468,1380.864,803.412,MESNON,1920,1080
task_20210418_UPS/20210418-110950_(9.0).jpg,432.576,657.8048,1003.584,917.728,MESCHA,1920,1088
task_2021-03-01_11/20210301-115502_(14.0).jpg,407.232,350.9888,825.984,814.1504,VEREUR,1920,1088
task_20210417_UPS/20210417-144753_(7.0).jpg,854.784,646.272,1273.536,823.8336,MESCHA,1920,1088
task_20210705-07_balacet/2021-07-05-11-14-16.jpg,60.096,461.052,700.8,979.668,MESNON,1920,1080
task_2021_11_03-04_cescau4/2021-11-03-16-30-16.jpg,815.808,395.28,1290.816,738.18,MESCHA,1920,1080
task_2021-03-01_16/20210301-161931_(9.0).jpg,503.616,428.2368,897.216,642.464,MESCHA,1920,1088
task_20210612_1_Lab/2021-06-12-06-15-34.jpg,411.072,296.784,1117.248,709.776,MESCHA,1920,1080
task_2021_11_03-04_cescau4/2021-11-04-08-20-17.jpg,1426.944,487.944,1917.696,901.908,SITTOR,1920,1080
task_2021-03-01_10/20210301-100438_(9.0).jpg,631.104,381.888,1009.152,777.4848,VEREUR,1920,1088
task_2021-03-01_15/20210301-150600_(5.0).jpg,715.968,486.1184,978.432,659.7632,MESCHA,1920,1088
task_2021_11_03-04_cescau4/2021-11-04-07-01-43.jpg,1175.808,482.544,1548.288,657.504,MESNON,1920,1080
task_20211204_Orlu/2021-12-24-08-11-18.jpg,1140.096,362.016,1572.096,864.756,MESCHA,1920,1080
task_20210615_Lab/2021-06-15-11-07-27.jpg,1373.952,265.896,1613.184,541.836,MESCHA,1920,1080
task_2021_11_03-04_cescau4/2021-11-03-13-22-04.jpg,1179.648,412.128,1920.0,1073.628,MESCHA,1920,1080
task_20210414/20210414-083755_(5.0).jpg,1065.216,698.3872,1300.608,951.1296,MESCHA,1920,1088
task_06-01-2021/2021-01-06-11-21-18.jpg,721.728,476.4352,1661.376,1088.0,MESCHA,1920,1088
task_20210615_Lab/2021-06-15-10-56-44.jpg,1346.304,200.664,1791.168,447.228,MESCHA,1920,1080
task_20211204_Orlu/2021-12-24-09-55-43.jpg,684.864,457.704,1274.88,740.664,MESCHA,1920,1080
task_2021_11_03-04_cescau4/2021-11-04-06-56-34.jpg,1050.048,503.172,1539.648,773.064,MESNOI,1920,1080
task_2021-03-01_17/20210301-172913_(10.0).jpg,710.208,410.8288,1067.136,673.2544,MESCHA,1920,1088
task_21-01-2021/2021-01-21-13-44-07.jpg,621.312,306.7072,1238.784,613.5232,MESBLE,1920,1088
task_2021_11_03-04_cescau4/2021-11-04-07-57-19.jpg,1055.232,453.168,1656.192,693.252,MESCHA,1920,1080
task_2021-03-01_07/20210301-075619_(5.0).jpg,748.8,432.0448,993.792,713.8368,VEREUR,1920,1088
task_20211204_Orlu/2021-12-24-10-47-51.jpg,328.32,528.336,806.4,1039.5,MESCHA,1920,1080
task_20210624_balacet/2021-06-24-06-11-41.jpg,1261.056,320.652,1525.056,750.816,MESCHA,1920,1080
task_20210615_Lab/2021-06-15-11-04-05.jpg,740.928,190.728,1447.296,570.78,MESCHA,1920,1080
task_2021-03-01_09/20210301-091145_(8.0).jpg,1040.064,426.2784,1263.936,648.2304,VEREUR,1920,1088
task_21-01-2021/2021-01-21-14-21-45.jpg,189.12,215.968,569.28,459.136,MESNON,1920,1088
task_2021-03-01_14/20210301-144958_(16.0).jpg,0.0,412.7872,686.976,829.6,MESCHA,1920,1088
task_20210616_Lab/2021-06-16-05-26-39.jpg,1167.552,329.724,1684.8,940.788,MESCHA,1920,1080
task_18-01-2021/2021-01-18-13-47-39.jpg,750.72,403.104,1099.968,829.6,MESBLE,1920,1088
task_20210205/20210205-125442_02(12.0).jpg,626.112,435.672,977.088,811.296,VEREUR,1920,1080
task_20210417_UPS/20210417-134924_(7.0).jpg,756.48,648.2304,1092.288,1088.0,MESCHA,1920,1088
task_20210611_Lab/2021-06-11-14-01-38.jpg,620.352,629.1,1041.6,1080.0,MESCHA,1920,1080
task_20210611_Lab/2021-06-11-13-57-27.jpg,967.68,213.624,1411.584,834.084,MESCHA,1920,1080
task_19-01-2021/2021-01-19-11-36-07.jpg,3.84,3.6992,692.736,540.192,MESCHA,1920,1088
task_20210623_balacet/2021-06-23-08-54-26.jpg,950.976,316.98,1383.552,1055.16,MESCHA,1920,1080
task_19-01-2021/2021-01-19-13-12-06.jpg,1554.624,488.8384,1916.16,1088.0,MESCHA,1920,1088
task_20210228/20210228-175910_(8.0).jpg,480.576,435.9616,1098.048,729.2864,MESCHA,1920,1088
task_06-01-2021/2021-01-06-11-33-54.jpg,0.0,719.6032,214.272,966.5792,MESNON,1920,1088
task_21-01-2021/2021-01-21-11-52-15.jpg,765.504,307.904,1295.808,610.1504,MESCHA,1920,1088
task_20210612_1_Lab/2021-06-12-06-09-31.jpg,355.008,8.856,1700.352,1080.0,MESCHA,1920,1080
task_20210523_UPS/20210523-174552_(18.0).jpg,343.488,213.9008,1181.952,1082.7776,PIEBAV,1920,1088
task_2021_11_03-04_cescau4/2021-11-04-06-42-07.jpg,1601.28,476.388,1920.0,768.096,MESNON,1920,1080
task_2021-03-01_17/20210301-175255_(7.0).jpg,646.464,407.0208,1011.264,698.3872,MESBLE,1920,1088
task_20210227/20210227-113613_(6.0).jpg,1223.424,661.7216,1680.768,1088.0,VEREUR,1920,1088
task_2021_11_03-04_cescau4/2021-11-03-14-54-43.jpg,1041.216,463.752,1520.448,660.204,MESCHA,1920,1080
task_2021-03-01_14/20210301-145838_(18.0).jpg,677.376,430.1952,1142.4,655.9552,MESCHA,1920,1088
task_20210217/20210217-130112_07(17.0).jpg,399.744,685.584,1609.536,1080.0,MESCHA,1920,1080
task_2021-03-01_16/20210301-160654_(11.0).jpg,874.176,472.6272,1144.32,644.3136,MESCHA,1920,1088
task_20210615_Lab/2021-06-15-15-53-51.jpg,1337.28,182.952,1837.056,493.668,MESCHA,1920,1080
task_20211204_Orlu/2021-12-24-11-04-11.jpg,1001.664,468.504,1409.664,710.856,MESCHA,1920,1080
task_21-01-2021/2021-01-21-12-27-23.jpg,731.328,268.0832,1414.464,613.5232,MESCHA,1920,1088
task_2021-03-01_09/20210301-093724_(7.0).jpg,208.512,464.9024,806.592,928.064,MESCHA,1920,1088
task_20210615_Lab/2021-06-15-08-33-01.jpg,814.272,557.28,1580.352,1080.0,MESCHA,1920,1080
task_20210417_UPS/20210417-143715_(8.0).jpg,654.144,634.7392,1215.744,870.0736,MESCHA,1920,1088
task_20211204_Orlu/2021-12-24-10-21-02.jpg,1188.672,497.016,1583.808,769.284,MESCHA,1920,1080
task_20210615_Lab/2021-06-15-16-16-41.jpg,1283.328,294.948,1829.376,543.78,MESCHA,1920,1080
task_2021-03-01_08/20210301-085624_(8.0).jpg,1.92,569.1328,301.056,929.9136,MESCHA,1920,1088
task_05-01-2021/2021-01-05-17-07-36.jpg,1142.4,567.6096,1253.376,690.336,MESCHA,1920,1088
task_20210705-07_balacet/2021-07-05-13-53-40.jpg,590.976,264.924,1129.92,658.908,ROUGOR,1920,1080
task_2021_11_03-04_cescau4/2021-11-03-16-14-37.jpg,818.304,464.724,1213.248,693.9,MESNON,1920,1080
task_2021-03-01_08/20210301-085149_(8.0).jpg,993.792,623.0976,1402.944,1088.0,MESCHA,1920,1088
task_20210611_Lab/2021-06-11-17-14-03.jpg,1105.344,239.112,1802.112,652.32,MESCHA,1920,1080
task_2021_11_03-04_cescau4/2021-11-04-07-48-52.jpg,1518.912,572.292,1920.0,989.28,MESNON,1920,1080
task_20211204_Orlu/2021-12-24-09-27-45.jpg,1112.64,511.596,1604.352,718.524,MESBLE,1920,1080
task_20210615_Lab/2021-06-15-08-32-25.jpg,715.968,127.008,1231.104,478.224,VEREUR,1920,1080
task_2021_11_03-04_cescau4/2021-11-04-07-30-58.jpg,746.688,628.776,1287.744,1080.0,MESNON,1920,1080
task_2021-03-01_15/20210301-154325_(8.0).jpg,1053.504,796.7424,1514.88,1088.0,MESCHA,1920,1088
task_05-01-2021/2021-01-05-17-27-07.jpg,793.152,468.7104,1429.824,928.064,ACCMOU,1920,1088
task_20210418_UPS/20210418-134958_(16.0).jpg,793.152,671.0784,1276.8,999.328,MESCHA,1920,1088
task_05-01-2021/2021-01-05-17-23-29.jpg,277.824,310.5152,1105.728,762.144,MESCHA,1920,1088
task_20210612_1_Lab/2021-06-12-06-00-26.jpg,717.888,223.452,1134.72,528.336,MESCHA,1920,1080
task_20210615_Lab/2021-06-15-09-05-10.jpg,1082.496,246.672,1343.04,659.556,MESCHA,1920,1080
task_20210228/20210228-125614_(19.0).jpg,2.304,259.1616,419.136,606.4512,VEREUR,1920,1088
task_19-01-2021/2021-01-19-11-34-10.jpg,1707.84,177.344,1918.08,636.5888,MESNON,1920,1088
task_2021-03-01_11/20210301-113345_(9.0).jpg,5.76,395.3792,488.256,1051.552,MESCHA,1920,1088
task_2021-03-01_07/20210301-075416_(5.0).jpg,414.912,505.376,719.808,987.7952,MESCHA,1920,1088
task_20210217/20210217-180658_07(15.0).jpg,149.952,276.264,1136.448,551.34,MESCHA,1920,1080
task_2021_11_03-04_cescau4/2021-11-04-08-17-51.jpg,1093.248,463.104,1438.272,673.056,PINARB,1920,1080
task_2021-03-01_12/20210301-120718_(16.0).jpg,930.048,489.9264,1082.496,628.864,MESCHA,1920,1088
task_20210217/20210217-175317_06(12.0).jpg,1032.192,460.296,1916.16,1078.812,MESCHA,1920,1080
task_21-01-2021/2021-01-21-12-41-27.jpg,849.024,428.2368,1564.992,854.7328,MESCHA,1920,1088
task_20210227/20210227-172954_(7.0).jpg,1084.416,572.9408,1217.664,715.7952,MESCHA,1920,1088
task_20210616_Lab/2021-06-16-04-39-05.jpg,727.488,534.924,1104.96,937.872,MESCHA,1920,1080
task_2021_11_03-04_cescau4/2021-11-03-12-00-24.jpg,861.12,460.188,1632.576,864.756,MESCHA,1920,1080
task_2021_11_03-04_cescau4/2021-11-03-11-53-52.jpg,1409.664,352.944,1607.616,695.628,MESHUP,1920,1080
task_20210227/20210227-172157_(8.0).jpg,148.608,281.5744,1150.08,779.4432,TOUTUR,1920,1088
task_2021-03-01_13/20210301-135545_(8.0).jpg,725.568,430.1952,978.432,725.3696,VEREUR,1920,1088
task_21-01-2021/2021-01-21-11-57-15.jpg,1188.672,215.968,1920.0,1086.0416,MESCHA,1920,1088
task_2021-03-01_15/20210301-153341_(12.0).jpg,654.144,418.5536,1043.904,636.5888,MESBLE,1920,1088
task_06-01-2021/2021-01-06-11-59-39.jpg,1366.272,613.5232,1711.68,972.3456,ACCMOU,1920,1088
task_20210228/20210228-175819_(12.0).jpg,978.432,677.1712,1607.424,1086.2592,MESCHA,1920,1088
task_18-01-2021/2021-01-18-13-30-26.jpg,106.176,244.9088,862.656,742.7776,ROUGOR,1920,1088
task_21-01-2021/2021-01-21-14-07-09.jpg,0.0,250.6752,1053.696,802.6176,MESCHA,1920,1088
task_20210525_UPS/20210525-131504_(12.0).jpg,712.128,544.0,930.048,916.4224,MESCHA,1920,1088
task_20210611_Lab/2021-06-11-17-20-24.jpg,1072.32,256.5,1442.496,604.152,MESCHA,1920,1080
task_20210615_Lab/2021-06-15-09-07-05.jpg,652.608,573.804,1594.944,1076.328,MESCHA,1920,1080
task_20210624_balacet/2021-06-24-06-34-49.jpg,853.632,317.088,1459.008,632.016,MESCHA,1920,1080
task_20210526_UPS/20210526-113856_(23.0).jpg,942.912,380.8,1918.08,1084.6272,PIEBAV,1920,1088
task_20210615_Lab/2021-06-15-15-56-30.jpg,677.376,279.396,1443.456,729.108,MESCHA,1920,1080
task_2021-03-01_07/20210301-074522_(5.0).jpg,534.528,520.8256,962.88,737.0112,VEREUR,1920,1088
task_21-01-2021/2021-01-21-13-37-15.jpg,1130.88,393.5296,1611.264,910.656,MESBLE,1920,1088
task_20210611_Lab/2021-06-11-14-04-18.jpg,1223.808,179.496,1690.56,748.656,MESCHA,1920,1080
task_2021-03-01_18/20210301-180149_(10.0).jpg,931.968,746.5856,1298.688,1088.0,MESCHA,1920,1088
task_2021-03-01_09/20210301-091020_(8.0).jpg,1119.168,322.048,1320.0,698.3872,VEREUR,1920,1088
task_05-01-2021/2021-01-05-16-58-34.jpg,1333.44,498.848,1920.0,1084.3008,SITTOR,1920,1088
task_2021_11_03-04_cescau4/2021-11-03-15-22-42.jpg,1406.208,480.708,1572.288,653.184,MESNON,1920,1080
task_2021-03-01_15/20210301-150312_(13.0).jpg,808.512,360.672,1329.6,709.92,PINARB,1920,1088
task_20210611_Lab/2021-06-11-14-36-59.jpg,294.144,202.284,781.632,691.74,MESCHA,1920,1080
task_20211204_Orlu/2021-12-24-10-48-22.jpg,600.384,571.212,1032.0,869.508,MESCHA,1920,1080
task_18-01-2021/2021-01-18-13-33-52.jpg,991.872,78.9888,1686.528,686.7456,MESNON,1920,1088
task_20210615_Lab/2021-06-15-09-09-47.jpg,852.864,269.784,1578.432,761.832,MESCHA,1920,1080
task_20210624_balacet/2021-06-24-13-14-09.jpg,1360.512,597.888,1904.64,1080.0,MESCHA,1920,1080
task_2021-03-01_11/20210301-115547_(11.0).jpg,422.592,480.352,1099.968,775.5264,MESCHA,1920,1088
task_2021-03-01_07/20210301-074907_(5.0).jpg,667.776,453.2608,876.096,767.8016,VEREUR,1920,1088
task_20210611_Lab/2021-06-11-14-05-40.jpg,853.824,226.908,1420.992,519.156,MESCHA,1920,1080
task_2021_11_03-04_cescau4/2021-11-04-07-28-19.jpg,1373.184,849.096,1780.8,1080.0,PINARB,1920,1080
task_2021-03-01_10/20210301-103101_(7.0).jpg,849.024,302.7904,1404.864,754.3104,VEREUR,1920,1088
task_20210205/20210205-164501_01(12.0).jpg,140.352,355.968,603.264,968.76,PINARB,1920,1080
task_20210227/20210227-143858_(5.0).jpg,964.8,540.192,1368.192,754.3104,VEREUR,1920,1088
task_2021-03-01_10/20210301-103156_(12.0).jpg,277.824,383.8464,862.656,808.384,PINARB,1920,1088
task_20210227/20210227-174603_(6.0).jpg,650.304,480.352,1088.448,837.3248,MESCHA,1920,1088
task_20210615_Lab/2021-06-15-14-05-37.jpg,849.024,181.008,1418.304,561.168,MESCHA,1920,1080
task_20211204_Orlu/2021-12-23-14-14-30.jpg,666.24,451.764,1270.272,771.876,MESCHA,1920,1080
task_18-01-2021/2021-01-18-14-33-54.jpg,1194.432,619.2896,1918.08,1036.1024,MESCHA,1920,1088
task_20210615_Lab/2021-06-15-15-53-42.jpg,1407.36,220.86,1754.688,543.132,MESCHA,1920,1080
task_2021_11_03-04_cescau4/2021-11-03-14-57-40.jpg,1132.032,444.096,1357.824,745.74,MESCHA,1920,1080
task_20210615_Lab/2021-06-15-10-55-40.jpg,1123.008,665.388,1920.0,1080.0,MESCHA,1920,1080
task_2021_11_03-04_cescau4/2021-11-03-15-35-43.jpg,1029.888,465.48,1558.464,697.68,SITTOR,1920,1080
task_2021-03-01_14/20210301-141931_(15.0).jpg,955.2,380.0384,1514.88,785.2096,MESCHA,1920,1088
task_20211204_Orlu/2021-12-24-08-29-25.jpg,998.976,468.828,1310.208,706.644,MESCHA,1920,1080
task_2021_11_03-04_cescau4/2021-11-03-16-01-26.jpg,1394.112,544.212,1683.264,857.304,MESNOI,1920,1080
task_20210612_1_Lab/2021-06-12-04-44-30.jpg,1198.272,260.172,1609.344,574.668,MESCHA,1920,1080
task_20211204_Orlu/2021-12-24-10-59-40.jpg,435.648,480.816,957.504,876.528,MESCHA,1920,1080
task_2021_11_03-04_cescau4/2021-11-03-15-38-32.jpg,1147.968,442.26,1568.64,658.044,MESNON,1920,1080
task_20210624_balacet/2021-06-24-10-29-57.jpg,928.32,322.704,1649.28,687.204,MESCHA,1920,1080
task_20210624_balacet/2021-06-24-11-23-10.jpg,918.528,358.56,1505.088,715.608,ACCMOU,1920,1080
task_20210705-07_balacet/2021-07-07-06-41-09.jpg,936.192,284.688,1170.24,666.576,ACCMOU,1920,1080
task_20210227/20210227-142036_(5.0).jpg,827.904,422.4704,1236.864,727.328,MESCHA,1920,1088
task_05-01-2021/2021-01-05-16-39-02.jpg,30.912,283.5328,328.512,427.4752,ROUGOR,1920,1088
task_2021_11_03-04_cescau4/2021-11-04-06-43-23.jpg,640.128,414.288,1397.568,919.728,MESCHA,1920,1080
task_2021_11_03-04_cescau4/2021-11-03-11-18-31.jpg,915.648,440.64,1223.424,692.712,MESNON,1920,1080
task_21-01-2021/2021-01-21-12-21-54.jpg,652.224,148.4032,1277.376,652.0384,MESCHA,1920,1088
task_19-01-2021/2021-01-19-11-02-07.jpg,0.0,24.9152,837.504,615.3728,MESCHA,1920,1088
task_20210624_balacet/2021-06-24-12-58-52.jpg,914.688,233.172,1539.84,630.612,ACCMOU,1920,1080
task_20210616_Lab/2021-06-16-18-49-05.jpg,943.68,227.448,1468.608,582.444,MESCHA,1920,1080
task_21-01-2021/2021-01-21-12-13-07.jpg,252.864,200.5184,773.76,1088.0,MESCHA,1920,1088
task_05-01-2021/2021-01-05-17-27-17.jpg,177.6,524.7424,1111.488,968.5376,ACCMOU,1920,1088
task_20210227/20210227-114246_(5.0).jpg,638.784,538.2336,1148.16,818.0672,VEREUR,1920,1088
task_20210228/20210228-124839_(6.0).jpg,339.648,470.6688,769.92,843.0912,MESCHA,1920,1088
task_2021-03-01_09/20210301-090556_(5.0).jpg,685.056,428.2368,934.08,696.4288,VEREUR,1920,1088
task_20210615_Lab/2021-06-15-10-38-52.jpg,1234.176,250.344,1430.784,464.724,MESCHA,1920,1080
task_2021_11_03-04_cescau4/2021-11-03-11-31-04.jpg,1316.16,450.9,1858.176,738.936,MESNON,1920,1080
task_2021_11_03-04_cescau4/2021-11-03-16-00-16.jpg,820.416,560.088,1093.632,984.204,MESNON,1920,1080
task_20210615_Lab/2021-06-15-10-54-42.jpg,959.424,199.368,1451.712,473.904,MESCHA,1920,1080
task_2021-03-01_08/20210301-085442_(6.0).jpg,532.608,447.4944,1148.16,760.0768,VEREUR,1920,1088
task_20210615_Lab/2021-06-15-14-07-26.jpg,1462.656,223.452,1775.232,609.444,MESCHA,1920,1080
task_2021-03-01_17/20210301-173527_(5.0).jpg,941.76,374.1632,1318.08,690.6624,VEREUR,1920,1088
task_2021_11_03-04_cescau4/2021-11-03-15-34-45.jpg,1378.752,436.968,1609.92,668.952,MESNON,1920,1080
task_06-01-2021/2021-01-06-11-45-55.jpg,1231.104,547.9168,1744.512,900.9728,PINARB,1920,1088
task_20210705-07_balacet/2021-07-06-13-46-29.jpg,836.352,391.5,1046.4,597.24,MESBLE,1920,1080
task_20210205/20210205-164741_07(40.0).jpg,552.192,390.096,1567.104,790.452,MESCHA,1920,1080
task_20211204_Orlu/2021-12-23-13-23-04.jpg,400.128,451.548,949.632,891.108,MESCHA,1920,1080
task_20211204_Orlu/2021-12-23-13-21-11.jpg,1017.984,361.26,1434.048,632.016,MESCHA,1920,1080
task_20210205/20210205-114704_01(11.0).jpg,811.968,509.652,1206.72,949.752,VEREUR,1920,1080
task_20210611_Lab/2021-06-11-17-04-56.jpg,299.328,288.252,871.296,700.164,MESCHA,1920,1080
task_20210612_1_Lab/2021-06-12-06-34-50.jpg,547.968,260.172,777.6,511.056,MESCHA,1920,1080
task_20210523_UPS/20210523-173612_(15.0).jpg,299.712,375.1424,1115.52,1082.7776,PIEBAV,1920,1088
task_2021-03-01_10/20210301-103508_(11.0).jpg,237.312,335.648,858.816,796.7424,PINARB,1920,1088
task_20211204_Orlu/2021-12-23-15-17-20.jpg,1316.544,472.176,1550.784,797.904,MESBLE,1920,1080
task_05-01-2021/2021-01-05-16-06-12.jpg,150.528,414.7456,939.84,783.2512,MESCHA,1920,1088
task_2021_11_03-04_cescau4/2021-11-03-14-42-24.jpg,1300.032,442.692,1648.32,666.576,MESNON,1920,1080
task_20211204_Orlu/2021-12-24-11-05-29.jpg,300.672,519.372,862.464,1029.456,MESCHA,1920,1080
task_20210615_Lab/2021-06-15-11-00-01.jpg,1265.856,254.34,1676.928,543.78,MESCHA,1920,1080
task_2021-03-01_17/20210301-172544_(10.0).jpg,623.232,488.0768,930.048,638.5472,MESCHA,1920,1088
task_20210705-07_balacet/2021-07-07-07-33-14.jpg,872.832,432.216,1461.696,846.936,MESBLE,1920,1080
task_2021-03-01_14/20210301-144619_(9.0).jpg,928.128,370.3552,1470.336,758.2272,MESCHA,1920,1088
task_05-01-2021/2021-01-05-17-23-17.jpg,0.0,370.2464,436.032,827.7504,ACCMOU,1920,1088
task_05-01-2021/2021-01-05-16-38-01.jpg,1339.2,547.9168,1920.0,1088.0,SITTOR,1920,1088
task_06-01-2021/2021-01-06-11-10-33.jpg,1399.104,524.7424,1920.0,1076.576,MESCHA,1920,1088
task_2021-03-01_18/20210301-180118_(15.0).jpg,939.84,760.0768,1916.16,1088.0,MESCHA,1920,1088
task_2021-03-01_15/20210301-151708_(27.0).jpg,362.88,532.3584,746.88,958.8544,MESBLE,1920,1088
task_20211204_Orlu/2021-12-24-10-33-33.jpg,610.752,542.7,913.152,896.94,SITTOR,1920,1080
task_20210615_Lab/2021-06-15-09-05-58.jpg,1518.72,273.672,1920.0,856.44,MESCHA,1920,1080
task_20210611_Lab/2021-06-11-16-43-25.jpg,1019.712,296.136,1709.184,581.58,MESCHA,1920,1080
task_2021_11_03-04_cescau4/2021-11-04-07-36-25.jpg,566.208,360.072,1083.264,920.484,PINARB,1920,1080
task_20211204_Orlu/2021-12-23-13-26-09.jpg,273.6,459.864,845.952,953.316,MESCHA,1920,1080
task_2021-03-01_13/20210301-135313_(28.0).jpg,760.32,428.2368,1003.392,738.8608,VEREUR,1920,1088
task_20210615_Lab/2021-06-15-09-08-06.jpg,524.928,725.22,1665.408,1080.0,MESCHA,1920,1080
task_2021-03-01_14/20210301-145932_(9.0).jpg,497.856,430.1952,1045.824,789.0176,MESCHA,1920,1088
task_20210228/20210228-180456_(8.0).jpg,187.2,420.512,831.744,748.544,MESCHA,1920,1088
task_20211204_Orlu/2021-12-23-14-44-47.jpg,769.152,425.196,1347.648,740.34,MESCHA,1920,1080
task_20211204_Orlu/2021-12-23-14-56-18.jpg,1237.824,419.796,1919.424,890.136,MESCHA,1920,1080
task_20210705-07_balacet/2021-07-06-10-25-41.jpg,334.848,392.58,783.552,745.416,MESNON,1920,1080
task_20211204_Orlu/2021-12-24-09-50-23.jpg,886.848,443.772,1467.648,742.068,MESCHA,1920,1080
task_2021-03-01_12/20210301-124557_(5.0).jpg,1123.008,439.7696,1451.136,688.704,MESCHA,1920,1088
task_20211204_Orlu/2021-12-23-14-24-06.jpg,959.424,512.136,1367.424,817.128,MESBLE,1920,1080
task_20210228/20210228-161943_(11.0).jpg,1082.496,557.4912,1460.736,1086.2592,MESCHA,1920,1088
task_20210612_1_Lab/2021-06-12-06-21-32.jpg,636.864,435.78,1039.68,1079.892,MESCHA,1920,1080
task_2021_11_03-04_cescau4/2021-11-03-11-04-47.jpg,1554.432,852.336,1920.0,1078.38,PINARB,1920,1080
task_20210227/20210227-151557_(5.0).jpg,858.816,542.0416,1422.144,816.1088,MESCHA,1920,1088
task_21-01-2021/2021-01-21-14-43-04.jpg,555.84,271.8912,1026.624,696.4288,MESCHA,1920,1088
task_2021_11_03-04_cescau4/2021-11-03-11-56-29.jpg,1091.136,470.448,1634.88,666.252,MESCHA,1920,1080
task_20210526_UPS/20210526-113836_(29.0).jpg,540.672,308.6656,1916.16,1086.5856,PIEBAV,1920,1088
task_20210419_UPS/20210419-131210_(9.0).jpg,595.776,329.5552,1550.016,792.4992,MESCHA,1920,1088
task_2021_11_03-04_cescau4/2021-11-03-11-23-25.jpg,948.288,486.648,1480.32,712.584,SITTOR,1920,1080
task_20211204_Orlu/2021-12-23-15-49-56.jpg,921.408,514.512,1250.496,717.552,MESCHA,1920,1080
task_21-01-2021/2021-01-21-13-53-00.jpg,820.224,435.9616,1713.6,904.8896,MESCHA,1920,1088
task_05-01-2021/2021-01-05-17-41-28.jpg,1155.84,449.4528,1759.872,847.008,ACCMOU,1920,1088
task_20210615_Lab/2021-06-15-13-47-19.jpg,671.616,617.112,1690.752,1080.0,MESCHA,1920,1080
task_19-01-2021/2021-01-19-13-12-32.jpg,717.888,55.8144,1045.824,393.5296,MESCHA,1920,1088
task_2021-03-01_17/20210301-174859_(9.0).jpg,1003.392,426.2784,1179.072,758.2272,MESBLE,1920,1088
task_19-01-2021/2021-01-19-12-42-28.jpg,359.04,40.3648,1090.368,491.8848,MESCHA,1920,1088
task_18-01-2021/2021-01-18-13-50-30.jpg,702.336,358.7136,1130.88,1088.0,MESBLE,1920,1088
task_20211204_Orlu/2021-12-23-14-57-00.jpg,1113.408,520.56,1895.04,806.76,SITTOR,1920,1080
task_2021_11_03-04_cescau4/2021-11-03-15-36-35.jpg,684.864,521.748,1157.568,1074.168,MESCHA,1920,1080
task_20210523_UPS/20210523-173448_(21.0).jpg,436.416,487.0976,1288.32,1084.6272,PIEBAV,1920,1088
task_2021-03-01_12/20210301-123423_(12.0).jpg,854.784,385.8048,1302.528,686.7456,MESCHA,1920,1088
task_05-01-2021/2021-01-05-16-00-40.jpg,477.696,47.5456,666.048,264.928,MESCHA,1920,1088
task_2021-03-01_17/20210301-172717_(11.0).jpg,891.456,439.7696,1229.184,665.5296,MESCHA,1920,1088
task_2021_11_03-04_cescau4/2021-11-04-06-36-41.jpg,654.528,477.9,1405.056,867.672,PINARB,1920,1080
task_20210523_UPS/20210523-195431_(18.0).jpg,836.736,462.4,1405.824,1088.0,PIEBAV,1920,1088
task_05-01-2021/2021-01-05-16-46-08.jpg,1256.256,507.3344,1920.0,1065.0432,MESCHA,1920,1088
task_20210623_balacet/2021-06-23-11-19-14.jpg,932.16,327.672,1478.4,974.16,MESCHA,1920,1080
task_19-01-2021/2021-01-19-11-38-03.jpg,669.696,277.6576,1692.288,713.8368,MESCHA,1920,1088
task_20210611_Lab/2021-06-11-18-54-05.jpg,936.384,188.784,1411.968,614.736,MESCHA,1920,1080
task_21-01-2021/2021-01-21-12-13-04.jpg,1.92,196.7104,654.144,723.4112,MESNON,1920,1088
task_20210611_Lab/2021-06-11-18-51-02.jpg,292.608,207.684,805.824,540.432,MESCHA,1920,1080
task_20210217/20210217-154626_01(23.0).jpg,1078.08,229.5,1867.968,833.436,MESCHA,1920,1080
task_2021-03-01_07/20210301-074550_(6.0).jpg,397.632,447.4944,864.576,746.5856,VEREUR,1920,1088
task_2021-03-01_14/20210301-142600_(9.0).jpg,401.472,453.2608,723.648,1088.0,MESCHA,1920,1088
task_2021-03-01_09/20210301-091011_(6.0).jpg,708.288,350.9888,1148.16,686.7456,VEREUR,1920,1088
task_20210615_Lab/2021-06-15-10-56-11.jpg,1494.144,896.724,1852.608,1080.0,MESCHA,1920,1080
task_20210526_UPS/20210526-185802_(43.0).jpg,350.976,464.2496,1916.16,1088.0,PIEBAV,1920,1088
task_20210526_UPS/20210526-091231_(18.0).jpg,863.04,352.7296,1857.216,1088.0,PIEBAV,1920,1088
task_20210417_UPS/20210417-113241_(12.0).jpg,953.28,677.1712,1366.272,856.5824,MESCHA,1920,1088
task_20210616_Lab/2021-06-16-09-27-59.jpg,1206.144,332.748,1773.504,870.696,MESCHA,1920,1080
task_20211204_Orlu/2021-12-24-11-02-35.jpg,1144.32,508.68,1388.352,758.7,MESCHA,1920,1080
task_20211204_Orlu/2021-12-23-14-11-00.jpg,915.84,469.584,1376.064,716.364,SITTOR,1920,1080
task_2021-03-01_10/20210301-103047_(6.0).jpg,864.576,352.9472,1478.208,748.544,VEREUR,1920,1088
task_2021_11_03-04_cescau4/2021-11-04-08-18-43.jpg,1327.488,480.276,1553.856,674.028,MESCHA,1920,1080
task_20210705-07_balacet/2021-07-07-08-28-56.jpg,1071.744,344.304,1407.168,885.708,ACCMOU,1920,1080
task_20211204_Orlu/2021-12-23-14-54-58.jpg,1163.136,362.988,1656.576,823.284,MESCHA,1920,1080
task_2021-03-01_18/20210301-182740_(7.0).jpg,671.616,486.1184,976.512,667.488,MESCHA,1920,1088
task_20210611_Lab/2021-06-11-14-37-03.jpg,474.432,259.2,901.248,553.284,MESCHA,1920,1080
task_2021_11_03-04_cescau4/2021-11-03-15-34-51.jpg,1219.584,448.848,1572.672,654.264,MESNON,1920,1080
task_2021-03-01_13/20210301-135531_(13.0).jpg,692.736,414.7456,960.96,717.6448,VEREUR,1920,1088
task_2021_11_03-04_cescau4/2021-11-03-12-26-52.jpg,1061.568,467.424,1507.392,729.972,SITTOR,1920,1080
task_2021_11_03-04_cescau4/2021-11-04-07-43-32.jpg,1445.376,505.548,1774.272,752.544,MESCHA,1920,1080
task_20210525_UPS/20210525-154238_(20.0).jpg,468.864,374.1632,1424.064,1080.4928,PIEBAV,1920,1088
task_2021-03-01_09/20210301-090546_(6.0).jpg,783.552,389.6128,982.272,673.2544,VEREUR,1920,1088
task_20210615_Lab/2021-06-15-09-26-33.jpg,1032.384,265.896,1281.408,501.336,MESCHA,1920,1080
task_20210227/20210227-142105_(5.0).jpg,970.56,470.6688,1534.08,767.8016,VEREUR,1920,1088
task_20210705-07_balacet/2021-07-06-14-07-27.jpg,963.648,485.136,1581.504,772.092,MESNON,1920,1080
task_21-01-2021/2021-01-21-12-03-15.jpg,82.944,198.56,1076.736,665.5296,MESCHA,1920,1088
task_2021-03-01_16/20210301-161317_(6.0).jpg,395.712,453.2608,806.592,777.4848,MESCHA,1920,1088
task_20210624_balacet/2021-06-24-08-59-12.jpg,1057.536,262.116,1528.32,756.108,MESCHA,1920,1080
task_20210227/20210227-133929_(6.0).jpg,793.152,528.5504,1057.536,1088.0,MESCHA,1920,1088
task_2021-03-01_13/20210301-135722_(9.0).jpg,936.0,414.7456,1159.68,684.896,VEREUR,1920,1088
task_2021_11_03-04_cescau4/2021-11-03-11-04-41.jpg,989.568,452.304,1520.448,646.272,MESCHA,1920,1080
task_05-01-2021/2021-01-05-17-02-53.jpg,744.96,434.0032,1287.168,1088.0,SITTOR,1920,1088
task_20210417_UPS/20210417-093634_(7.0).jpg,677.376,839.2832,1036.224,1078.5344,MESCHA,1920,1088
task_20210612_1_Lab/2021-06-12-06-35-38.jpg,1015.104,337.392,1312.128,729.108,MESCHA,1920,1080
task_21-01-2021/2021-01-21-12-02-52.jpg,3.84,262.3168,661.824,665.6384,MESCHA,1920,1088
task_2021_11_03-04_cescau4/2021-11-03-10-58-53.jpg,1509.504,480.6,1884.672,988.524,SITTOR,1920,1080
task_2021-03-01_09/20210301-090859_(11.0).jpg,621.312,447.4944,974.592,677.1712,MESCHA,1920,1088
task_19-01-2021/2021-01-19-12-06-53.jpg,773.76,105.9712,1001.472,383.8464,MESCHA,1920,1088
task_20210705-07_balacet/2021-07-06-14-37-09.jpg,923.52,396.792,1667.52,716.04,ACCMOU,1920,1080
task_05-01-2021/2021-01-05-17-22-44.jpg,634.944,331.7312,1466.688,792.9344,MESCHA,1920,1088
task_20210705-07_balacet/2021-07-06-08-59-02.jpg,1054.464,308.232,1768.32,690.228,ROUGOR,1920,1080
task_20210227/20210227-143803_(6.0).jpg,615.552,482.3104,1086.336,763.9936,VEREUR,1920,1088
task_21-01-2021/2021-01-21-13-23-54.jpg,331.968,152.32,1127.04,632.7808,MESCHA,1920,1088
task_21-01-2021/2021-01-21-12-49-26.jpg,766.08,385.8048,1640.256,860.4992,MESCHA,1920,1088
task_21-01-2021/2021-01-21-12-09-36.jpg,0.0,173.536,563.52,746.6944,MESBLE,1920,1088
task_20211204_Orlu/2021-12-23-14-34-06.jpg,1502.592,162.972,1789.44,389.88,MESCHA,1920,1080
task_20210612_1_Lab/2021-06-12-06-19-14.jpg,534.528,268.056,980.736,562.788,MESCHA,1920,1080
task_20210615_Lab/2021-06-15-11-02-12.jpg,1362.432,157.896,1833.216,453.168,MESCHA,1920,1080
task_2021-03-01_16/20210301-165715_(14.0).jpg,756.48,470.6688,962.88,659.7632,MESCHA,1920,1088
task_20210616_Lab/2021-06-16-09-06-39.jpg,1499.712,246.24,1728.192,593.244,MESCHA,1920,1080
task_20210615_Lab/2021-06-15-10-47-54.jpg,1489.92,253.584,1746.624,674.568,MESCHA,1920,1080
task_19-01-2021/2021-01-19-11-09-08.jpg,1.92,48.0896,773.76,646.272,MESCHA,1920,1088
task_20210615_Lab/2021-06-15-08-34-19.jpg,745.728,474.768,1470.336,1074.492,MESCHA,1920,1080
task_20210616_Lab/2021-06-16-04-48-19.jpg,508.224,206.064,1198.848,692.064,MESCHA,1920,1080
task_18-01-2021/2021-01-18-13-47-33.jpg,295.296,457.1776,968.64,864.3072,MESBLE,1920,1088
task_06-01-2021/2021-01-06-11-27-42.jpg,1.92,55.8144,582.72,777.4848,ACCMOU,1920,1088
task_2021_11_03-04_cescau4/2021-11-04-08-11-09.jpg,733.056,568.836,1065.792,1078.488,MESNOI,1920,1080
task_2021_11_03-04_cescau4/2021-11-03-14-57-17.jpg,1210.752,469.584,1413.504,697.356,MESCHA,1920,1080
task_21-01-2021/2021-01-21-13-00-54.jpg,766.08,273.8496,1202.304,717.6448,MESCHA,1920,1088
task_20211204_Orlu/2021-12-24-07-16-27.jpg,1054.08,501.768,1238.208,692.712,MESCHA,1920,1080
task_2021_11_03-04_cescau4/2021-11-04-07-37-18.jpg,822.72,428.544,1566.72,739.476,PINARB,1920,1080
task_20211204_Orlu/2021-12-24-09-58-58.jpg,895.488,475.092,1425.408,740.016,MESNON,1920,1080
task_2021_11_03-04_cescau4/2021-11-03-16-07-09.jpg,1618.56,512.784,1920.0,949.536,MESCHA,1920,1080
task_20210418_UPS/20210418-110829_(5.0).jpg,620.544,674.4512,1019.712,1026.2016,MESCHA,1920,1088
task_06-01-2021/2021-01-06-11-45-40.jpg,19.392,569.1328,424.512,908.6976,PINARB,1920,1088
task_20210615_Lab/2021-06-15-09-05-19.jpg,1090.368,242.784,1422.144,636.444,MESCHA,1920,1080
task_2021_11_03-04_cescau4/2021-11-04-07-38-53.jpg,1242.816,472.284,1596.288,682.02,SITTOR,1920,1080
task_20210615_Lab/2021-06-15-10-33-36.jpg,1223.424,283.284,1725.12,692.388,MESCHA,1920,1080
task_20211204_Orlu/2021-12-24-09-57-40.jpg,652.608,603.396,998.4,851.688,MESNON,1920,1080
task_2021_11_03-04_cescau4/2021-11-04-06-41-40.jpg,1682.112,564.732,1915.584,768.204,MESNON,1920,1080
task_2021-03-01_14/20210301-142700_(9.0).jpg,991.872,362.6304,1348.8,698.3872,VEREUR,1920,1088
task_20211204_Orlu/2021-12-24-11-02-51.jpg,915.84,374.22,1544.064,809.676,MESCHA,1920,1080
task_20211204_Orlu/2021-12-23-15-50-01.jpg,926.592,514.404,1171.776,732.456,MESCHA,1920,1080
task_2021-03-01_08/20210301-085101_(6.0).jpg,387.84,464.9024,723.648,1043.8272,MESCHA,1920,1088
task_20210624_balacet/2021-06-24-10-58-35.jpg,907.008,383.616,1788.864,831.384,ACCMOU,1920,1080
task_2021-03-01_14/20210301-144518_(13.0).jpg,866.496,395.3792,1234.944,644.3136,MESCHA,1920,1088
task_2021_11_03-04_cescau4/2021-11-03-12-10-07.jpg,1464.0,636.66,1912.512,1078.704,SITTOR,1920,1080
task_2021-03-01_13/20210301-135736_(15.0).jpg,1341.12,750.5024,1918.08,1088.0,MESCHA,1920,1088
task_20210623_balacet/2021-06-23-14-07-37.jpg,831.744,300.672,1391.232,628.668,MESCHA,1920,1080
task_20210624_balacet/2021-06-24-13-57-24.jpg,762.24,235.116,1111.488,1006.884,ROUGOR,1920,1080
task_20210705-07_balacet/2021-07-07-08-09-06.jpg,1014.528,386.532,1371.84,723.924,SITTOR,1920,1080
task_2021-03-01_07/20210301-074714_(14.0).jpg,488.256,470.6688,879.936,765.952,VEREUR,1920,1088
task_20210623_balacet/2021-06-23-13-40-18.jpg,777.6,319.14,989.76,575.964,MESCHA,1920,1080
task_2021-03-01_13/20210301-135010_(8.0).jpg,576.96,489.9264,1018.944,756.2688,VEREUR,1920,1088
task_2021-03-01_09/20210301-091126_(5.0).jpg,787.392,376.1216,1180.992,733.0944,VEREUR,1920,1088
task_2021_11_03-04_cescau4/2021-11-03-15-09-31.jpg,745.728,491.94,1093.824,715.932,MESNON,1920,1080
task_2021_11_03-04_cescau4/2021-11-04-07-19-08.jpg,1612.992,604.692,1920.0,879.66,MESNON,1920,1080
task_19-01-2021/2021-01-19-12-25-09.jpg,3.84,5.6576,775.68,459.136,MESCHA,1920,1088
task_2021_11_03-04_cescau4/2021-11-04-08-19-24.jpg,1159.488,446.58,1591.104,639.036,MESNON,1920,1080
task_2021_11_03-04_cescau4/2021-11-04-06-49-09.jpg,668.544,420.444,1128.0,893.268,MESHUP,1920,1080
task_20210227/20210227-173022_(9.0).jpg,1221.504,964.6208,1702.08,1084.3008,MESCHA,1920,1088
task_2021-03-01_15/20210301-151340_(5.0).jpg,698.496,495.8016,959.04,769.76,MESCHA,1920,1088
task_05-01-2021/2021-01-05-16-43-42.jpg,903.36,484.16,1533.312,1088.0,SITTOR,1920,1088
task_20210612_1_Lab/2021-06-12-06-00-45.jpg,934.08,252.396,1528.32,551.556,MESCHA,1920,1080
task_19-01-2021/2021-01-19-11-41-58.jpg,202.56,98.2464,845.184,437.92,MESBLE,1920,1088
task_05-01-2021/2021-01-05-16-01-33.jpg,420.672,487.968,1705.728,1088.0,SITTOR,1920,1088
task_MOIDOM_ODJ/907.jpeg,0.36,137.745,285.72,356.085,MOIDOM,600,450
task_20210526_UPS/20210526-104748_(12.0).jpg,918.336,500.3712,1574.784,995.52,MESCHA,1920,1088
task_20210523_UPS/20210523-174039_(30.0).jpg,500.928,411.1552,1297.728,1088.0,PIEBAV,1920,1088
task_20210624_balacet/2021-06-24-09-22-22.jpg,199.104,274.212,845.568,782.352,MESCHA,1920,1080
task_2021_11_03-04_cescau4/2021-11-03-13-53-15.jpg,1006.08,372.492,1719.936,755.46,PINARB,1920,1080
task_20211204_Orlu/2021-12-24-10-22-22.jpg,830.208,423.252,1310.208,757.188,MESCHA,1920,1080
task_20210616_Lab/2021-06-16-06-45-35.jpg,1039.104,81.648,1449.024,475.632,MESCHA,1920,1080
task_20210523_UPS/20210523-175810_(21.0).jpg,918.336,270.8032,1918.08,1084.6272,PIEBAV,1920,1088
task_20210616_Lab/2021-06-16-09-08-47.jpg,1424.64,285.012,1806.144,540.864,MESCHA,1920,1080
task_20210526_UPS/20210526-091314_(43.0).jpg,660.288,145.5744,1916.16,1088.0,PIEBAV,1920,1088
task_20211204_Orlu/2021-12-24-10-22-11.jpg,926.784,595.188,1306.176,976.752,MESBLE,1920,1080
task_2021_11_03-04_cescau4/2021-11-04-07-31-02.jpg,1092.864,487.512,1296.192,681.696,MESNOI,1920,1080
task_05-01-2021/2021-01-05-16-13-26.jpg,669.696,404.9536,1622.784,839.2832,SITTOR,1920,1088
task_2021_11_03-04_cescau4/2021-11-04-08-10-52.jpg,1333.824,475.524,1575.552,727.164,MESNON,1920,1080
task_20210624_balacet/2021-06-24-08-31-50.jpg,661.824,316.116,962.88,744.552,MESCHA,1920,1080
task_19-01-2021/2021-01-19-11-14-20.jpg,1474.368,17.1904,1914.24,731.136,MESCHA,1920,1088
task_21-01-2021/2021-01-21-12-17-10.jpg,0.0,98.2464,793.152,785.2096,ROUGOR,1920,1088
task_20210612_1_Lab/2021-06-12-05-42-11.jpg,854.784,155.952,1134.72,815.94,MESCHA,1920,1080
task_20210615_Lab/2021-06-15-10-01-31.jpg,1206.144,331.56,1748.352,584.388,MESCHA,1920,1080
task_19-01-2021/2021-01-19-11-46-41.jpg,1175.232,221.7344,1918.08,598.0736,MESCHA,1920,1088
task_2021-03-01_13/20210301-135418_(12.0).jpg,667.776,393.5296,889.536,773.6768,VEREUR,1920,1088
task_21-01-2021/2021-01-21-13-59-19.jpg,957.12,378.08,1401.024,868.224,MESCHA,1920,1088
task_2021-03-01_17/20210301-174016_(13.0).jpg,874.176,457.1776,1180.992,630.8224,MESCHA,1920,1088
task_20210615_Lab/2021-06-15-13-39-39.jpg,856.704,267.84,1208.064,754.164,MESCHA,1920,1080
task_2021-03-01_13/20210301-134219_(10.0).jpg,748.8,489.9264,1127.04,806.4256,VEREUR,1920,1088
task_20210526_UPS/20210526-064102_(26.0).jpg,724.8,227.1744,1918.08,1088.0,PIEBAV,1920,1088
task_20210615_Lab/2021-06-15-09-21-37.jpg,949.44,229.284,1557.312,485.892,MESCHA,1920,1080
task_2021_11_03-04_cescau4/2021-11-03-16-10-33.jpg,1290.048,833.004,1637.376,1080.0,MESNON,1920,1080
task_2021_11_03-04_cescau4/2021-11-04-07-56-27.jpg,940.608,465.48,1372.032,701.784,MESNOI,1920,1080
task_20210525_UPS/20210525-154201_(29.0).jpg,673.536,339.456,1526.4,1088.0,PIEBAV,1920,1088
task_20210612_1_Lab/2021-06-12-06-23-35.jpg,804.672,211.896,1136.64,640.332,MESCHA,1920,1080
task_20210615_Lab/2021-06-15-10-56-15.jpg,1256.256,686.664,1785.024,1070.604,MESCHA,1920,1080
task_20211204_Orlu/2021-12-23-14-18-02.jpg,1245.312,525.528,1589.568,773.064,MESCHA,1920,1080
task_20210611_Lab/2021-06-11-15-31-39.jpg,946.752,272.484,1297.728,600.696,MESCHA,1920,1080
task_20210624_balacet/2021-06-24-12-53-02.jpg,923.904,293.22,1623.552,622.836,MESCHA,1920,1080
task_2021-03-01_15/20210301-154707_(16.0).jpg,528.768,464.9024,922.368,663.68,MESCHA,1920,1088
task_20210227/20210227-143309_(6.0).jpg,625.152,719.6032,959.04,1086.2592,MESCHA,1920,1088
task_20210616_Lab/2021-06-16-04-50-30.jpg,1129.152,274.212,1710.336,856.872,MESCHA,1920,1080
task_2021_11_03-04_cescau4/2021-11-04-07-13-47.jpg,563.904,412.776,1271.04,752.868,PINARB,1920,1080
task_2021-03-01_17/20210301-174107_(9.0).jpg,650.304,412.7872,1146.24,696.4288,MESCHA,1920,1088
task_2021-03-01_17/20210301-175035_(11.0)(1).jpg,235.584,515.0592,727.488,1047.6352,MESCHA,1920,1088
task_2021_11_03-04_cescau4/2021-11-04-07-09-03.jpg,1149.696,404.028,1758.72,713.124,PINARB,1920,1080
task_21-01-2021/2021-01-21-14-27-18.jpg,698.496,324.0064,1393.152,875.9488,MESCHA,1920,1088
task_2021-03-01_14/20210301-144706_(20.0).jpg,816.192,383.8464,1350.72,642.464,VEREUR,1920,1088
task_2021_11_03-04_cescau4/2021-11-03-12-16-35.jpg,1452.672,434.484,1839.168,1080.0,SITTOR,1920,1080
task_20210615_Lab/2021-06-15-11-04-39.jpg,1136.64,238.896,1449.216,312.228,MESCHA,1920,1080
task_2021-03-01_08/20210301-083213_(9.0).jpg,212.352,517.0176,829.824,906.7392,MESCHA,1920,1088
task_20210615_Lab/2021-06-15-14-04-55.jpg,822.144,171.396,1451.136,491.724,MESCHA,1920,1080
task_06-01-2021/2021-01-06-10-50-23.jpg,1302.528,542.0416,1796.544,947.3216,MESCHA,1920,1088
task_20211204_Orlu/2021-12-24-09-17-16.jpg,1045.632,471.42,1246.272,717.228,MESCHA,1920,1080
task_20210611_Lab/2021-06-11-17-30-58.jpg,891.648,291.384,1333.824,678.456,MESCHA,1920,1080
task_20210615_Lab/2021-06-15-10-39-49.jpg,822.72,190.62,1042.368,458.568,MESCHA,1920,1080
task_20210612_1_Lab/2021-06-12-05-08-15.jpg,1007.232,329.616,1346.88,785.052,MESCHA,1920,1080
task_2021-03-01_08/20210301-085817_(5.0).jpg,368.64,470.56,714.048,968.5376,MESCHA,1920,1088
task_20210616_Lab/2021-06-16-18-56-48.jpg,726.72,98.712,1125.696,472.932,VEREUR,1920,1080
task_2021-03-01_09/20210301-091101_(19.0).jpg,988.032,376.1216,1325.76,644.3136,VEREUR,1920,1088
task_05-01-2021/2021-01-05-17-00-27.jpg,657.216,320.1984,1273.152,806.752,MESCHA,1920,1088
task_20210616_Lab/2021-06-16-09-21-51.jpg,1167.744,236.412,1512.576,459.432,MESCHA,1920,1080
task_20210615_Lab/2021-06-15-08-26-48.jpg,1157.76,244.728,1644.096,532.224,MESCHA,1920,1080
task_20210615_Lab/2021-06-15-09-57-55.jpg,908.928,285.228,1615.104,700.056,MESCHA,1920,1080
task_20210615_Lab/2021-06-15-15-46-12.jpg,1158.72,209.952,1728.0,532.224,MESCHA,1920,1080
task_19-01-2021/2021-01-19-10-54-46.jpg,468.864,187.0272,1213.824,563.2576,MESBLE,1920,1088
task_2021_11_03-04_cescau4/2021-11-04-07-12-32.jpg,729.216,461.268,1264.128,759.24,PINARB,1920,1080
task_2021_11_03-04_cescau4/2021-11-03-14-28-36.jpg,839.04,434.484,1504.32,742.716,MESCHA,1920,1080
task_19-01-2021/2021-01-19-11-21-50.jpg,1221.504,214.0096,1867.968,667.488,MESCHA,1920,1088
task_2021_11_03-04_cescau4/2021-11-03-16-35-06.jpg,976.128,477.252,1443.072,786.24,MESNON,1920,1080
task_2021-03-01_13/20210301-135246_(13.0).jpg,648.384,426.2784,926.208,760.0768,VEREUR,1920,1088
task_2021-03-01_13/20210301-135704_(5.0).jpg,758.4,460.9856,1026.624,690.6624,VEREUR,1920,1088
task_19-01-2021/2021-01-19-13-36-20.jpg,740.928,171.5776,1599.744,549.7664,ROUGOR,1920,1088
task_2021-03-01_11/20210301-110209_(10.0).jpg,714.048,538.2336,1424.064,1088.0,MESCHA,1920,1088
task_19-01-2021/2021-01-19-11-46-53.jpg,5.76,5.6576,1918.08,1088.0,MESCHA,1920,1088
task_20210611_Lab/2021-06-11-16-10-35.jpg,1214.208,262.98,1728.384,627.264,MESCHA,1920,1080
task_2021_11_03-04_cescau4/2021-11-04-07-42-31.jpg,939.264,520.452,1690.368,886.356,MESCHA,1920,1080
task_20210523_UPS/20210523-175529_(21.0).jpg,899.328,331.5136,1914.432,1086.5856,PIEBAV,1920,1088
task_20210205/20210205-161216_01(13.0).jpg,39.936,505.872,1056.768,868.212,VEREUR,1920,1080
task_20210525_UPS/20210525-154517_(22.0).jpg,405.312,349.1392,1566.912,1088.0,PIEBAV,1920,1088
task_20210615_Lab/2021-06-15-11-07-40.jpg,1275.264,207.36,1523.136,453.06,MESCHA,1920,1080
task_20210616_Lab/2021-06-16-09-08-30.jpg,1027.584,313.848,1487.808,614.196,MESCHA,1920,1080
task_2021-03-01_12/20210301-122425_(11.0).jpg,422.592,470.6688,783.552,744.736,MESCHA,1920,1088
task_20210611_Lab/2021-06-11-14-05-46.jpg,508.416,169.992,1024.512,522.936,MESCHA,1920,1080
task_20211204_Orlu/2021-12-23-15-04-56.jpg,742.08,501.984,1070.208,728.784,MESCHA,1920,1080
task_20210624_balacet/2021-06-24-11-24-12.jpg,1173.312,379.836,1725.12,624.888,ACCMOU,1920,1080
task_20210623_balacet/2021-06-23-09-20-21.jpg,1177.728,294.408,1656.192,818.424,MESCHA,1920,1080
task_05-01-2021/2021-01-05-16-53-03.jpg,1395.264,528.9856,1920.0,1074.6176,SITTOR,1920,1088
task_18-01-2021/2021-01-18-14-34-48.jpg,1152.0,345.2224,1613.184,717.6448,MESCHA,1920,1088
task_2021-03-01_17/20210301-174946_(8.0).jpg,241.152,462.944,769.92,941.5552,MESCHA,1920,1088
task_20210217/20210217-162731_02(11.0).jpg,1128.0,856.764,1591.488,1079.028,VEREUR,1920,1080
task_20210615_Lab/2021-06-15-10-31-43.jpg,1348.8,223.452,1725.12,512.892,MESCHA,1920,1080
task_20210227/20210227-112632_(5.0).jpg,441.984,331.7312,922.368,789.0176,MESCHA,1920,1088
task_19-01-2021/2021-01-19-11-37-11.jpg,1005.312,77.0304,1248.576,486.1184,MESCHA,1920,1088
task_18-01-2021/2021-01-18-13-48-48.jpg,370.56,408.9792,1009.152,910.656,MESBLE,1920,1088
task_20210611_Lab/2021-06-11-15-19-35.jpg,326.4,196.56,1290.24,1080.0,MESCHA,1920,1080
task_20210415_UPS/20210415-165808_(7.0).jpg,692.736,760.0768,1015.104,1022.6112,MESCHA,1920,1088
task_2021-03-01_17/20210301-170109_(7.0).jpg,931.968,460.9856,1233.024,686.7456,VEREUR,1920,1088
task_20211204_Orlu/2021-12-24-10-50-53.jpg,889.536,464.616,1457.664,814.968,MESCHA,1920,1080
task_20210612_1_Lab/2021-06-12-05-10-25.jpg,961.728,314.28,1339.2,828.36,MESCHA,1920,1080
task_2021-03-01_17/20210301-175658_(6.0).jpg,931.968,459.136,1267.776,632.7808,MESCHA,1920,1088
task_2021_11_03-04_cescau4/2021-11-04-07-38-58.jpg,1099.2,484.92,1434.048,859.248,SITTOR,1920,1080
task_20210227/20210227-171348_(9.0).jpg,1136.64,538.2336,1647.936,910.656,MESCHA,1920,1088
task_19-01-2021/2021-01-19-11-25-30.jpg,5.76,94.4384,708.288,845.0496,MESCHA,1920,1088
task_2021-03-01_09/20210301-091135_(5.0).jpg,1233.024,723.4112,1698.048,1086.2592,VEREUR,1920,1088
task_20210624_balacet/2021-06-24-07-03-11.jpg,864.576,333.504,1057.536,563.112,CAMPAG,1920,1080
task_05-01-2021/2021-01-05-16-29-25.jpg,1495.488,522.784,1920.0,1066.8928,ACCMOU,1920,1088
task_20210526_UPS/20210526-070843_(24.0).jpg,352.896,430.0864,1918.08,1086.5856,PIEBAV,1920,1088
task_21-01-2021/2021-01-21-11-55-55.jpg,5.568,0.0,881.856,742.7776,MESNON,1920,1088
task_20210228/20210228-132936_(15.0).jpg,978.432,491.8848,1557.312,1088.0,MESCHA,1920,1088
task_20210612_1_Lab/2021-06-12-05-09-16.jpg,557.76,333.504,1362.432,802.44,MESCHA,1920,1080
task_20211204_Orlu/2021-12-23-16-06-34.jpg,1049.664,477.9,1553.472,740.016,MESCHA,1920,1080
task_2021-03-01_16/20210301-165520_(10.0).jpg,881.856,410.8288,1406.784,659.7632,MESCHA,1920,1088
task_20210417_UPS/20210417-110455_(5.0).jpg,614.4,596.768,1121.472,823.7248,MESCHA,1920,1088
task_20210615_Lab/2021-06-15-13-47-55.jpg,1049.856,213.84,1555.392,449.28,MESCHA,1920,1080
task_05-01-2021/2021-01-05-17-14-33.jpg,959.04,356.864,1360.32,827.7504,MESCHA,1920,1088
task_20210705-07_balacet/2021-07-06-12-51-40.jpg,899.904,337.5,1366.272,609.12,ROUGOR,1920,1080
task_2021-03-01_13/20210301-134823_(7.0).jpg,901.248,468.7104,1318.08,733.0944,VEREUR,1920,1088
task_20210611_Lab/2021-06-11-13-46-55.jpg,1273.152,253.476,1813.824,691.74,MESCHA,1920,1080
task_20211204_Orlu/2021-12-24-10-08-38.jpg,749.76,471.744,1108.224,759.888,MESCHA,1920,1080
task_20210624_balacet/2021-06-24-10-11-51.jpg,1150.08,264.06,1642.176,626.832,MESCHA,1920,1080
task_20211204_Orlu/2021-12-24-10-57-04.jpg,1065.6,539.568,1335.936,765.288,SITTOR,1920,1080
task_20211204_Orlu/2021-12-24-07-50-26.jpg,806.592,482.004,1159.104,718.416,MESBLE,1920,1080
task_20210615_Lab/2021-06-15-10-35-45.jpg,735.168,190.728,1138.56,568.944,MESCHA,1920,1080
task_05-01-2021/2021-01-05-16-33-40.jpg,1128.96,408.8704,1920.0,962.6624,SITTOR,1920,1088
task_19-01-2021/2021-01-19-12-05-18.jpg,30.912,36.5568,1084.416,1020.6528,MESCHA,1920,1088
task_20210624_balacet/2021-06-24-14-16-19.jpg,1043.904,385.56,1586.304,815.94,ACCMOU,1920,1080
task_2021_11_03-04_cescau4/2021-11-03-15-57-32.jpg,1275.072,469.152,1474.944,664.956,MESNOI,1920,1080
task_20210227/20210227-112452_(5.0).jpg,933.504,679.0208,1387.392,1088.0,MESCHA,1920,1088
task_20210227/20210227-131536_(6.0).jpg,845.184,410.8288,989.952,538.2336,MESBLE,1920,1088
task_20210612_1_Lab/2021-06-12-04-39-57.jpg,330.048,238.896,686.976,613.332,MESCHA,1920,1080
task_20210227/20210227-144118_(5.0).jpg,1402.944,665.5296,1682.688,1088.0,MESCHA,1920,1088
task_20210615_Lab/2021-06-15-10-39-05.jpg,1041.408,193.212,1466.88,464.508,MESCHA,1920,1080
task_2021_11_03-04_cescau4/2021-11-03-14-58-22.jpg,518.592,463.428,1101.696,912.6,MESCHA,1920,1080
task_2021_11_03-04_cescau4/2021-11-03-15-20-10.jpg,1220.544,460.944,1386.432,604.908,MESNON,1920,1080
task_2021_11_03-04_cescau4/2021-11-04-07-48-20.jpg,888.768,419.04,1307.904,694.008,MESCHA,1920,1080
task_2021_11_03-04_cescau4/2021-11-04-07-44-30.jpg,900.096,499.716,1310.208,728.676,MESNOI,1920,1080
task_20211204_Orlu/2021-12-24-09-15-53.jpg,1229.952,506.304,1449.984,713.88,MESNOI,1920,1080
task_20210705-07_balacet/2021-07-07-07-38-51.jpg,205.248,349.38,978.624,728.784,SITTOR,1920,1080
task_20210523_UPS/20210523-174327_(11.0).jpg,375.744,428.2368,1438.08,1082.7776,PIEBAV,1920,1088
task_21-01-2021/2021-01-21-12-41-24.jpg,1032.384,389.6128,1456.896,833.408,MESCHA,1920,1088
task_05-01-2021/2021-01-05-15-58-16.jpg,1127.04,538.2336,1900.608,1012.928,SITTOR,1920,1088
task_20210227/20210227-135954_(5.0).jpg,1038.144,640.5056,1383.552,1088.0,MESCHA,1920,1088
task_20211204_Orlu/2021-12-23-15-51-15.jpg,837.504,480.924,1353.408,691.74,MESBLE,1920,1080
task_05-01-2021/2021-01-05-17-25-18.jpg,627.264,129.1456,754.56,297.024,MESNON,1920,1088
task_20210615_Lab/2021-06-15-10-37-40.jpg,1003.776,277.992,1514.304,468.18,MESCHA,1920,1080
task_2021_11_03-04_cescau4/2021-11-03-12-13-02.jpg,1231.104,474.336,1569.6,637.2,MESNON,1920,1080
task_2021_11_03-04_cescau4/2021-11-04-07-14-43.jpg,1248.576,498.852,1636.032,667.548,MESNON,1920,1080
task_20210417_UPS/20210417-113518_(11.0).jpg,839.424,659.7632,1231.104,962.7712,MESCHA,1920,1088
task_2021_11_03-04_cescau4/2021-11-03-16-19-43.jpg,868.608,502.74,1189.44,694.332,MESNON,1920,1080
task_2021_11_03-04_cescau4/2021-11-03-11-46-26.jpg,1551.36,591.408,1920.0,871.56,MESNON,1920,1080
task_2021-03-01_17/20210301-175643_(12.0).jpg,544.128,395.3792,920.448,827.6416,MESCHA,1920,1088
task_20210227/20210227-150615_(6.0).jpg,850.944,645.8368,1395.264,1088.0,MESCHA,1920,1088
task_18-01-2021/2021-01-18-13-47-26.jpg,322.368,460.9856,995.712,818.0672,MESBLE,1920,1088
task_2021-03-01_10/20210301-100415_(9.0).jpg,818.304,437.92,1186.752,783.2512,VEREUR,1920,1088
task_2021_11_03-04_cescau4/2021-11-04-07-56-34.jpg,1054.656,484.92,1562.88,662.364,MESCHA,1920,1080
task_21-01-2021/2021-01-21-13-42-14.jpg,714.048,235.2256,1208.064,956.896,MESBLE,1920,1088
task_20210611_Lab/2021-06-11-17-06-21.jpg,978.048,209.196,1334.016,577.368,MESCHA,1920,1080
task_2021_11_03-04_cescau4/2021-11-04-07-38-29.jpg,850.56,424.008,1363.008,716.472,MESCHA,1920,1080
task_2021-03-01_08/20210301-085405_(5.0).jpg,685.056,401.2544,995.712,789.0176,VEREUR,1920,1088
task_19-01-2021/2021-01-19-11-25-20.jpg,1260.096,179.3024,1563.072,569.1328,MESBLE,1920,1088
task_20211204_Orlu/2021-12-24-08-28-08.jpg,895.296,481.464,1115.136,734.832,MESBLE,1920,1080
task_20210227/20210227-120538_(6.0).jpg,764.16,545.9584,986.112,738.8608,MESCHA,1920,1088
task_2021-03-01_09/20210301-094804_(12.0).jpg,526.848,459.136,820.224,740.8192,MESBLE,1920,1088
task_06-01-2021/2021-01-06-11-20-18.jpg,1315.968,588.3904,1920.0,1088.0,MESCHA,1920,1088
task_20210616_Lab/2021-06-16-04-38-58.jpg,1214.784,220.968,1487.232,540.216,MESCHA,1920,1080
task_20210611_Lab/2021-06-11-16-25-30.jpg,886.08,221.292,1515.84,528.552,MESCHA,1920,1080
task_20210612_1_Lab/2021-06-12-06-30-35.jpg,881.856,198.396,1418.304,480.168,MESCHA,1920,1080
task_20210615_Lab/2021-06-15-10-34-58.jpg,723.648,204.228,982.272,491.724,MESCHA,1920,1080
task_21-01-2021/2021-01-21-13-51-29.jpg,895.488,246.8672,1352.64,748.544,MESCHA,1920,1088
task_2021-03-01_08/20210301-085342_(6.0).jpg,698.496,416.704,1119.168,787.168,VEREUR,1920,1088
task_21-01-2021/2021-01-21-14-36-59.jpg,441.984,283.5328,922.368,625.056,MESBLE,1920,1088
task_20210615_Lab/2021-06-15-09-26-44.jpg,1265.856,206.172,1582.272,530.28,MESCHA,1920,1080
task_20210616_Lab/2021-06-16-18-03-23.jpg,603.072,206.172,1242.816,687.42,MESBLE,1920,1080
task_2021-03-01_10/20210301-103819_(5.0).jpg,534.528,434.0032,833.664,715.6864,VEREUR,1920,1088
task_21-01-2021/2021-01-21-13-32-59.jpg,534.528,634.6304,1416.384,1088.0,MESBLE,1920,1088
task_20210418_UPS/20210418-144920_(7.0).jpg,1015.104,593.2864,1502.592,927.1936,MESCHA,1920,1088
task_20210611_Lab/2021-06-11-17-21-32.jpg,948.096,278.964,1532.352,614.736,MESCHA,1920,1080
task_20210624_balacet/2021-06-24-11-06-28.jpg,825.984,335.448,1153.92,729.108,MESCHA,1920,1080
task_20210526_UPS/20210526-070058_(14.0).jpg,1003.584,405.4976,1920.0,817.1968,PIEBAV,1920,1088
task_20210623_balacet/2021-06-23-12-33-30.jpg,1012.992,301.752,1506.624,798.66,MESCHA,1920,1080
task_20211204_Orlu/2021-12-24-08-00-28.jpg,625.728,494.208,1123.776,921.24,MESBLE,1920,1080
task_05-01-2021/2021-01-05-17-20-09.jpg,1208.064,345.3312,1630.656,887.4816,MESCHA,1920,1088
task_2021-03-01_08/20210301-084700_(6.0).jpg,675.456,520.8256,943.68,738.8608,MESBLE,1920,1088
task_20210616_Lab/2021-06-16-06-57-11.jpg,615.552,304.992,707.136,428.544,MESCHA,1920,1080
task_20210611_Lab/2021-06-11-16-02-04.jpg,671.616,299.052,1034.112,767.664,MESCHA,1920,1080
task_20210624_balacet/2021-06-24-09-03-44.jpg,822.144,252.396,1470.336,605.556,MESCHA,1920,1080
task_2021-03-01_14/20210301-145927_(11.0).jpg,744.96,474.5856,920.448,671.4048,MESCHA,1920,1088
task_20210217/20210217-135834_02(23.0).jpg,623.04,244.404,926.016,780.192,MESCHA,1920,1080
task_20210612_1_Lab/2021-06-12-06-32-59.jpg,793.152,308.448,1088.448,773.388,MESCHA,1920,1080
task_20210525_UPS/20210525-150204_(71.0).jpg,558.72,482.6368,1920.0,1088.0,PIEBAV,1920,1088
task_2021-03-01_11/20210301-110957_(9.0).jpg,897.216,630.8224,1422.144,1082.3424,MESCHA,1920,1088
task_2021-03-01_11/20210301-115412_(9.0).jpg,656.064,447.4944,1177.152,652.0384,MESCHA,1920,1088
task_20210417_UPS/20210417-144932_(10.0).jpg,1036.224,572.9408,1260.096,862.3488,MESCHA,1920,1088
task_20211204_Orlu/2021-12-24-09-26-28.jpg,993.216,461.484,1260.864,921.024,MESCHA,1920,1080
task_2021_11_03-04_cescau4/2021-11-04-08-20-25.jpg,619.968,498.42,1135.296,1080.0,MESCHA,1920,1080
task_2021_11_03-04_cescau4/2021-11-03-13-12-36.jpg,1246.08,395.604,1920.0,683.748,MESCHA,1920,1080
task_2021-03-01_13/20210301-135626_(15.0).jpg,347.328,0.0,494.016,194.752,MESCHA,1920,1088
task_05-01-2021/2021-01-05-17-02-08.jpg,746.88,152.2112,966.72,298.8736,MESBLE,1920,1088
task_21-01-2021/2021-01-21-13-21-36.jpg,171.84,298.9824,1082.496,860.4992,MESCHA,1920,1088
task_20210624_balacet/2021-06-24-10-29-24.jpg,1074.816,229.284,1505.28,740.664,MESCHA,1920,1080
task_2021-03-01_07/20210301-074555_(6.0).jpg,426.432,422.4704,791.232,748.544,VEREUR,1920,1088
task_19-01-2021/2021-01-19-11-21-10.jpg,683.136,26.8736,1503.168,545.9584,MESCHA,1920,1088
task_2021_11_03-04_cescau4/2021-11-04-08-27-10.jpg,1180.8,777.384,1549.056,1080.0,PINARB,1920,1080
task_20211204_Orlu/2021-12-23-13-32-27.jpg,1035.264,482.22,1279.104,730.188,MESCHA,1920,1080
task_20210615_Lab/2021-06-15-08-34-43.jpg,704.448,273.672,955.2,729.108,MESCHA,1920,1080
task_20210615_Lab/2021-06-15-15-50-25.jpg,926.208,173.124,1537.344,520.452,MESCHA,1920,1080
task_20210616_Lab/2021-06-16-18-52-20.jpg,115.968,304.128,405.888,581.256,MESCHA,1920,1080
task_2021-03-01_12/20210301-120149_(10.0).jpg,137.088,522.784,681.216,1088.0,MESCHA,1920,1088
task_06-01-2021/2021-01-06-11-26-22.jpg,881.856,686.7456,1460.736,1024.4608,SITTOR,1920,1088
task_20210612_1_Lab/2021-06-12-06-24-31.jpg,1009.152,252.396,1209.984,503.28,MESCHA,1920,1080
task_2021-03-01_11/20210301-110439_(5.0).jpg,1061.376,407.0208,1252.416,646.272,MESCHA,1920,1088
task_2021_11_03-04_cescau4/2021-11-03-12-22-45.jpg,721.152,408.348,1285.248,810.432,MESBLE,1920,1080
task_20210705-07_balacet/2021-07-07-08-45-17.jpg,701.568,399.06,940.224,1045.872,MESNON,1920,1080
task_2021_11_03-04_cescau4/2021-11-03-13-51-15.jpg,879.936,497.88,1520.832,925.02,MESNON,1920,1080
task_2021_11_03-04_cescau4/2021-11-03-16-10-06.jpg,1009.92,428.004,1203.264,686.34,MESHUP,1920,1080
task_20210228/20210228-141553_(5.0).jpg,482.496,397.3376,1069.056,790.976,VEREUR,1920,1088
task_20210624_balacet/2021-06-24-10-48-01.jpg,939.84,331.56,1169.472,628.668,ACCMOU,1920,1080
task_05-01-2021/2021-01-05-16-33-37.jpg,1246.656,441.728,1920.0,1088.0,SITTOR,1920,1088
task_2021-03-01_13/20210301-134746_(17.0).jpg,743.04,424.32,1055.616,814.1504,VEREUR,1920,1088
task_20210205/20210205-142030_03(16.0).jpg,331.968,202.284,1056.768,805.572,MESCHA,1920,1080
task_2021-03-01_17/20210301-170114_(12.0).jpg,1045.824,551.7248,1364.352,806.4256,VEREUR,1920,1088
task_20211204_Orlu/2021-12-23-13-41-29.jpg,686.016,428.76,1113.024,731.7,MESNOI,1920,1080
task_2021_11_03-04_cescau4/2021-11-03-14-19-21.jpg,1294.272,458.784,1910.016,743.796,PINARB,1920,1080
task_2021-03-01_12/20210301-125123_(13.0).jpg,330.048,412.7872,893.376,900.9728,MESCHA,1920,1088
task_2021-03-01_13/20210301-132825_(5.0).jpg,1084.416,482.3104,1570.752,740.8192,MESBLE,1920,1088
task_2021-03-01_15/20210301-151718_(13.0).jpg,806.592,418.5536,988.032,737.0112,MESCHA,1920,1088
task_2021_11_03-04_cescau4/2021-11-03-13-55-06.jpg,1237.44,476.064,1613.376,776.952,SITTOR,1920,1080
task_20210227/20210227-112935_(6.0).jpg,712.128,435.9616,1184.832,816.1088,MESCHA,1920,1088
task_2021-03-01_10/20210301-103450_(9.0).jpg,231.552,418.5536,905.088,819.9168,MESCHA,1920,1088
task_20210227/20210227-150544_(6.0).jpg,1059.456,615.3728,1511.04,1088.0,VEREUR,1920,1088
task_20210417_UPS/20210417-175535_(19.0).jpg,399.744,85.952,1920.0,1088.0,PIEBAV,1920,1088
task_20211204_Orlu/2021-12-23-15-23-16.jpg,979.968,430.596,1429.824,734.724,MESCHA,1920,1080
task_2021_11_03-04_cescau4/2021-11-04-07-57-50.jpg,1335.936,484.272,1813.824,661.932,MESNON,1920,1080
task_2021_11_03-04_cescau4/2021-11-03-11-40-47.jpg,1296.384,897.804,1557.696,1079.892,MESNON,1920,1080
task_05-01-2021/2021-01-05-16-27-12.jpg,1115.328,407.0208,1491.648,798.7008,MESCHA,1920,1088
task_2021_11_03-04_cescau4/2021-11-04-07-40-40.jpg,1367.808,715.716,1725.312,1080.0,MESHUP,1920,1080
task_20211204_Orlu/2021-12-23-13-37-20.jpg,931.008,486.648,1164.288,707.4,MESCHA,1920,1080
task_20210616_Lab/2021-06-16-04-49-25.jpg,1379.328,260.064,1663.488,673.596,MESCHA,1920,1080
task_20210417_UPS/20210417-121103_(9.0).jpg,789.312,584.5824,1263.936,845.0496,MESCHA,1920,1088
task_21-01-2021/2021-01-21-14-26-46.jpg,461.184,295.0656,1323.84,733.0944,MESNON,1920,1088
task_2021_11_03-04_cescau4/2021-11-03-14-41-09.jpg,1436.16,517.104,1697.28,677.484,MESNOI,1920,1080
task_20210525_UPS/20210525-184034_(36.0).jpg,781.824,399.1872,1920.0,1088.0,PIEBAV,1920,1088
task_20211204_Orlu/2021-12-24-09-36-59.jpg,630.912,0.108,1840.512,477.684,MESNON,1920,1080
task_2021-03-01_11/20210301-115629_(9.0).jpg,696.576,460.9856,1146.24,611.5648,MESCHA,1920,1088
task_20210623_balacet/2021-06-23-11-23-34.jpg,333.12,245.484,995.52,658.692,MESCHA,1920,1080
task_2021_11_03-04_cescau4/2021-11-03-16-14-49.jpg,1084.416,478.44,1596.864,667.332,MESHUP,1920,1080
task_19-01-2021/2021-01-19-11-02-15.jpg,773.76,53.856,1557.312,534.3168,MESCHA,1920,1088
task_20210523_UPS/20210523-185630_(39.0).jpg,502.848,219.5584,1493.184,1084.6272,PIEBAV,1920,1088
task_20210228/20210228-130133_(12.0).jpg,1186.752,329.7728,1759.872,1049.5936,MESCHA,1920,1088
task_19-01-2021/2021-01-19-12-00-57.jpg,1499.328,335.648,1916.16,735.0528,ROUGOR,1920,1088
task_05-01-2021/2021-01-05-16-52-24.jpg,740.928,605.7984,1920.0,1086.2592,SITTOR,1920,1088
task_21-01-2021/2021-01-21-13-15-19.jpg,212.352,175.4944,852.864,829.6,MESBLE,1920,1088
task_20210705-07_balacet/2021-07-06-08-59-20.jpg,885.504,307.692,1432.128,602.748,ROUGOR,1920,1080
task_2021_11_03-04_cescau4/2021-11-04-06-35-26.jpg,1081.152,473.472,1497.792,631.8,MESNOI,1920,1080
task_05-01-2021/2021-01-05-16-34-06.jpg,1032.384,420.512,1744.512,1088.0,MESCHA,1920,1088
task_20210525_UPS/20210525-154335_(27.0).jpg,5.76,356.864,1302.528,1088.0,PIEBAV,1920,1088
task_20210227/20210227-134202_(6.0).jpg,802.752,489.9264,1321.92,794.8928,MESCHA,1920,1088
task_2021_11_03-04_cescau4/2021-11-03-15-23-03.jpg,1349.952,491.076,1588.992,655.128,MESNON,1920,1080
task_20211204_Orlu/2021-12-23-15-46-36.jpg,800.256,462.564,1055.424,765.288,MESCHA,1920,1080
task_18-01-2021/2021-01-18-13-55-38.jpg,1250.496,482.3104,1696.128,808.384,MESNON,1920,1088
task_20210217/20210217-160919_01(12.0).jpg,1014.144,873.828,1746.816,1079.028,MESCHA,1920,1080
task_20210205/20210205-144737_01(12.0).jpg,1096.704,528.552,1553.856,968.76,VEREUR,1920,1080
task_2021-03-01_17/20210301-172922_(16.0).jpg,696.576,491.8848,1034.304,640.5056,MESCHA,1920,1088
task_2021_11_03-04_cescau4/2021-11-04-07-41-30.jpg,966.528,384.264,1252.416,716.148,PINARB,1920,1080
task_2021-03-01_16/20210301-161532_(8.0).jpg,878.016,428.2368,1391.232,719.6032,MESCHA,1920,1088
task_20210615_Lab/2021-06-15-13-52-15.jpg,1119.168,279.396,1808.064,642.276,MESCHA,1920,1080
task_2021-03-01_17/20210301-175316_(15.0).jpg,428.352,598.0736,657.984,941.5552,MESCHA,1920,1088
task_2021-03-01_18/20210301-183331_(8.0).jpg,578.88,422.4704,841.344,823.8336,MESCHA,1920,1088
task_2021_11_03-04_cescau4/2021-11-04-07-45-11.jpg,755.904,466.992,1212.864,709.992,MESCHA,1920,1080
task_2021-03-01_14/20210301-143140_(5.0).jpg,1001.472,464.9024,1250.496,619.2896,MESBLE,1920,1088
task_20210418_UPS/20210418-093929_(10.0).jpg,906.816,989.8624,1193.472,1084.6272,MESCHA,1920,1088
task_18-01-2021/2021-01-18-13-47-17.jpg,310.656,439.7696,974.592,885.5232,MESBLE,1920,1088
task_2021_11_03-04_cescau4/2021-11-03-15-14-22.jpg,1594.944,519.264,1920.0,925.236,MESCHA,1920,1080
task_20210624_balacet/2021-06-24-16-57-00.jpg,1124.928,389.448,1453.056,767.664,ACCMOU,1920,1080
task_19-01-2021/2021-01-19-11-22-21.jpg,885.696,28.832,1333.44,511.2512,MESCHA,1920,1088
task_20210612_1_Lab/2021-06-12-06-38-10.jpg,403.008,0.0,1581.504,1080.0,MESCHA,1920,1080
task_20210615_Lab/2021-06-15-08-32-45.jpg,959.04,169.452,1263.936,482.112,VEREUR,1920,1080
task_20210611_Lab/2021-06-11-14-48-50.jpg,1275.456,254.448,1798.08,682.56,MESCHA,1920,1080
task_20210228/20210228-120438_(12.0).jpg,351.168,540.192,785.472,1084.3008,MESCHA,1920,1088
task_20210227/20210227-172902_(5.0).jpg,623.232,275.808,1123.008,773.6768,MESCHA,1920,1088
task_20211204_Orlu/2021-12-23-15-11-33.jpg,932.544,505.008,1219.968,671.76,MESNOI,1920,1080
task_20210228/20210228-153153_(14.0).jpg,1022.784,428.2368,1248.576,908.6976,MESCHA,1920,1088
task_20210615_Lab/2021-06-15-13-52-30.jpg,955.2,277.56,1177.152,590.112,MESCHA,1920,1080
task_05-01-2021/2021-01-05-17-29-25.jpg,239.232,310.5152,717.888,891.2896,MESCHA,1920,1088
task_20211204_Orlu/2021-12-23-14-58-10.jpg,763.584,467.748,1150.656,678.672,MESCHA,1920,1080
task_19-01-2021/2021-01-19-11-20-11.jpg,196.8,252.6336,1557.312,839.2832,MESCHA,1920,1088
task_2021_11_03-04_cescau4/2021-11-03-14-14-22.jpg,1265.664,418.392,1487.232,678.132,MESCHA,1920,1080
task_20211204_Orlu/2021-12-23-14-08-54.jpg,813.12,433.296,1262.208,735.264,MESCHA,1920,1080
task_06-01-2021/2021-01-06-11-09-51.jpg,1356.672,619.2896,1788.864,1026.4192,SITTOR,1920,1088
task_2021_11_03-04_cescau4/2021-11-04-07-19-04.jpg,1040.64,407.916,1358.592,693.9,MESNON,1920,1080
task_2021-03-01_17/20210301-174904_(12.0).jpg,827.904,459.136,1217.664,607.648,MESBLE,1920,1088
task_21-01-2021/2021-01-21-11-57-07.jpg,1041.984,246.8672,1404.864,667.488,MESBLE,1920,1088
task_19-01-2021/2021-01-19-10-54-05.jpg,1410.624,287.3408,1918.08,677.1712,MESCHA,1920,1088
task_20210228/20210228-162321_(17.0).jpg,3.84,61.5808,669.696,605.7984,MESCHA,1920,1088
task_21-01-2021/2021-01-21-12-29-57.jpg,214.272,158.0864,1080.576,605.7984,MESCHA,1920,1088
task_05-01-2021/2021-01-05-17-23-45.jpg,0.0,499.6096,660.096,980.0704,ACCMOU,1920,1088
task_2021_11_03-04_cescau4/2021-11-04-07-15-32.jpg,1129.536,492.156,1586.496,647.028,MESNON,1920,1080
task_20210612_1_Lab/2021-06-12-04-41-00.jpg,1242.816,208.008,1686.528,651.888,MESCHA,1920,1080
task_2021-03-01_11/20210301-114239_(7.0).jpg,416.832,499.6096,731.328,962.7712,MESCHA,1920,1088
task_19-01-2021/2021-01-19-10-35-11.jpg,0.0,190.8352,905.088,833.408,MESCHA,1920,1088
task_20210612_1_Lab/2021-06-12-06-30-27.jpg,663.936,223.452,1132.608,827.496,MESCHA,1920,1080
task_06-01-2021/2021-01-06-12-00-44.jpg,1453.056,601.8816,1920.0,1084.3008,ACCMOU,1920,1088
task_20211204_Orlu/2021-12-23-13-18-10.jpg,418.176,463.86,923.52,825.228,MESBLE,1920,1080
task_20210228/20210228-170452_(6.0).jpg,563.52,401.2544,810.432,848.8576,MESCHA,1920,1088
task_06-01-2021/2021-01-06-11-51-21.jpg,1402.944,526.592,1920.0,1082.3424,ACCMOU,1920,1088
task_20210217/20210217-162610_02(13.0).jpg,964.608,319.248,1219.776,814.644,MESBLE,1920,1080
task_20210615_Lab/2021-06-15-11-13-37.jpg,926.208,269.784,1458.816,705.888,MESCHA,1920,1080
task_2021-03-01_08/20210301-082341_(6.0).jpg,152.448,434.0032,827.904,783.2512,MESCHA,1920,1088
task_20210612_1_Lab/2021-06-12-06-07-41.jpg,1196.352,238.896,1707.84,595.944,MESCHA,1920,1080
task_20210523_UPS/20210523-175519_(33.0).jpg,364.224,10.88,1453.248,779.2256,PIEBAV,1920,1088
task_2021_11_03-04_cescau4/2021-11-03-14-42-05.jpg,1294.464,437.94,1638.912,677.592,MESCHA,1920,1080
task_20210616_Lab/2021-06-16-09-09-06.jpg,947.328,170.532,1245.504,470.772,MESCHA,1920,1080
task_20210623_balacet/2021-06-23-12-48-03.jpg,813.888,290.088,1315.392,673.164,MESCHA,1920,1080
task_20210611_Lab/2021-06-11-16-00-11.jpg,682.944,247.86,1068.096,788.508,MESCHA,1920,1080
task_2021_11_03-04_cescau4/2021-11-04-07-56-18.jpg,1349.76,462.78,1549.056,646.812,MESNON,1920,1080
task_06-01-2021/2021-01-06-11-32-42.jpg,850.944,686.7456,1366.272,1022.6112,SITTOR,1920,1088
task_20210525_UPS/20210525-173428_(39.0).jpg,837.504,0.0,1607.424,1084.3008,MESBLE,1920,1088
task_20211204_Orlu/2021-12-23-14-10-42.jpg,751.296,391.824,1434.24,705.78,MESCHA,1920,1080
task_20210612_1_Lab/2021-06-12-05-41-41.jpg,827.904,256.284,1005.312,493.668,MESCHA,1920,1080
task_20210623_balacet/2021-06-23-16-33-37.jpg,212.352,337.392,762.24,887.328,MESCHA,1920,1080
task_20210612_1_Lab/2021-06-12-06-11-40.jpg,634.944,221.508,953.28,536.112,MESCHA,1920,1080
task_20210623_balacet/2021-06-23-09-53-26.jpg,499.776,360.504,947.52,607.5,ACCMOU,1920,1080
task_20210616_Lab/2021-06-16-18-48-22.jpg,1010.496,232.416,1711.104,678.132,MESCHA,1920,1080
task_2021_11_03-04_cescau4/2021-11-03-11-01-14.jpg,615.744,480.6,1227.456,739.8,MESCHA,1920,1080
task_20210612_1_Lab/2021-06-12-05-59-18.jpg,773.76,269.784,1225.344,480.168,MESCHA,1920,1080
task_20210705-07_balacet/2021-07-06-13-16-09.jpg,677.952,335.448,1057.344,629.856,ACCMOU,1920,1080
task_2021-03-01_08/20210301-085925_(5.0).jpg,607.872,395.3792,1007.232,677.1712,VEREUR,1920,1088
task_20210525_UPS/20210525-154242_(29.0).jpg,586.56,430.1952,1084.416,1088.0,PIEBAV,1920,1088
task_2021-03-01_16/20210301-165736_(11.0).jpg,856.704,459.136,1180.992,640.5056,MESCHA,1920,1088
task_2021_11_03-04_cescau4/2021-11-03-13-36-38.jpg,511.68,405.108,1136.832,767.772,PINARB,1920,1080
task_20210526_UPS/20210526-070841_(35.0).jpg,356.736,430.0864,1918.08,1088.0,PIEBAV,1920,1088
task_20210228/20210228-121322_(5.0).jpg,561.6,372.3136,1094.208,694.4704,VEREUR,1920,1088
task_21-01-2021/2021-01-21-12-04-10.jpg,879.936,200.5184,1458.816,754.3104,MESNON,1920,1088
task_20210616_Lab/2021-06-16-04-41-23.jpg,888.384,178.956,1488.768,449.496,MESCHA,1920,1080
task_2021-03-01_14/20210301-145636_(8.0).jpg,1302.528,833.408,1725.12,1088.0,MESCHA,1920,1088
task_20210227/20210227-171033_(7.0).jpg,920.448,484.16,1130.88,854.7328,VEREUR,1920,1088
task_20210205/20210205-125503_01(12.0).jpg,589.824,362.232,1064.256,800.496,VEREUR,1920,1080
task_20210615_Lab/2021-06-15-11-09-37.jpg,561.6,246.672,1354.56,676.944,MESCHA,1920,1080
task_20210623_balacet/2021-06-23-09-52-57.jpg,739.008,337.392,953.28,590.112,MESCHA,1920,1080
task_21-01-2021/2021-01-21-12-27-22.jpg,781.632,63.5392,1352.64,719.6032,MESCHA,1920,1088
task_20210616_Lab/2021-06-16-06-56-35.jpg,1319.616,622.62,1918.272,1080.0,MESCHA,1920,1080
task_06-01-2021/2021-01-06-11-50-04.jpg,1360.512,11.424,1908.48,499.6096,MESCHA,1920,1088
task_20210228/20210228-160005_(19.0).jpg,1026.624,484.16,1555.392,1088.0,MESCHA,1920,1088
task_2021_11_03-04_cescau4/2021-11-03-16-08-25.jpg,1653.696,601.992,1920.0,936.792,MESNON,1920,1080
task_20210227/20210227-112519_(6.0).jpg,578.88,486.1184,1011.264,962.7712,MESCHA,1920,1088
task_19-01-2021/2021-01-19-11-33-00.jpg,1153.92,88.5632,1454.976,476.4352,MESCHA,1920,1088
task_2021_11_03-04_cescau4/2021-11-04-07-33-31.jpg,1696.896,655.668,1920.0,1080.0,MESNOI,1920,1080
task_2021-03-01_17/20210301-175321_(11.0).jpg,1113.408,723.4112,1918.08,1088.0,MESCHA,1920,1088
task_20210624_balacet/2021-06-24-12-37-55.jpg,1132.8,300.672,1676.928,624.888,MESCHA,1920,1080
task_20210525_UPS/20210525-163106_(17.0).jpg,764.16,555.5328,1057.536,858.5408,MESCHA,1920,1088
task_21-01-2021/2021-01-21-12-52-37.jpg,627.264,397.3376,1561.152,802.6176,MESCHA,1920,1088
task_20210616_Lab/2021-06-16-04-43-14.jpg,1444.992,282.96,1726.656,563.22,MESCHA,1920,1080
task_20210623_balacet/2021-06-23-14-38-32.jpg,887.616,273.672,1265.856,860.328,MESCHA,1920,1080
task_2021_11_03-04_cescau4/2021-11-03-12-58-21.jpg,1274.496,491.616,1545.408,686.664,MESNON,1920,1080
task_19-01-2021/2021-01-19-13-12-10.jpg,283.776,237.184,1144.32,816.1088,MESCHA,1920,1088
task_2021-03-01_14/20210301-142942_(25.0).jpg,391.68,823.8336,762.24,1088.0,MESCHA,1920,1088
task_05-01-2021/2021-01-05-16-56-13.jpg,3.072,418.88,146.688,608.8448,SITTOR,1920,1088
task_20210624_balacet/2021-06-24-14-19-34.jpg,1465.344,984.636,1729.344,1080.0,MESCHA,1920,1080
task_2021-03-01_10/20210301-103020_(10.0).jpg,939.84,327.9232,1366.272,914.464,VEREUR,1920,1088
task_21-01-2021/2021-01-21-13-14-11.jpg,0.0,233.376,899.328,777.4848,MESCHA,1920,1088
task_20210228/20210228-144639_(9.0).jpg,584.64,395.3792,883.776,769.76,VEREUR,1920,1088
task_20210624_balacet/2021-06-24-12-13-07.jpg,924.288,310.284,1570.752,752.22,MESCHA,1920,1080
task_20210624_balacet/2021-06-24-06-12-04.jpg,615.552,325.728,1217.664,678.888,MESCHA,1920,1080
task_20210217/20210217-150421_01(13.0).jpg,437.952,614.412,1741.44,1080.0,MESCHA,1920,1080
task_2021_11_03-04_cescau4/2021-11-04-06-41-01.jpg,1586.688,478.548,1905.792,1016.064,MESNON,1920,1080
task_20210612_1_Lab/2021-06-12-06-18-57.jpg,492.096,233.172,1069.056,563.112,MESCHA,1920,1080
task_20211204_Orlu/2021-12-24-08-45-45.jpg,888.768,489.996,1422.912,696.276,MESNON,1920,1080
task_20210227/20210227-115738_(6.0).jpg,1069.056,831.5584,1487.808,1088.0,MESCHA,1920,1088
task_20210615_Lab/2021-06-15-13-41-00.jpg,1402.944,304.56,1808.064,877.608,MESCHA,1920,1080
task_19-01-2021/2021-01-19-11-02-13.jpg,1057.536,0.0,1483.968,528.5504,MESCHA,1920,1088
task_20210525_UPS/20210525-154205_(33.0).jpg,725.568,407.0208,1574.592,1088.0,PIEBAV,1920,1088
task_2021-03-01_13/20210301-135750_(15.0).jpg,223.872,352.9472,837.504,860.4992,VEREUR,1920,1088
task_05-01-2021/2021-01-05-17-12-29.jpg,1127.04,426.2784,1829.376,864.3072,ACCMOU,1920,1088
task_20210705-07_balacet/2021-07-06-15-37-16.jpg,684.096,163.296,1358.016,729.432,ROUGOR,1920,1080
task_2021-03-01_12/20210301-123601_(8.0).jpg,692.736,455.2192,978.432,742.7776,VEREUR,1920,1088
task_20210417_UPS/20210417-111839_(10.0).jpg,955.2,596.1152,1391.232,841.1328,MESCHA,1920,1088
task_06-01-2021/2021-01-06-10-53-55.jpg,1119.168,547.9168,1719.36,1009.0112,MESCHA,1920,1088
task_2021-03-01_12/20210301-123429_(8.0).jpg,1414.464,9.4656,1904.64,314.432,MESCHA,1920,1088
task_20210611_Lab/2021-06-11-15-44-14.jpg,274.368,268.38,764.928,619.704,MESCHA,1920,1080
task_2021-03-01_09/20210301-090700_(18.0).jpg,798.912,434.0032,1028.544,708.0704,VEREUR,1920,1088
task_20211204_Orlu/2021-12-24-09-46-36.jpg,1445.184,896.724,1687.68,1080.0,MESBLE,1920,1080
task_05-01-2021/2021-01-05-17-29-27.jpg,0.0,403.104,742.848,1028.2688,MESCHA,1920,1088
task_20210615_Lab/2021-06-15-08-33-51.jpg,1153.152,221.832,1831.68,550.692,MESCHA,1920,1080
task_2021-03-01_13/20210301-135146_(12.0).jpg,976.512,493.8432,1254.336,756.2688,VEREUR,1920,1088
task_20211204_Orlu/2021-12-24-10-57-33.jpg,354.432,570.348,820.992,951.912,SITTOR,1920,1080
task_20211204_Orlu/2021-12-24-10-45-54.jpg,1389.12,560.844,1752.0,880.092,SITTOR,1920,1080
task_20210616_Lab/2021-06-16-09-08-47.jpg,1217.28,233.496,1422.144,429.624,MESCHA,1920,1080
task_2021_11_03-04_cescau4/2021-11-04-08-08-25.jpg,1008.192,498.96,1497.408,691.416,MESNOI,1920,1080
task_20210611_Lab/2021-06-11-15-54-40.jpg,728.64,276.264,990.336,779.004,MESCHA,1920,1080
task_20210612_1_Lab/2021-06-12-06-10-51.jpg,793.152,298.728,1208.064,829.44,MESCHA,1920,1080
task_2021_11_03-04_cescau4/2021-11-03-15-41-25.jpg,1195.968,486.54,1446.72,848.988,MESCHA,1920,1080
task_18-01-2021/2021-01-18-13-49-01.jpg,353.088,426.2784,1011.072,893.248,MESBLE,1920,1088
task_20211204_Orlu/2021-12-24-11-02-58.jpg,478.272,668.628,878.4,929.88,MESBLE,1920,1080
task_20210615_Lab/2021-06-15-10-01-55.jpg,1339.584,264.708,1649.856,526.392,MESCHA,1920,1080
task_20210217/20210217-154036_05(17.0).jpg,871.68,787.644,1479.936,1080.0,MESCHA,1920,1080
task_20210615_Lab/2021-06-15-10-39-53.jpg,760.704,88.452,1181.376,431.46,MESCHA,1920,1080
task_05-01-2021/2021-01-05-17-06-23.jpg,692.736,495.8016,1920.0,1088.0,SITTOR,1920,1088
task_05-01-2021/2021-01-05-17-24-34.jpg,416.832,503.4176,1127.04,1012.8192,MESBLE,1920,1088
task_2021_11_03-04_cescau4/2021-11-03-14-58-03.jpg,1379.712,1027.188,1708.992,1079.244,MESCHA,1920,1080
task_2021_11_03-04_cescau4/2021-11-04-08-06-14.jpg,850.176,427.248,1445.184,718.848,MESCHA,1920,1080
task_05-01-2021/2021-01-05-16-54-28.jpg,1483.968,657.9136,1920.0,1088.0,MESNON,1920,1088
task_21-01-2021/2021-01-21-13-22-35.jpg,297.216,136.8704,557.76,449.4528,MESBLE,1920,1088
task_20211204_Orlu/2021-12-23-15-44-40.jpg,789.696,499.608,1136.64,721.548,MESNON,1920,1080
task_2021-03-01_13/20210301-131340_(20.0).jpg,1.92,241.1008,667.776,1088.0,MESCHA,1920,1088
task_20210227/20210227-132244_(7.0).jpg,702.336,513.1008,1088.448,800.6592,MESCHA,1920,1088
task_19-01-2021/2021-01-19-12-18-26.jpg,440.064,368.3968,945.6,1086.2592,MESNON,1920,1088
task_21-01-2021/2021-01-21-12-52-57.jpg,980.352,383.8464,1503.168,1088.0,MESCHA,1920,1088
task_2021-03-01_18/20210301-183326_(25.0).jpg,1024.704,472.6272,1234.944,802.6176,MESBLE,1920,1088
task_21-01-2021/2021-01-21-12-08-33.jpg,673.536,262.3168,1254.336,889.44,MESNON,1920,1088
task_21-01-2021/2021-01-21-14-22-10.jpg,189.12,200.5184,563.52,470.6688,MESCHA,1920,1088
task_2021-03-01_11/20210301-112740_(14.0).jpg,878.016,418.5536,1275.456,680.9792,MESCHA,1920,1088
task_2021-03-01_09/20210301-090518_(9.0).jpg,1208.064,711.8784,1916.16,1088.0,VEREUR,1920,1088
task_21-01-2021/2021-01-21-11-55-22.jpg,266.304,161.8944,1360.512,627.0144,MESCHA,1920,1088
task_20210624_balacet/2021-06-24-14-18-04.jpg,262.464,277.56,822.144,758.052,MESCHA,1920,1080
task_20210615_Lab/2021-06-15-09-06-51.jpg,700.416,404.892,1462.656,1080.0,MESCHA,1920,1080
task_20210525_UPS/20210525-135341_(21.0).jpg,578.88,246.8672,1761.792,1088.0,PIEBAV,1920,1088
task_20210612_1_Lab/2021-06-12-05-48-27.jpg,1119.168,337.392,1485.888,673.056,MESCHA,1920,1080
task_2021_11_03-04_cescau4/2021-11-04-06-46-11.jpg,965.76,400.896,1251.648,748.872,PINARB,1920,1080
task_20210612_1_Lab/2021-06-12-06-09-55.jpg,816.192,275.616,1393.152,480.168,MESCHA,1920,1080
task_2021-03-01_14/20210301-141638_(9.0).jpg,791.232,466.8608,1153.92,648.2304,MESCHA,1920,1088
task_05-01-2021/2021-01-05-17-21-55.jpg,499.776,470.6688,1406.784,966.5792,MESBLE,1920,1088
task_21-01-2021/2021-01-21-12-22-57.jpg,768.0,258.4,1250.496,598.0736,MESCHA,1920,1088
task_20210228/20210228-122011_(10.0).jpg,642.624,48.0896,1124.928,719.6032,MESCHA,1920,1088
task_2021_11_03-04_cescau4/2021-11-03-12-39-36.jpg,579.264,485.136,1118.592,1035.936,MESCHA,1920,1080
task_06-01-2021/2021-01-06-11-13-15.jpg,123.456,758.2272,735.168,1082.3424,ACCMOU,1920,1088
task_2021-03-01_13/20210301-135014_(14.0).jpg,588.672,491.8848,1009.152,752.4608,VEREUR,1920,1088
task_2021_11_03-04_cescau4/2021-11-04-07-49-39.jpg,1229.376,493.776,1580.352,897.804,MESCHA,1920,1080
task_2021-03-01_07/20210301-075638_(6.0).jpg,1072.896,553.6832,1638.336,1068.8512,VEREUR,1920,1088
task_20210217/20210217-141019_08(61.0).jpg,605.952,279.504,1082.304,801.468,MESCHA,1920,1080
task_20210611_Lab/2021-06-11-14-05-46.jpg,927.744,230.688,1464.768,520.992,MESCHA,1920,1080
task_20210217/20210217-180907_01(14.0).jpg,979.008,678.456,1787.136,1080.0,MESCHA,1920,1080
task_20210616_Lab/2021-06-16-17-59-05.jpg,1160.832,243.864,1659.072,515.916,MESCHA,1920,1080
task_21-01-2021/2021-01-21-12-11-53.jpg,1306.368,271.8912,1918.08,1088.0,MESCHA,1920,1088
task_21-01-2021/2021-01-21-13-52-09.jpg,692.736,287.3408,1331.52,702.1952,MESNON,1920,1088
task_2021-03-01_08/20210301-085659_(5.0).jpg,1111.488,339.456,1414.464,810.3424,VEREUR,1920,1088
task_20211204_Orlu/2021-12-23-15-32-37.jpg,787.776,477.144,1021.056,762.912,MESCHA,1920,1080
task_20210523_UPS/20210523-174025_(24.0).jpg,438.336,483.2896,1333.824,1088.0,PIEBAV,1920,1088
task_20211204_Orlu/2021-12-23-14-16-22.jpg,702.912,562.032,1067.712,1080.0,SITTOR,1920,1080
task_21-01-2021/2021-01-21-13-53-43.jpg,934.08,293.1072,1667.328,760.0768,MESCHA,1920,1088
task_20210615_Lab/2021-06-15-09-09-23.jpg,675.456,644.112,1785.024,1080.0,MESCHA,1920,1080
task_2021_11_03-04_cescau4/2021-11-03-11-32-06.jpg,531.264,487.62,1082.496,808.056,MESNON,1920,1080
task_2021_11_03-04_cescau4/2021-11-04-07-48-09.jpg,1176.576,453.276,1599.552,652.536,MESNOI,1920,1080
task_2021_11_03-04_cescau4/2021-11-04-06-58-17.jpg,775.488,405.864,1245.312,704.16,MESCHA,1920,1080
task_2021-03-01_09/20210301-090605_(7.0).jpg,976.512,401.2544,1169.472,665.5296,VEREUR,1920,1088
task_2021_11_03-04_cescau4/2021-11-03-13-30-01.jpg,699.264,567.54,1468.416,880.74,MESCHA,1920,1080
task_05-01-2021/2021-01-05-17-09-44.jpg,0.0,542.0416,422.208,1088.0,MESNON,1920,1088
task_20210611_Lab/2021-06-11-15-05-20.jpg,1197.12,200.34,1779.648,697.464,MESCHA,1920,1080
task_20210615_Lab/2021-06-15-09-26-52.jpg,1352.64,231.228,1547.712,304.56,MESCHA,1920,1080
task_2021_11_03-04_cescau4/2021-11-04-07-52-25.jpg,1398.912,490.32,1571.136,666.036,MESNOI,1920,1080
task_20210526_UPS/20210526-182519_(30.0).jpg,719.04,303.008,1916.16,1084.6272,PIEBAV,1920,1088
task_20211204_Orlu/2021-12-23-13-39-01.jpg,978.24,486.648,1189.44,705.348,MESCHA,1920,1080
task_2021_11_03-04_cescau4/2021-11-03-15-31-11.jpg,1554.432,438.48,1920.0,904.392,MESHUP,1920,1080
task_2021-03-01_08/20210301-085705_(9.0).jpg,964.8,374.1632,1429.824,839.2832,VEREUR,1920,1088
task_21-01-2021/2021-01-21-12-38-35.jpg,515.328,239.1424,1289.088,621.1392,MESCHA,1920,1088
task_05-01-2021/2021-01-05-16-05-45.jpg,1086.336,428.2368,1920.0,1086.2592,MESCHA,1920,1088
task_20210623_balacet/2021-06-23-13-50-56.jpg,1160.064,317.736,1604.736,574.776,ACCMOU,1920,1080
task_20210623_balacet/2021-06-23-16-31-39.jpg,1208.064,715.5,1675.008,1080.0,MESCHA,1920,1080
task_20210227/20210227-114419_(9.0).jpg,708.096,572.1792,1326.336,836.2368,VEREUR,1920,1088
task_05-01-2021/2021-01-05-16-10-55.jpg,1209.984,402.4512,1920.0,887.4816,MESCHA,1920,1088
task_05-01-2021/2021-01-05-16-36-54.jpg,669.696,432.1536,1842.816,1057.3184,SITTOR,1920,1088
task_2021-03-01_10/20210301-100528_(6.0).jpg,1084.416,482.3104,1920.0,1066.8928,VEREUR,1920,1088
task_20210228/20210228-135432_(7.0).jpg,733.248,385.8048,1204.224,609.6064,PINARB,1920,1088
task_20210615_Lab/2021-06-15-09-05-29.jpg,501.696,267.84,1254.336,696.276,MESCHA,1920,1080
task_05-01-2021/2021-01-05-16-25-26.jpg,1202.112,449.4528,1655.616,935.68,SITTOR,1920,1088
task_20211204_Orlu/2021-12-24-09-01-52.jpg,872.832,495.288,1285.248,701.136,MESCHA,1920,1080
task_2021-03-01_17/20210301-170143_(8.0).jpg,748.608,395.3792,1240.704,657.9136,VEREUR,1920,1088
task_2021-03-01_14/20210301-142655_(10.0).jpg,957.12,408.9792,1501.248,694.4704,VEREUR,1920,1088
task_20210615_Lab/2021-06-15-09-26-44.jpg,1487.808,192.672,1757.952,572.724,MESCHA,1920,1080
task_20210615_Lab/2021-06-15-13-41-05.jpg,1007.232,217.728,1520.64,453.168,MESCHA,1920,1080
task_05-01-2021/2021-01-05-16-37-21.jpg,1574.592,968.5376,1866.048,1088.0,MESNON,1920,1088
task_05-01-2021/2021-01-05-16-52-17.jpg,1112.256,431.7184,1772.544,1088.0,SITTOR,1920,1088
task_20210615_Lab/2021-06-15-09-26-44.jpg,1007.232,213.84,1221.504,657.612,MESCHA,1920,1080
task_2021-03-01_11/20210301-112222_(17.0).jpg,351.168,418.5536,858.624,916.4224,MESCHA,1920,1088
task_20210615_Lab/2021-06-15-10-40-14.jpg,1231.104,347.004,1920.0,698.22,MESCHA,1920,1080
task_20210624_balacet/2021-06-24-10-10-45.jpg,1001.472,370.116,1568.832,748.332,MESCHA,1920,1080
task_20210228/20210228-143206_(11.0)(1).jpg,1020.864,590.3488,1655.616,1084.3008,MESCHA,1920,1088
task_20210624_balacet/2021-06-24-06-11-33.jpg,351.168,198.396,893.376,657.612,MESCHA,1920,1080
task_2021_11_03-04_cescau4/2021-11-03-10-28-30.jpg,1082.304,436.428,1436.928,834.516,PINARB,1920,1080
task_2021-03-01_12/20210301-120515_(15.0).jpg,864.576,472.6272,1136.64,653.9968,MESCHA,1920,1088
task_19-01-2021/2021-01-19-12-17-47.jpg,1447.296,80.8384,1918.08,924.1472,ROUGOR,1920,1088
task_20210523_UPS/20210523-185646_(12.0).jpg,221.952,397.8816,1121.28,1084.6272,PIEBAV,1920,1088
task_2021-03-01_17/20210301-175401_(9.0).jpg,38.592,464.9024,829.824,904.8896,MESCHA,1920,1088
task_20211204_Orlu/2021-12-24-08-28-42.jpg,453.12,678.456,777.024,1080.0,MESBLE,1920,1080
task_19-01-2021/2021-01-19-11-55-58.jpg,858.816,140.6784,1464.576,484.16,MESNON,1920,1088
task_2021_11_03-04_cescau4/2021-11-04-06-40-45.jpg,1252.8,412.128,1813.632,724.14,MESCHA,1920,1080
task_21-01-2021/2021-01-21-14-06-36.jpg,768.0,536.2752,1344.96,1088.0,MESNON,1920,1088
task_20210526_UPS/20210526-164100_(24.0).jpg,1026.24,544.2176,1531.392,818.72,MESCHA,1920,1088
task_20211204_Orlu/2021-12-24-10-54-19.jpg,960.576,414.72,1700.736,794.88,MESCHA,1920,1080
task_2021_11_03-04_cescau4/2021-11-03-11-45-46.jpg,867.84,352.404,1438.656,707.4,ROUGOR,1920,1080
task_2021_11_03-04_cescau4/2021-11-04-08-14-58.jpg,1190.016,433.512,1432.128,692.496,PINARB,1920,1080
task_2021_11_03-04_cescau4/2021-11-03-16-03-22.jpg,1187.712,442.476,1588.992,646.596,MESNON,1920,1080
task_20210615_Lab/2021-06-15-10-57-45.jpg,950.208,116.856,1526.4,509.544,MESCHA,1920,1080
task_20210611_Lab/2021-06-11-14-24-49.jpg,523.776,341.496,1055.04,547.236,MESBLE,1920,1080
task_20210523_UPS/20210523-173714_(43.0).jpg,897.408,409.3056,1918.08,1084.6272,PIEBAV,1920,1088
task_2021_11_03-04_cescau4/2021-11-03-11-22-54.jpg,572.928,415.692,989.376,881.28,MESNON,1920,1080
task_20210526_UPS/20210526-124514_(17.0).jpg,830.976,304.9664,1440.0,1088.0,PIEBAV,1920,1088
task_20211204_Orlu/2021-12-23-15-52-33.jpg,1171.392,546.264,1640.064,944.46,MESNON,1920,1080
task_21-01-2021/2021-01-21-14-08-29.jpg,202.56,673.2544,1352.64,1088.0,MESBLE,1920,1088
task_06-01-2021/2021-01-06-11-25-27.jpg,0.0,0.0,526.848,945.3632,SITTOR,1920,1088
task_2021_11_03-04_cescau4/2021-11-03-15-29-38.jpg,1092.096,444.852,1291.392,672.3,MESNOI,1920,1080
task_20211204_Orlu/2021-12-24-08-08-50.jpg,880.512,506.844,1035.456,706.536,MESBLE,1920,1080
task_2021_11_03-04_cescau4/2021-11-03-10-35-51.jpg,1262.592,451.548,1502.592,678.348,SITTOR,1920,1080
task_20211204_Orlu/2021-12-23-14-15-28.jpg,1000.128,406.188,1620.48,784.188,MESCHA,1920,1080
task_2021-03-01_15/20210301-154933_(16.0).jpg,133.248,434.0032,775.68,864.3072,MESCHA,1920,1088
task_20210615_Lab/2021-06-15-16-07-50.jpg,918.528,244.728,1530.24,584.388,MESCHA,1920,1080
task_19-01-2021/2021-01-19-11-15-24.jpg,0.0,77.0304,787.392,632.7808,MESCHA,1920,1088
task_20210523_UPS/20210523-174218_(22.0).jpg,711.552,156.8896,1817.664,1088.0,PIEBAV,1920,1088
task_2021-03-01_17/20210301-173748_(18.0).jpg,586.56,480.352,1009.152,831.5584,MESCHA,1920,1088
task_2021-03-01_07/20210301-075629_(5.0).jpg,1107.648,524.7424,1424.064,1080.4928,VEREUR,1920,1088
task_20210615_Lab/2021-06-15-13-24-19.jpg,773.76,296.784,1536.0,621.0,MESCHA,1920,1080
task_20210217/20210217-181025_04(12.0).jpg,497.088,261.036,1214.208,587.412,MESCHA,1920,1080
task_21-01-2021/2021-01-21-14-24-45.jpg,638.784,233.376,1159.68,634.7392,MESCHA,1920,1088
task_2021_11_03-04_cescau4/2021-11-04-06-38-58.jpg,1235.328,439.992,1731.072,657.504,MESNON,1920,1080
task_20211204_Orlu/2021-12-23-13-36-15.jpg,435.456,547.56,914.304,1032.696,MESCHA,1920,1080
task_2021-03-01_09/20210301-091247_(6.0).jpg,795.072,432.0448,989.952,702.1952,VEREUR,1920,1088
task_2021_11_03-04_cescau4/2021-11-04-08-17-43.jpg,928.128,493.236,1305.216,849.204,MESCHA,1920,1080
task_2021_11_03-04_cescau4/2021-11-04-07-15-53.jpg,655.872,511.812,1022.592,763.452,MESNON,1920,1080
task_2021-03-01_13/20210301-135037_(14.0).jpg,602.112,430.1952,1161.6,698.3872,VEREUR,1920,1088
task_2021-03-01_17/20210301-170251_(7.0).jpg,679.296,430.1952,1184.832,636.5888,VEREUR,1920,1088
task_21-01-2021/2021-01-21-13-53-07.jpg,642.624,544.0,1738.56,1088.0,MESCHA,1920,1088
task_2021-03-01_09/20210301-093606_(7.0).jpg,380.16,345.2224,802.752,790.976,MESBLE,1920,1088
task_2021_11_03-04_cescau4/2021-11-04-07-19-41.jpg,1306.752,502.524,1666.56,672.084,MESNOI,1920,1080
task_20210616_Lab/2021-06-16-05-38-45.jpg,678.144,245.916,1072.512,955.26,MESCHA,1920,1080
task_20211204_Orlu/2021-12-24-09-44-41.jpg,722.304,476.604,1211.136,772.416,MESBLE,1920,1080
task_20210612_1_Lab/2021-06-12-06-28-17.jpg,449.664,269.784,1024.704,551.556,MESCHA,1920,1080
task_20210612_1_Lab/2021-06-12-05-12-11.jpg,964.8,264.06,1646.016,634.5,MESCHA,1920,1080
task_20210205/20210205-165440_02(23.0).jpg,216.384,509.652,1121.28,1078.812,MESCHA,1920,1080
task_2021_11_03-04_cescau4/2021-11-03-14-03-05.jpg,1017.024,52.056,1290.048,320.976,MESCHA,1920,1080
task_20210705-07_balacet/2021-07-07-08-33-35.jpg,998.592,353.16,1241.472,674.136,SITTOR,1920,1080
task_2021_11_03-04_cescau4/2021-11-04-08-16-49.jpg,1069.248,372.384,1302.144,754.272,PINARB,1920,1080
task_2021-03-01_08/20210301-085311_(8.0).jpg,1316.16,532.4672,1900.8,1088.0,MESCHA,1920,1088
task_20211204_Orlu/2021-12-24-10-54-34.jpg,852.864,400.356,1525.824,682.344,MESCHA,1920,1080
task_21-01-2021/2021-01-21-12-29-49.jpg,0.0,210.2016,650.304,625.056,MESCHA,1920,1088
task_20210525_UPS/20210525-135343_(36.0).jpg,185.28,459.136,1819.776,1086.2592,PIEBAV,1920,1088
task_2021-03-01_16/20210301-162653_(6.0).jpg,631.104,424.32,949.44,646.272,MESCHA,1920,1088
task_20210611_Lab/2021-06-11-13-56-48.jpg,855.744,272.484,1434.432,543.78,MESCHA,1920,1080
task_18-01-2021/2021-01-18-13-48-58.jpg,376.32,418.5536,1011.264,895.2064,MESBLE,1920,1088
task_20210611_Lab/2021-06-11-15-23-53.jpg,350.976,134.028,914.496,513.432,MESCHA,1920,1080
task_05-01-2021/2021-01-05-16-28-06.jpg,109.632,290.0608,929.664,922.624,MESCHA,1920,1088
task_21-01-2021/2021-01-21-12-06-04.jpg,79.296,275.808,839.424,657.9136,MESCHA,1920,1088
task_05-01-2021/2021-01-05-17-06-21.jpg,897.216,559.4496,1920.0,1088.0,SITTOR,1920,1088
task_20210217/20210217-174327_01(12.0).jpg,269.376,4.968,1200.96,691.74,TOUTUR,1920,1080
task_20210612_1_Lab/2021-06-12-05-51-58.jpg,870.336,273.672,1570.752,611.388,MESCHA,1920,1080
task_2021-03-01_11/20210301-110135_(9.0).jpg,858.816,559.4496,1391.232,1088.0,MESCHA,1920,1088
task_2021-03-01_11/20210301-110917_(8.0).jpg,246.912,472.6272,696.576,1028.2688,MESCHA,1920,1088
task_20210612_1_Lab/2021-06-12-06-08-34.jpg,1138.56,264.06,1615.104,812.052,MESCHA,1920,1080
task_20210624_balacet/2021-06-24-10-09-11.jpg,1065.216,310.284,1559.232,771.552,MESCHA,1920,1080
task_2021-03-01_17/20210301-174044_(13.0).jpg,573.12,428.2368,999.552,750.5024,MESCHA,1920,1088
task_2021_11_03-04_cescau4/2021-11-03-12-13-05.jpg,1426.176,481.248,1854.336,730.08,MESCHA,1920,1080
task_20211204_Orlu/2021-12-23-15-59-55.jpg,919.872,499.5,1089.792,728.46,MESBLE,1920,1080
task_20210417_UPS/20210417-181624_(6.0).jpg,891.456,671.4048,1229.184,862.3488,MESCHA,1920,1088
task_19-01-2021/2021-01-19-11-36-21.jpg,629.184,57.7728,982.272,518.8672,MESCHA,1920,1088
task_19-01-2021/2021-01-19-13-01-51.jpg,1231.104,0.0,1920.0,742.016,ROUGOR,1920,1088
task_06-01-2021/2021-01-06-11-10-11.jpg,936.0,675.2128,1464.576,995.52,MESBLE,1920,1088
task_05-01-2021/2021-01-05-16-29-38.jpg,0.0,464.9024,542.208,845.0496,ACCMOU,1920,1088
task_2021_11_03-04_cescau4/2021-11-04-07-33-24.jpg,828.864,409.86,1163.136,726.516,PINARB,1920,1080
task_20210228/20210228-144952_(15.0).jpg,1123.008,410.8288,1806.144,723.4112,MESCHA,1920,1088
task_2021_11_03-04_cescau4/2021-11-04-07-27-30.jpg,1040.64,566.46,1300.416,840.024,MESNON,1920,1080
task_2021-03-01_15/20210301-153441_(10.0).jpg,665.856,435.9616,1173.312,698.3872,MESCHA,1920,1088
task_18-01-2021/2021-01-18-13-48-15.jpg,1236.864,412.7872,1773.312,928.064,MESBLE,1920,1088
task_05-01-2021/2021-01-05-17-12-54.jpg,1375.488,519.3024,1920.0,1088.0,MESNON,1920,1088
task_2021_11_03-04_cescau4/2021-11-04-07-50-08.jpg,1234.752,482.22,1452.288,668.844,MESNON,1920,1080
task_2021_11_03-04_cescau4/2021-11-03-13-14-14.jpg,906.048,88.668,1920.0,1079.784,MESNON,1920,1080
task_2021_11_03-04_cescau4/2021-11-04-07-29-03.jpg,1168.128,474.336,1499.904,666.792,MESNOI,1920,1080
task_05-01-2021/2021-01-05-16-46-34.jpg,495.936,366.4384,825.984,744.736,MESCHA,1920,1088
task_20210227/20210227-112709_(7.0).jpg,1132.8,686.7456,1920.0,1086.2592,MESCHA,1920,1088
task_20211204_Orlu/2021-12-23-15-58-25.jpg,1037.184,474.12,1507.2,710.748,MESCHA,1920,1080
task_2021-03-01_13/20210301-134619_(8.0).jpg,584.64,412.7872,1080.576,775.5264,VEREUR,1920,1088
task_2021-03-01_09/20210301-092343_(13.0).jpg,221.952,183.1104,1746.432,906.7392,TOUTUR,1920,1088
task_20210227/20210227-133412_(7.0).jpg,876.096,453.2608,1296.768,735.0528,VEREUR,1920,1088
task_2021-03-01_17/20210301-175316_(15.0).jpg,1283.328,771.7184,1916.16,1088.0,MESCHA,1920,1088
task_20210612_1_Lab/2021-06-12-06-30-27.jpg,999.552,240.84,1364.352,505.224,MESCHA,1920,1080
task_20210205/20210205-144223_01(16.0).jpg,878.4,483.084,1347.072,847.368,VEREUR,1920,1080
task_21-01-2021/2021-01-21-13-03-49.jpg,783.552,221.7344,1395.264,640.5056,MESCHA,1920,1088
task_2021_11_03-04_cescau4/2021-11-03-16-07-47.jpg,1355.904,878.04,1886.784,1079.136,MESCHA,1920,1080
task_2021_11_03-04_cescau4/2021-11-03-12-02-03.jpg,1073.28,483.516,1462.656,655.668,MESNON,1920,1080
task_18-01-2021/2021-01-18-14-02-17.jpg,858.816,486.1184,1694.208,974.304,MESBLE,1920,1088
task_05-01-2021/2021-01-05-17-01-26.jpg,169.728,466.752,544.128,845.0496,MESCHA,1920,1088
task_20210623_balacet/2021-06-23-15-50-47.jpg,860.736,391.392,1651.776,734.832,MESCHA,1920,1080
task_2021_11_03-04_cescau4/2021-11-03-15-17-37.jpg,987.648,375.516,1546.56,765.504,PINARB,1920,1080
task_21-01-2021/2021-01-21-14-00-39.jpg,903.168,320.1984,1485.888,1088.0,MESCHA,1920,1088
task_19-01-2021/2021-01-19-11-13-32.jpg,1.92,73.2224,856.704,559.4496,MESCHA,1920,1088
task_20210612_1_Lab/2021-06-12-05-05-34.jpg,974.592,414.504,1532.16,906.552,MESCHA,1920,1080
task_20210611_Lab/2021-06-11-15-49-54.jpg,884.16,283.824,1690.56,760.104,MESCHA,1920,1080
task_20210705-07_balacet/2021-07-06-14-19-14.jpg,766.848,749.088,1897.152,1080.0,ACCMOU,1920,1080
task_20210623_balacet/2021-06-23-11-47-02.jpg,913.536,279.18,1512.576,602.1,MESCHA,1920,1080
task_20210623_balacet/2021-06-23-13-05-02.jpg,1103.808,310.284,1802.304,1006.884,MESCHA,1920,1080
task_2021_11_03-04_cescau4/2021-11-03-16-17-24.jpg,702.144,560.844,1185.408,1045.98,MESNON,1920,1080
task_20210705-07_balacet/2021-07-06-12-50-23.jpg,870.336,275.508,1183.488,657.828,ROUGOR,1920,1080
task_06-01-2021/2021-01-06-11-29-23.jpg,1200.192,590.3488,1920.0,1065.0432,MESCHA,1920,1088
task_20210217/20210217-170758_04(15.0).jpg,755.136,196.56,1138.368,657.612,MESCHA,1920,1080
task_2021-03-01_09/20210301-091243_(11.0).jpg,550.08,335.648,787.392,738.8608,VEREUR,1920,1088
task_21-01-2021/2021-01-21-13-23-40.jpg,563.52,227.5008,1262.016,783.2512,MESBLE,1920,1088
task_20210228/20210228-154146_(7.0).jpg,299.136,287.3408,831.744,808.384,MESCHA,1920,1088
task_2021_11_03-04_cescau4/2021-11-03-14-55-07.jpg,1190.976,426.384,1488.576,767.124,SITTOR,1920,1080
task_20210624_balacet/2021-06-24-06-54-52.jpg,547.968,455.004,835.584,1032.048,CAMPAG,1920,1080
task_20210228/20210228-125830_(5.0).jpg,1213.824,464.9024,1462.656,700.3456,MESCHA,1920,1088
task_20210525_UPS/20210525-154412_(30.0).jpg,356.928,318.24,1298.688,1088.0,PIEBAV,1920,1088
task_20210525_UPS/20210525-155924_(19.0).jpg,119.616,327.9232,924.288,1088.0,PIEBAV,1920,1088
task_21-01-2021/2021-01-21-12-03-12.jpg,301.056,252.6336,791.232,605.7984,MESCHA,1920,1088
task_20210611_Lab/2021-06-11-14-09-44.jpg,1017.024,134.028,1654.464,577.908,MESCHA,1920,1080
task_19-01-2021/2021-01-19-11-41-47.jpg,1.92,84.7552,762.24,526.592,MESBLE,1920,1088
task_2021-03-01_09/20210301-090412_(6.0).jpg,335.808,428.2368,820.224,796.7424,MESCHA,1920,1088
task_20210615_Lab/2021-06-15-13-37-49.jpg,1217.664,362.448,1779.264,912.384,MESCHA,1920,1080
task_2021-03-01_07/20210301-075048_(9.0).jpg,1130.88,501.568,1825.536,1088.0,VEREUR,1920,1088
task_20210615_Lab/2021-06-15-10-55-04.jpg,1447.296,246.672,1838.976,900.828,MESCHA,1920,1080
task_20211204_Orlu/2021-12-24-09-35-38.jpg,709.44,465.48,962.304,794.448,MESCHA,1920,1080
task_2021_11_03-04_cescau4/2021-11-03-11-53-23.jpg,816.96,490.86,1165.44,719.928,MESCHA,1920,1080
task_19-01-2021/2021-01-19-10-59-06.jpg,27.072,140.6784,723.648,474.5856,MESBLE,1920,1088
task_2021_11_03-04_cescau4/2021-11-03-16-03-19.jpg,1648.32,871.02,1920.0,1080.0,MESNON,1920,1080
task_21-01-2021/2021-01-21-11-56-19.jpg,955.2,138.8288,1914.24,1080.384,MESCHA,1920,1088
task_20210227/20210227-144319_(5.0).jpg,891.456,449.4528,1206.144,731.136,MESCHA,1920,1088
task_20210205/20210205-164534_03(11.0).jpg,1310.976,405.324,1806.144,1078.812,MESCHA,1920,1080
task_2021-03-01_10/20210301-103837_(13.0).jpg,393.6,449.4528,1092.288,721.5616,MESCHA,1920,1088
task_19-01-2021/2021-01-19-11-17-16.jpg,1086.336,160.0448,1873.728,528.5504,MESCHA,1920,1088
task_2021_11_03-04_cescau4/2021-11-03-13-34-58.jpg,883.776,477.36,1142.208,776.52,MESCHA,1920,1080
task_2021_11_03-04_cescau4/2021-11-04-07-18-10.jpg,1046.592,479.088,1583.616,680.076,PINARB,1920,1080
task_20210624_balacet/2021-06-24-10-28-02.jpg,706.56,313.2,963.84,634.824,MESCHA,1920,1080
task_20210615_Lab/2021-06-15-09-10-19.jpg,654.144,175.284,1256.256,511.056,MESCHA,1920,1080
task_20210227/20210227-162746_(5.0).jpg,910.848,538.2336,1256.256,729.2864,MESBLE,1920,1088
task_2021_11_03-04_cescau4/2021-11-03-11-31-33.jpg,1689.792,684.18,1920.0,1080.0,MESCHA,1920,1080
task_20210415_UPS/20210415-184036_(5.0).jpg,1180.992,719.6032,1665.408,1088.0,MESCHA,1920,1088
task_2021_11_03-04_cescau4/2021-11-04-08-26-47.jpg,1024.128,371.844,1627.008,694.224,PINARB,1920,1080
task_2021-03-01_10/20210301-103359_(15.0).jpg,1101.888,350.9888,1482.048,856.5824,PINARB,1920,1088
task_21-01-2021/2021-01-21-12-38-39.jpg,652.224,580.6656,1277.376,1088.0,MESCHA,1920,1088
task_20210616_Lab/2021-06-16-09-21-55.jpg,1317.312,688.5,1920.0,1079.568,MESCHA,1920,1080
task_20210624_balacet/2021-06-24-06-22-18.jpg,966.72,345.06,1771.392,613.332,MESCHA,1920,1080
task_2021_11_03-04_cescau4/2021-11-03-15-00-55.jpg,1171.392,408.672,1641.216,788.076,PINARB,1920,1080
task_21-01-2021/2021-01-21-13-25-48.jpg,547.968,337.4976,1453.056,725.3696,MESCHA,1920,1088
task_20210205/20210205-165640_02(26.0).jpg,51.264,346.464,726.72,1002.888,VEREUR,1920,1080
task_20211204_Orlu/2021-12-24-09-02-04.jpg,828.672,477.468,1255.296,716.58,MESCHA,1920,1080
task_21-01-2021/2021-01-21-13-26-57.jpg,171.84,302.7904,1138.56,715.6864,MESCHA,1920,1088
task_19-01-2021/2021-01-19-13-22-46.jpg,644.544,123.2704,935.808,540.0832,MESCHA,1920,1088
task_18-01-2021/2021-01-18-14-33-32.jpg,1233.024,464.9024,1858.368,972.3456,MESCHA,1920,1088
task_20210526_UPS/20210526-124517_(39.0).jpg,901.248,86.7136,1916.16,1088.0,PIEBAV,1920,1088
task_20210227/20210227-114037_(17.0).jpg,694.656,572.9408,999.552,779.4432,VEREUR,1920,1088
task_2021-03-01_11/20210301-115507_(21.0).jpg,501.696,430.1952,783.552,843.0912,MESCHA,1920,1088
task_20210611_Lab/2021-06-11-15-55-21.jpg,605.184,308.556,886.08,820.8,MESCHA,1920,1080
task_20210523_UPS/20210523-174023_(64.0).jpg,493.248,289.7344,1472.256,1086.5856,PIEBAV,1920,1088
task_20210611_Lab/2021-06-11-16-25-18.jpg,1117.44,255.42,1548.096,701.244,MESCHA,1920,1080
task_21-01-2021/2021-01-21-13-53-29.jpg,67.584,408.9792,368.64,640.5056,MESCHA,1920,1088
task_06-01-2021/2021-01-06-11-43-26.jpg,1200.192,598.0736,1835.136,1032.1856,SITTOR,1920,1088
task_20211204_Orlu/2021-12-24-10-11-09.jpg,548.16,446.472,1187.328,889.812,MESCHA,1920,1080
task_20211204_Orlu/2021-12-24-07-53-36.jpg,930.624,469.476,1388.736,749.52,MESCHA,1920,1080
task_20210612_1_Lab/2021-06-12-06-09-48.jpg,580.8,474.336,1694.208,1080.0,MESCHA,1920,1080
task_20210417_UPS/20210417-143103_(12.0).jpg,918.528,605.7984,1155.84,866.2656,MESCHA,1920,1088
task_21-01-2021/2021-01-21-14-05-11.jpg,135.168,219.776,793.152,603.84,MESCHA,1920,1088
task_2021_11_03-04_cescau4/2021-11-03-11-31-33.jpg,978.624,435.564,1220.736,680.724,MESNON,1920,1080
task_2021-03-01_11/20210301-112927_(11.0).jpg,1447.296,80.8384,1918.08,854.7328,MESCHA,1920,1088
task_2021_11_03-04_cescau4/2021-11-03-13-32-48.jpg,822.528,152.928,1920.0,1079.784,MESCHA,1920,1080
task_20210623_balacet/2021-06-23-11-09-31.jpg,678.144,319.896,1047.744,641.52,MESCHA,1920,1080
task_20210615_Lab/2021-06-15-08-32-50.jpg,1491.264,296.46,1920.0,558.144,MESCHA,1920,1080
task_2021_11_03-04_cescau4/2021-11-04-08-19-09.jpg,1594.944,642.06,1920.0,1080.0,MESNON,1920,1080
task_2021-03-01_15/20210301-151929_(7.0).jpg,683.136,443.7952,1036.224,686.7456,MESCHA,1920,1088
task_20210227/20210227-141832_(11.0).jpg,1227.264,530.5088,1804.224,885.5232,MESCHA,1920,1088
task_05-01-2021/2021-01-05-16-23-34.jpg,960.96,324.0064,1327.68,790.976,MESCHA,1920,1088
task_05-01-2021/2021-01-05-16-52-08.jpg,1136.64,374.5984,1920.0,861.696,MESCHA,1920,1088
task_21-01-2021/2021-01-21-12-48-37.jpg,779.712,248.7168,1721.28,962.7712,MESCHA,1920,1088
task_20210525_UPS/20210525-184032_(40.0).jpg,747.072,274.72,1918.656,1087.456,PIEBAV,1920,1088
task_20210228/20210228-144439_(10.0).jpg,1096.128,553.6832,1920.0,1014.9952,MESCHA,1920,1088
task_20210612_1_Lab/2021-06-12-07-07-31.jpg,459.264,246.672,1140.48,580.5,MESCHA,1920,1080
task_20211204_Orlu/2021-12-24-09-19-45.jpg,733.44,512.028,1066.752,838.728,SITTOR,1920,1080
task_20210615_Lab/2021-06-15-09-59-09.jpg,1445.376,242.784,1717.44,692.388,MESCHA,1920,1080
task_20211204_Orlu/2021-12-24-10-26-07.jpg,344.064,485.352,806.592,1043.064,MESCHA,1920,1080
task_20210705-07_balacet/2021-07-06-14-37-21.jpg,564.288,312.444,1198.08,625.428,ACCMOU,1920,1080
task_20210611_Lab/2021-06-11-14-12-15.jpg,838.656,242.136,1449.6,549.504,MESCHA,1920,1080
task_20210615_Lab/2021-06-15-16-19-18.jpg,854.784,215.784,1541.76,557.28,MESCHA,1920,1080
task_05-01-2021/2021-01-05-17-21-51.jpg,1043.904,420.512,1543.872,856.5824,MESNON,1920,1088
task_2021-03-01_14/20210301-142737_(14.0).jpg,752.64,457.1776,1265.856,655.9552,VEREUR,1920,1088
task_2021-03-01_14/20210301-143112_(5.0).jpg,850.944,368.3968,1221.504,669.4464,VEREUR,1920,1088
task_20210417_UPS/20210417-113528_(28.0).jpg,1155.648,686.8544,1479.936,909.1328,MESBLE,1920,1088
task_2021-03-01_13/20210301-135713_(11.0).jpg,675.456,374.1632,1179.072,682.9376,VEREUR,1920,1088
task_2021-03-01_09/20210301-090227_(8.0).jpg,283.776,451.4112,766.08,918.3808,MESCHA,1920,1088
task_2021_11_03-04_cescau4/2021-11-04-08-20-46.jpg,1000.896,460.08,1267.584,698.328,MESCHA,1920,1080
task_2021-03-01_08/20210301-081615_(7.0).jpg,1088.448,870.2912,1920.0,1086.2592,MESCHA,1920,1088
task_20210624_balacet/2021-06-24-11-31-32.jpg,818.304,372.06,1244.736,746.388,MESCHA,1920,1080
task_20211204_Orlu/2021-12-23-13-21-02.jpg,764.544,349.38,962.688,595.188,MESNOI,1920,1080
task_20210612_1_Lab/2021-06-12-06-26-21.jpg,501.696,213.84,802.752,603.612,MESCHA,1920,1080
task_20210217/20210217-152032_07(11.0).jpg,883.392,609.12,1553.28,1080.0,MESCHA,1920,1080
task_20210612_1_Lab/2021-06-12-06-17-03.jpg,818.304,271.728,1412.544,588.168,MESCHA,1920,1080
task_20210526_UPS/20210526-091307_(21.0).jpg,863.232,416.8128,1732.224,1084.6272,PIEBAV,1920,1088
task_2021_11_03-04_cescau4/2021-11-03-15-23-35.jpg,1584.768,546.696,1920.0,994.68,MESNOI,1920,1080
task_20210615_Lab/2021-06-15-13-57-51.jpg,937.92,229.284,1451.136,559.224,MESCHA,1920,1080
task_2021_11_03-04_cescau4/2021-11-03-12-15-06.jpg,1660.224,668.844,1920.0,1080.0,MESNON,1920,1080
task_2021_11_03-04_cescau4/2021-11-04-07-28-25.jpg,1429.056,828.036,1847.04,1078.92,PINARB,1920,1080
task_20210705-07_balacet/2021-07-06-11-46-55.jpg,931.584,338.472,1216.512,670.14,ACCMOU,1920,1080
task_20210417_UPS/20210417-175521_(32.0).jpg,588.48,377.2096,1394.304,1088.0,PIEBAV,1920,1088
task_2021_11_03-04_cescau4/2021-11-03-15-19-59.jpg,618.624,556.74,936.0,910.224,MESNOI,1920,1080
task_20210412/20210412-134909_(8.0).jpg,1028.544,668.9024,1207.104,853.1008,MESCHA,1920,1088
task_20210612_1_Lab/2021-06-12-06-07-28.jpg,257.28,326.592,1797.12,1072.116,MESCHA,1920,1080
task_2021_11_03-04_cescau4/2021-11-04-07-27-47.jpg,1227.84,486.972,1632.0,690.444,MESNON,1920,1080
task_20210615_Lab/2021-06-15-14-07-31.jpg,1127.04,194.508,1370.112,433.836,MESCHA,1920,1080
task_21-01-2021/2021-01-21-14-00-24.jpg,727.488,325.9648,1516.8,794.8928,MESCHA,1920,1088
task_21-01-2021/2021-01-21-12-29-03.jpg,571.2,198.56,1389.312,621.1392,MESCHA,1920,1088
task_20210624_balacet/2021-06-24-11-36-37.jpg,742.464,349.056,1238.208,564.624,MESCHA,1920,1080
task_2021_11_03-04_cescau4/2021-11-03-13-25-22.jpg,1148.16,464.508,1376.256,650.16,MESNOI,1920,1080
task_18-01-2021/2021-01-18-14-26-44.jpg,984.192,306.7072,1563.072,787.168,MESCHA,1920,1088
task_05-01-2021/2021-01-05-17-03-29.jpg,119.616,434.0032,633.024,852.6656,MESCHA,1920,1088
task_20210623_balacet/2021-06-23-14-03-17.jpg,1267.776,236.952,1728.96,690.444,ACCMOU,1920,1080
task_21-01-2021/2021-01-21-13-44-38.jpg,1041.984,399.296,1478.208,841.1328,MESBLE,1920,1088
task_20211204_Orlu/2021-12-24-09-11-38.jpg,1545.792,979.884,1869.696,1080.0,MESCHA,1920,1080
task_20210612_1_Lab/2021-06-12-05-58-18.jpg,1020.864,559.224,1725.12,1066.716,MESCHA,1920,1080
task_21-01-2021/2021-01-21-13-29-04.jpg,874.176,354.9056,1609.344,709.92,MESCHA,1920,1088
task_2021_11_03-04_cescau4/2021-11-04-07-28-19.jpg,1000.896,371.52,1381.632,694.764,MESHUP,1920,1080
task_2021-03-01_11/20210301-112603_(12.0).jpg,905.088,536.2752,1410.624,1086.2592,MESCHA,1920,1088
task_2021_11_03-04_cescau4/2021-11-03-15-50-00.jpg,1056.768,416.34,1495.872,685.476,MESNON,1920,1080
task_05-01-2021/2021-01-05-16-40-07.jpg,1148.16,538.2336,1636.416,1088.0,MESBLE,1920,1088
task_19-01-2021/2021-01-19-11-12-20.jpg,1.92,131.104,924.288,700.3456,MESCHA,1920,1088
task_20210611_Lab/2021-06-11-17-14-48.jpg,1185.984,192.78,1803.072,636.66,MESCHA,1920,1080
task_2021_11_03-04_cescau4/2021-11-03-16-15-02.jpg,1022.784,397.008,1427.904,652.968,MESNOI,1920,1080
task_20210624_balacet/2021-06-24-11-58-20.jpg,198.912,281.988,825.984,803.196,MESCHA,1920,1080
task_2021-03-01_09/20210301-091252_(11.0).jpg,795.072,435.9616,982.272,709.92,VEREUR,1920,1088
task_2021-03-01_15/20210301-151349_(18.0).jpg,986.112,435.9616,1383.552,735.0528,MESCHA,1920,1088
task_20210615_Lab/2021-06-15-13-43-27.jpg,1105.728,238.896,1491.648,692.388,MESCHA,1920,1080
task_20210217/20210217-131559_01(11.0).jpg,961.152,613.332,1682.88,1080.0,MESCHA,1920,1080
task_06-01-2021/2021-01-06-11-47-23.jpg,1262.016,298.9824,1680.768,648.2304,PINARB,1920,1088
task_2021_11_03-04_cescau4/2021-11-04-08-09-02.jpg,975.168,213.192,1219.2,555.228,MESNON,1920,1080
task_20210612_1_Lab/2021-06-12-06-11-35.jpg,586.56,254.34,1320.0,636.444,MESCHA,1920,1080
task_20211204_Orlu/2021-12-24-07-57-48.jpg,1013.952,513.432,1226.496,716.256,MESCHA,1920,1080
task_20210227/20210227-130532_(6.0).jpg,281.856,474.5856,737.088,1034.144,MESCHA,1920,1088
task_2021-03-01_13/20210301-135114_(17.0).jpg,887.616,460.9856,1182.912,816.1088,VEREUR,1920,1088
task_20210523_UPS/20210523-175357_(17.0).jpg,413.568,403.5392,1320.576,1086.5856,PIEBAV,1920,1088
task_2021_11_03-04_cescau4/2021-11-04-07-18-51.jpg,1166.016,453.6,1333.44,660.528,MESHUP,1920,1080
task_19-01-2021/2021-01-19-11-14-39.jpg,517.248,80.8384,1121.088,491.8848,MESCHA,1920,1088
task_20210611_Lab/2021-06-11-14-01-50.jpg,690.624,243.972,1030.272,500.148,MOIDOM,1920,1080
task_20211204_Orlu/2021-12-23-14-29-15.jpg,413.952,477.036,1015.296,769.392,MESCHA,1920,1080
task_2021-03-01_14/20210301-142423_(8.0)(1).jpg,640.704,457.1776,995.712,659.7632,MESBLE,1920,1088
task_2021-03-01_13/20210301-135459_(16.0).jpg,646.464,455.2192,910.848,760.0768,VEREUR,1920,1088
task_2021_11_03-04_cescau4/2021-11-03-12-37-56.jpg,875.904,457.488,1245.312,739.152,MESCHA,1920,1080
task_05-01-2021/2021-01-05-17-14-29.jpg,438.144,302.7904,903.168,737.0112,MESCHA,1920,1088
task_2021-03-01_08/20210301-082053_(22.0).jpg,0.0,248.7168,700.416,956.896,MESCHA,1920,1088
task_21-01-2021/2021-01-21-13-32-46.jpg,1.92,229.4592,646.464,831.5584,MESNON,1920,1088
task_2021-03-01_14/20210301-142938_(10.0).jpg,1310.208,1026.4192,1541.76,1088.0,MESCHA,1920,1088
task_20210419_UPS/20210419-084838_(12.0).jpg,593.856,949.9328,1377.408,1088.0,PIEBAV,1920,1088
task_20211204_Orlu/2021-12-24-10-55-35.jpg,1030.464,562.032,1803.84,1059.696,MESCHA,1920,1080
task_2021-03-01_12/20210301-125214_(9.0).jpg,441.984,489.9264,1001.472,767.8016,MESBLE,1920,1088
task_21-01-2021/2021-01-21-13-21-28.jpg,387.84,279.616,1017.024,738.8608,MESNON,1920,1088
task_20210525_UPS/20210525-154304_(17.0).jpg,1.92,410.8288,868.416,1080.4928,PIEBAV,1920,1088
task_2021-03-01_16/20210301-161723_(12.0).jpg,1208.064,694.4704,1723.2,1088.0,MESCHA,1920,1088
task_19-01-2021/2021-01-19-11-54-08.jpg,1.92,67.3472,569.28,636.5888,MESCHA,1920,1088
task_2021_11_03-04_cescau4/2021-11-04-08-37-42.jpg,1090.176,415.044,1296.768,680.076,MESHUP,1920,1080
task_20210615_Lab/2021-06-15-13-55-13.jpg,1318.08,208.008,1686.528,592.056,MESCHA,1920,1080
task_05-01-2021/2021-01-05-16-51-27.jpg,1169.472,487.968,1920.0,1088.0,MESCHA,1920,1088
task_05-01-2021/2021-01-05-16-29-26.jpg,1246.656,522.784,1920.0,1066.8928,ACCMOU,1920,1088
task_20210615_Lab/2021-06-15-16-06-19.jpg,706.368,148.284,1314.048,570.78,MESCHA,1920,1080
task_18-01-2021/2021-01-18-14-19-40.jpg,503.616,9.4656,714.048,196.7104,MESCHA,1920,1088
task_2021-03-01_15/20210301-153745_(13.0).jpg,563.52,476.4352,885.696,648.2304,MESBLE,1920,1088
task_20210611_Lab/2021-06-11-15-52-22.jpg,1043.52,676.62,1593.792,1080.0,MESCHA,1920,1080
task_06-01-2021/2021-01-06-11-14-26.jpg,1015.104,482.3104,1796.544,974.304,MESCHA,1920,1088
task_2021-03-01_14/20210301-145815_(10.0).jpg,359.04,171.5776,523.008,383.8464,MESCHA,1920,1088
task_2021-03-01_09/20210301-091558_(13.0).jpg,308.736,241.1008,1742.592,756.2688,TOUTUR,1920,1088
task_2021-03-01_15/20210301-151840_(7.0).jpg,654.144,449.4528,1121.088,677.1712,MESCHA,1920,1088
task_20210523_UPS/20210523-174329_(17.0).jpg,572.928,407.3472,1233.216,1084.6272,PIEBAV,1920,1088
task_20210623_balacet/2021-06-23-13-00-53.jpg,1026.624,320.004,1404.864,592.056,MESCHA,1920,1080
task_20211204_Orlu/2021-12-24-09-00-16.jpg,1390.656,420.012,1917.696,911.088,MESCHA,1920,1080
task_05-01-2021/2021-01-05-16-19-37.jpg,1298.688,428.2368,1885.248,999.4368,MESCHA,1920,1088
task_20210705-07_balacet/2021-07-06-11-35-56.jpg,826.944,423.9,1110.144,918.324,MESBLE,1920,1080
task_2021_11_03-04_cescau4/2021-11-04-07-36-48.jpg,1172.544,499.608,1435.008,705.132,MESNOI,1920,1080
task_20210615_Lab/2021-06-15-09-09-15.jpg,1352.64,229.284,1605.504,713.664,MESCHA,1920,1080
task_21-01-2021/2021-01-21-12-49-46.jpg,0.0,188.9856,806.592,653.9968,MESCHA,1920,1088
task_2021_11_03-04_cescau4/2021-11-03-16-07-40.jpg,1331.136,795.096,1706.304,1080.0,MESCHA,1920,1080
task_20211204_Orlu/2021-12-24-08-53-17.jpg,1120.128,497.88,1307.712,691.092,MESCHA,1920,1080
task_20210616_Lab/2021-06-16-04-39-05.jpg,830.976,193.428,1303.104,534.924,MESCHA,1920,1080
task_20210611_Lab/2021-06-11-15-40-55.jpg,605.184,321.84,1119.36,777.168,MESCHA,1920,1080
task_20210615_Lab/2021-06-15-10-37-19.jpg,1314.816,246.672,1536.0,438.696,MESCHA,1920,1080
task_20210412/20210412-105004_(7.0).jpg,810.24,466.208,1098.624,834.2784,MESCHA,1920,1088
task_21-01-2021/2021-01-21-14-19-46.jpg,484.416,202.4768,1308.288,644.3136,MESCHA,1920,1088
task_2021-03-01_07/20210301-074359_(5.0).jpg,550.08,503.5264,827.904,737.0112,VEREUR,1920,1088
task_20210217/20210217-141220_02(16.0).jpg,4.224,369.9,754.752,800.388,MESCHA,1920,1080
task_20210526_UPS/20210526-095052_(41.0).jpg,49.344,145.5744,1667.712,912.0704,PIEBAV,1920,1088
task_2021_11_03-04_cescau4/2021-11-03-15-58-18.jpg,1591.104,595.188,1920.0,1035.504,MESHUP,1920,1080
task_19-01-2021/2021-01-19-11-00-32.jpg,403.392,38.4064,712.128,383.8464,MESCHA,1920,1088
task_2021_11_03-04_cescau4/2021-11-04-06-48-41.jpg,1409.28,670.788,1740.288,1077.516,MESNON,1920,1080
task_20210523_UPS/20210523-174021_(32.0).jpg,489.6,439.6608,1113.792,1082.7776,PIEBAV,1920,1088
task_20210615_Lab/2021-06-15-09-26-40.jpg,1476.288,269.784,1734.72,653.832,MESCHA,1920,1080
task_20210616_Lab/2021-06-16-09-22-05.jpg,1.536,7.884,563.328,359.532,MESCHA,1920,1080
task_20210612_1_Lab/2021-06-12-06-34-45.jpg,279.744,186.84,773.76,543.78,MESCHA,1920,1080
task_2021-03-01_07/20210301-075251_(8.0).jpg,883.776,434.0032,1101.888,802.6176,MESCHA,1920,1088
task_2021-03-01_09/20210301-091233_(9.0).jpg,181.44,378.08,843.264,798.7008,MESCHA,1920,1088
task_20210417_UPS/20210417-160304_(14.0).jpg,1115.328,630.8224,1362.432,870.0736,MESCHA,1920,1088
task_20210615_Lab/2021-06-15-11-02-08.jpg,816.192,298.728,1574.592,648.0,MESCHA,1920,1080
task_20210615_Lab/2021-06-15-15-44-11.jpg,997.632,225.396,1684.608,590.112,MESCHA,1920,1080
task_19-01-2021/2021-01-19-10-44-50.jpg,131.328,316.2816,779.712,804.4672,MESNON,1920,1088
task_2021-03-01_12/20210301-123444_(7.0).jpg,351.168,488.0768,991.872,746.5856,VEREUR,1920,1088
task_2021-03-01_11/20210301-115719_(9.0).jpg,685.056,385.8048,1190.592,634.7392,VEREUR,1920,1088
task_05-01-2021/2021-01-05-16-20-02.jpg,1572.672,517.0176,1759.872,648.2304,MESCHA,1920,1088
task_05-01-2021/2021-01-05-16-46-17.jpg,1092.288,540.192,1916.16,1088.0,SITTOR,1920,1088
task_2021-03-01_17/20210301-172553_(6.0).jpg,773.76,449.4528,1136.64,613.5232,MESBLE,1920,1088
task_2021-03-01_09/20210301-090431_(10.0).jpg,982.272,671.4048,1424.064,1086.2592,MESCHA,1920,1088
task_20211204_Orlu/2021-12-23-15-49-23.jpg,1086.528,474.984,1588.224,763.236,MESBLE,1920,1080
task_20210612_1_Lab/2021-06-12-06-20-43.jpg,775.68,217.728,980.352,528.336,MESCHA,1920,1080
task_20210615_Lab/2021-06-15-10-41-07.jpg,1001.472,246.672,1618.944,655.776,MESCHA,1920,1080
task_20210217/20210217-175006_02(15.0).jpg,1011.072,326.16,1559.424,751.14,MESCHA,1920,1080
task_20211204_Orlu/2021-12-24-09-47-40.jpg,1110.528,471.204,1447.104,735.372,MESCHA,1920,1080
task_2021-03-01_10/20210301-100433_(12.0).jpg,675.456,343.3728,1265.856,661.7216,VEREUR,1920,1088
task_20210705-07_balacet/2021-07-06-16-40-38.jpg,527.424,345.384,993.216,660.42,MESBLE,1920,1080
task_2021-03-01_09/20210301-093648_(6.0).jpg,391.68,441.728,800.832,860.4992,MESBLE,1920,1088
task_2021_11_03-04_cescau4/2021-11-03-16-16-13.jpg,1014.72,473.58,1245.12,677.592,MESNOI,1920,1080
task_2021-03-01_08/20210301-081852_(12.0).jpg,328.128,337.4976,984.192,864.3072,MESCHA,1920,1088
task_20210616_Lab/2021-06-16-09-29-56.jpg,599.04,458.676,1443.84,1077.408,MESCHA,1920,1080
task_2021_11_03-04_cescau4/2021-11-04-06-48-53.jpg,593.664,420.228,1086.144,808.92,PINARB,1920,1080
task_2021_11_03-04_cescau4/2021-11-03-16-12-32.jpg,1186.944,450.576,1520.256,659.664,MESBLE,1920,1080
task_2021_11_03-04_cescau4/2021-11-03-15-49-05.jpg,1254.144,441.72,1695.744,715.284,MESNON,1920,1080
task_20211204_Orlu/2021-12-24-09-40-44.jpg,888.192,494.856,1367.232,732.348,MESNON,1920,1080
task_20210227/20210227-132444_(5.0).jpg,1065.216,569.1328,1427.904,895.2064,MESCHA,1920,1088
task_2021-03-01_17/20210301-173623_(6.0).jpg,849.024,381.888,1136.64,677.1712,VEREUR,1920,1088
task_20211204_Orlu/2021-12-23-15-21-05.jpg,988.224,497.772,1378.176,702.648,MESCHA,1920,1080
task_20210417_UPS/20210417-141336_(6.0).jpg,1167.552,777.4848,1651.776,1088.0,MESCHA,1920,1088
task_20211204_Orlu/2021-12-23-13-32-41.jpg,1312.512,810.216,1654.656,1079.784,MESCHA,1920,1080
task_20210615_Lab/2021-06-15-15-43-45.jpg,924.288,190.728,1439.616,447.336,MESCHA,1920,1080
task_21-01-2021/2021-01-21-14-03-28.jpg,594.432,329.7728,1258.176,655.9552,MESCHA,1920,1088
task_18-01-2021/2021-01-18-14-27-42.jpg,825.984,503.5264,1601.664,1024.4608,MESCHA,1920,1088
task_2021-03-01_14/20210301-144432_(16.0).jpg,521.088,459.136,988.032,750.5024,MESCHA,1920,1088
task_19-01-2021/2021-01-19-12-37-55.jpg,839.424,0.0,1165.44,457.1776,ROUGOR,1920,1088
task_20210615_Lab/2021-06-15-11-05-12.jpg,1227.264,217.728,1485.888,667.332,MESCHA,1920,1080
task_05-01-2021/2021-01-05-16-32-30.jpg,1034.304,310.5152,1697.088,818.3936,MESCHA,1920,1088
task_20211204_Orlu/2021-12-24-10-22-15.jpg,625.344,717.12,912.384,1080.0,MESNON,1920,1080
task_20210624_balacet/2021-06-24-11-21-36.jpg,923.904,279.396,1674.432,684.072,MESCHA,1920,1080
task_20210612_1_Lab/2021-06-12-06-17-37.jpg,490.176,298.728,964.8,663.444,MESCHA,1920,1080
task_2021-03-01_17/20210301-173705_(16.0).jpg,640.704,414.7456,1124.928,646.272,MESCHA,1920,1088
task_19-01-2021/2021-01-19-10-53-42.jpg,1055.616,1.7408,1916.16,682.9376,MESCHA,1920,1088
task_2021_11_03-04_cescau4/2021-11-03-16-28-21.jpg,973.44,435.24,1636.992,923.616,MESCHA,1920,1080
task_20210611_Lab/2021-06-11-14-13-09.jpg,277.056,168.156,840.576,547.56,MESCHA,1920,1080
task_19-01-2021/2021-01-19-10-51-08.jpg,38.592,248.7168,845.184,690.6624,MESNON,1920,1088
task_2021-03-01_17/20210301-172502_(7.0).jpg,1225.344,385.8048,1480.128,804.4672,MESCHA,1920,1088
task_21-01-2021/2021-01-21-12-49-52.jpg,19.392,250.6752,964.8,825.6832,MESCHA,1920,1088
task_2021-03-01_14/20210301-142646_(6.0).jpg,478.656,555.5328,683.136,1016.8448,MESBLE,1920,1088
task_2021-03-01_14/20210301-144437_(15.0).jpg,796.992,420.512,1076.736,873.9904,MESCHA,1920,1088
task_2021-03-01_14/20210301-143253_(12.0).jpg,548.16,466.8608,962.88,694.4704,MESBLE,1920,1088
task_20210526_UPS/20210526-133935_(42.0).jpg,516.096,403.5392,1914.432,1086.5856,PIEBAV,1920,1088
task_MOIDOM_ODJ/110.jpeg,59.4301,135.0,366.7703,390.195,MOIDOM,589,450
task_20210611_Lab/2021-06-11-13-57-31.jpg,1275.072,202.284,1686.72,720.252,MESCHA,1920,1080
task_20211204_Orlu/2021-12-23-13-41-56.jpg,1114.752,486.648,1284.096,654.48,MESNOI,1920,1080
task_20210612_1_Lab/2021-06-12-05-43-35.jpg,1157.76,493.668,1730.88,1080.0,MESCHA,1920,1080
task_20210615_Lab/2021-06-15-08-30-29.jpg,934.08,555.336,1541.76,1080.0,MESCHA,1920,1080
task_21-01-2021/2021-01-21-12-46-05.jpg,793.152,254.592,1607.424,692.6208,MESCHA,1920,1088
task_20210228/20210228-161052_(8.0).jpg,384.0,457.1776,756.48,956.896,MESCHA,1920,1088
task_20210217/20210217-180923_04(12.0).jpg,440.256,319.896,944.832,530.496,MESBLE,1920,1080
task_20210417_UPS/20210417-111204_(5.0).jpg,30.912,509.2928,476.736,1007.1616,MESCHA,1920,1088
task_20211204_Orlu/2021-12-23-16-12-38.jpg,1243.392,482.652,1920.0,1027.944,MESCHA,1920,1080
task_2021-03-01_09/20210301-092338_(18.0).jpg,1.92,152.32,1663.296,902.9312,TOUTUR,1920,1088
task_20210611_Lab/2021-06-11-16-02-07.jpg,996.096,283.824,1368.0,782.784,MESCHA,1920,1080
task_20210523_UPS/20210523-173444_(22.0).jpg,446.976,482.7456,1271.232,1086.2592,PIEBAV,1920,1088
task_20211204_Orlu/2021-12-24-08-01-37.jpg,1050.624,483.948,1283.904,760.32,MESCHA,1920,1080
task_19-01-2021/2021-01-19-10-54-03.jpg,642.624,75.072,1373.952,667.488,MESCHA,1920,1088
task_21-01-2021/2021-01-21-13-43-08.jpg,692.736,486.1184,1551.552,1088.0,MESBLE,1920,1088
task_20210616_Lab/2021-06-16-09-32-32.jpg,876.096,224.748,1429.056,563.112,MESCHA,1920,1080
task_05-01-2021/2021-01-05-17-10-13.jpg,897.792,469.9072,1531.392,988.5568,SITTOR,1920,1088
task_19-01-2021/2021-01-19-12-38-06.jpg,982.272,0.0,1545.792,426.2784,ROUGOR,1920,1088
task_20210616_Lab/2021-06-16-09-45-28.jpg,495.744,216.108,1094.016,636.876,MESCHA,1920,1080
task_06-01-2021/2021-01-06-12-11-54.jpg,1153.92,489.9264,1920.0,1088.0,MESCHA,1920,1088
task_20210418_UPS/20210418-172202_(31.0).jpg,5.76,418.7712,1918.08,1084.6272,PIEBAV,1920,1088
task_2021_11_03-04_cescau4/2021-11-03-15-13-59.jpg,787.968,485.028,1122.24,801.684,MESNON,1920,1080
task_2021-03-01_14/20210301-145529_(17.0).jpg,511.488,466.8608,1121.088,702.1952,MESCHA,1920,1088
task_20210523_UPS/20210523-185403_(48.0).jpg,13.248,314.432,1667.712,1084.6272,PIEBAV,1920,1088
task_21-01-2021/2021-01-21-13-20-43.jpg,573.12,383.8464,1478.208,746.5856,MESCHA,1920,1088
task_20211204_Orlu/2021-12-23-15-40-05.jpg,657.216,466.668,1042.944,947.7,MESCHA,1920,1080
task_20210416_UPS/20210416-184331_(5.0).jpg,465.024,760.0768,928.128,1084.3008,MESCHA,1920,1088
task_20210612_1_Lab/2021-06-12-05-57-39.jpg,308.736,100.008,754.56,611.388,MESCHA,1920,1080
task_20210526_UPS/20210526-091226_(17.0).jpg,728.64,380.8,1918.08,1086.5856,PIEBAV,1920,1088
task_20210615_Lab/2021-06-15-08-32-34.jpg,1238.784,269.784,1646.016,574.668,MESCHA,1920,1080
task_2021_11_03-04_cescau4/2021-11-03-16-32-00.jpg,1183.68,460.836,1656.192,685.8,MESNON,1920,1080
task_20210611_Lab/2021-06-11-14-50-25.jpg,1208.64,251.64,1730.304,695.52,MESCHA,1920,1080
task_20211204_Orlu/2021-12-23-14-57-37.jpg,1397.568,478.44,1904.832,946.188,MESCHA,1920,1080
task_2021_11_03-04_cescau4/2021-11-04-08-21-17.jpg,1105.152,548.424,1685.568,875.988,SITTOR,1920,1080
task_20210523_UPS/20210523-173948_(21.0).jpg,377.664,401.6896,1386.816,1082.7776,PIEBAV,1920,1088
task_20210419_UPS/20210419-151906_(14.0).jpg,656.448,339.0208,1720.896,832.32,MESCHA,1920,1088
task_20210624_balacet/2021-06-24-13-19-49.jpg,470.784,375.948,1132.8,744.552,MESCHA,1920,1080
task_19-01-2021/2021-01-19-11-27-02.jpg,1024.704,150.3616,1817.856,887.4816,MESCHA,1920,1088
task_21-01-2021/2021-01-21-13-29-19.jpg,895.296,281.5744,1362.432,947.3216,MESCHA,1920,1088
task_2021_11_03-04_cescau4/2021-11-04-07-30-47.jpg,999.744,478.872,1545.792,784.944,MESNON,1920,1080
task_2021_11_03-04_cescau4/2021-11-04-07-03-19.jpg,690.048,465.048,1118.4,725.004,MESNON,1920,1080
task_20211204_Orlu/2021-12-23-15-39-05.jpg,945.408,517.86,1153.152,704.7,MESCHA,1920,1080
task_20210615_Lab/2021-06-15-13-57-43.jpg,903.168,269.784,1420.224,568.944,MESCHA,1920,1080
task_2021-03-01_14/20210301-142933_(11.0).jpg,962.88,393.5296,1304.448,733.0944,VEREUR,1920,1088
task_2021_11_03-04_cescau4/2021-11-03-12-37-43.jpg,904.512,523.476,1730.496,928.476,MESCHA,1920,1080
task_2021-03-01_17/20210301-175918_(9.0).jpg,698.688,441.728,1150.08,640.5056,MESCHA,1920,1088
task_2021_11_03-04_cescau4/2021-11-03-11-14-51.jpg,918.336,390.096,1314.24,678.348,MESHUP,1920,1080
task_2021-03-01_13/20210301-135132_(19.0).jpg,1065.216,489.9264,1344.96,765.952,VEREUR,1920,1088
task_20210523_UPS/20210523-175502_(21.0).jpg,111.936,145.5744,1293.888,1086.5856,PIEBAV,1920,1088
task_05-01-2021/2021-01-05-17-11-14.jpg,131.136,399.296,470.784,796.8512,SITTOR,1920,1088
task_2021-03-01_08/20210301-084612_(5.0).jpg,343.488,464.9024,822.144,738.8608,MESCHA,1920,1088
task_20210217/20210217-140200_02(11.0).jpg,321.024,148.716,1307.712,727.056,MESCHA,1920,1080
task_2021-03-01_10/20210301-104232_(21.0).jpg,1007.232,428.2368,1188.672,646.272,MESCHA,1920,1088
task_20211204_Orlu/2021-12-24-09-55-39.jpg,939.456,493.02,1159.296,717.984,MESCHA,1920,1080
task_05-01-2021/2021-01-05-16-54-21.jpg,293.376,472.6272,1211.904,912.6144,SITTOR,1920,1088
task_20211204_Orlu/2021-12-23-13-20-51.jpg,553.536,338.148,1192.128,671.976,MESCHA,1920,1080
task_19-01-2021/2021-01-19-12-18-29.jpg,760.32,9.4656,1248.576,428.2368,MESNON,1920,1088
task_20210615_Lab/2021-06-15-15-52-26.jpg,1088.448,167.508,1318.08,574.668,MESCHA,1920,1080
task_20210526_UPS/20210526-085403_(14.0).jpg,770.304,375.1424,1259.712,1086.5856,PIEBAV,1920,1088
task_20211204_Orlu/2021-12-23-13-24-01.jpg,931.008,397.656,1140.288,584.28,MESCHA,1920,1080
task_06-01-2021/2021-01-06-11-45-43.jpg,1070.976,517.0176,1920.0,1036.1024,MESCHA,1920,1088
task_20210612_1_Lab/2021-06-12-06-30-44.jpg,936.0,377.892,1271.616,964.44,MESCHA,1920,1080
task_20211204_Orlu/2021-12-23-14-15-57.jpg,1182.336,461.7,1387.392,659.664,MESNOI,1920,1080
task_MOIDOM_ODJ/1689.jpeg,119.0025,170.19,355.7925,289.89,MOIDOM,675,450
task_05-01-2021/2021-01-05-17-17-41.jpg,289.536,443.6864,733.248,862.4576,SITTOR,1920,1088
task_21-01-2021/2021-01-21-12-06-49.jpg,787.392,223.6928,1069.056,644.3136,MESNON,1920,1088
task_2021-03-01_09/20210301-091608_(20.0).jpg,482.496,165.8112,1777.152,862.3488,TOUTUR,1920,1088
task_05-01-2021/2021-01-05-16-51-21.jpg,1630.656,601.8816,1920.0,1047.6352,MESNON,1920,1088
task_20211204_Orlu/2021-12-24-07-56-55.jpg,505.92,566.352,917.568,809.676,MESNON,1920,1080
task_05-01-2021/2021-01-05-16-24-02.jpg,1053.696,675.2128,1920.0,1088.0,SITTOR,1920,1088
task_20210205/20210205-164901_02(11.0).jpg,261.696,422.928,1003.392,940.896,MESCHA,1920,1080
task_2021-03-01_10/20210301-101732_(11.0).jpg,721.728,466.8608,891.456,655.9552,MESCHA,1920,1088
task_20210217/20210217-174314_07(11.0).jpg,3.84,0.0,1646.784,678.456,TOUTUR,1920,1080
task_21-01-2021/2021-01-21-11-59-19.jpg,146.688,212.16,1292.928,773.6768,MESCHA,1920,1088
task_20210705-07_balacet/2021-07-05-15-46-53.jpg,1118.976,412.02,1401.6,652.32,MESNON,1920,1080
task_20210612_1_Lab/2021-06-12-05-42-44.jpg,1468.416,794.664,1692.288,1080.0,MESCHA,1920,1080
task_2021_11_03-04_cescau4/2021-11-03-15-07-34.jpg,710.208,504.252,1125.312,769.392,MESNON,1920,1080
task_20210612_1_Lab/2021-06-12-04-47-09.jpg,609.792,260.172,1155.84,644.112,MESCHA,1920,1080
task_2021-03-01_17/20210301-173609_(8.0).jpg,995.712,354.9056,1346.88,646.272,VEREUR,1920,1088
task_2021_11_03-04_cescau4/2021-11-03-11-03-51.jpg,1048.512,433.188,1466.688,682.344,MESNON,1920,1080
task_20210227/20210227-133300_(8.0).jpg,746.88,572.9408,1146.24,750.5024,VEREUR,1920,1088
task_05-01-2021/2021-01-05-17-28-36.jpg,805.056,561.408,1661.376,1088.0,MESNON,1920,1088
task_2021-03-01_17/20210301-172808_(9.0).jpg,544.128,495.8016,739.008,862.3488,MESBLE,1920,1088
task_19-01-2021/2021-01-19-10-59-00.jpg,142.848,254.592,748.8,1084.3008,MESCHA,1920,1088
task_2021_11_03-04_cescau4/2021-11-04-08-10-15.jpg,1018.944,429.3,1497.408,705.672,MESCHA,1920,1080
task_2021_11_03-04_cescau4/2021-11-03-12-11-26.jpg,1256.832,330.912,1544.832,665.712,MESBLE,1920,1080
task_20210624_balacet/2021-06-24-14-09-33.jpg,951.36,323.784,1256.256,684.72,ACCMOU,1920,1080
task_20210526_UPS/20210526-085344_(25.0).jpg,810.24,356.1024,1493.184,1084.6272,PIEBAV,1920,1088
task_20210217/20210217-140355_07(47.0).jpg,538.944,233.82,1219.392,639.9,MESCHA,1920,1080
task_20210217/20210217-163302_01(14.0).jpg,628.032,325.62,906.816,566.568,VEREUR,1920,1080
task_2021_11_03-04_cescau4/2021-11-03-11-42-59.jpg,1292.352,449.496,1628.736,640.224,MESNOI,1920,1080
task_20210228/20210228-154249_(5.0).jpg,210.432,418.5536,872.256,806.4256,MESCHA,1920,1088
task_20210525_UPS/20210525-155809_(19.0).jpg,407.232,335.648,1262.016,1084.3008,PIEBAV,1920,1088
task_2021_11_03-04_cescau4/2021-11-04-07-01-31.jpg,698.88,479.736,995.136,990.9,MESNON,1920,1080
task_2021-03-01_13/20210301-134709_(7.0).jpg,769.92,420.512,982.272,756.2688,VEREUR,1920,1088
task_20210227/20210227-140609_(6.0).jpg,1040.064,513.1008,1273.536,735.0528,MESCHA,1920,1088
task_20210525_UPS/20210525-155756_(15.0).jpg,455.424,393.5296,1013.184,1084.3008,PIEBAV,1920,1088
task_20210616_Lab/2021-06-16-05-25-48.jpg,726.336,67.176,1065.024,489.024,VEREUR,1920,1080
task_20210624_balacet/2021-06-24-12-28-53.jpg,1293.504,306.18,1879.104,645.192,MESCHA,1920,1080
task_20210616_Lab/2021-06-16-06-57-20.jpg,1174.272,248.94,1793.856,556.848,MESCHA,1920,1080
task_2021-03-01_15/20210301-150835_(9.0).jpg,1009.152,673.2544,1372.032,1086.2592,MESBLE,1920,1088
task_20210624_balacet/2021-06-24-16-59-19.jpg,818.304,335.448,1080.576,763.776,MESCHA,1920,1080
task_2021-03-01_16/20210301-165959_(11.0).jpg,926.208,468.7104,1121.088,698.3872,VEREUR,1920,1088
task_2021_11_03-04_cescau4/2021-11-04-06-49-19.jpg,616.128,335.232,1164.096,771.228,PINARB,1920,1080
task_18-01-2021/2021-01-18-13-50-25.jpg,1404.864,401.2544,1869.888,931.872,MESBLE,1920,1088
task_21-01-2021/2021-01-21-11-57-25.jpg,737.088,264.1664,1615.296,856.5824,MESNON,1920,1088
task_20211204_Orlu/2021-12-24-08-11-10.jpg,669.696,468.504,1102.08,694.332,MESBLE,1920,1080
task_20211204_Orlu/2021-12-23-14-58-01.jpg,826.368,516.456,1110.144,712.692,MESCHA,1920,1080
task_20211204_Orlu/2021-12-24-09-49-44.jpg,1440.96,515.16,1791.36,1080.0,SITTOR,1920,1080
task_2021_11_03-04_cescau4/2021-11-03-16-09-00.jpg,890.112,403.38,1446.528,926.964,MESCHA,1920,1080
task_2021-03-01_10/20210301-100244_(10.0).jpg,1098.048,350.9888,1732.8,748.544,VEREUR,1920,1088
task_20211204_Orlu/2021-12-24-08-27-28.jpg,875.52,514.512,1026.24,710.316,MESCHA,1920,1080
task_20210616_Lab/2021-06-16-18-10-18.jpg,1309.248,288.9,1718.208,549.828,MESCHA,1920,1080
task_21-01-2021/2021-01-21-12-23-34.jpg,277.824,217.9264,991.872,642.464,MESCHA,1920,1088
task_20210217/20210217-175223_02(16.0).jpg,762.624,217.404,1360.32,701.244,MESCHA,1920,1080
task_06-01-2021/2021-01-06-11-18-47.jpg,569.28,700.3456,1194.432,1057.3184,SITTOR,1920,1088
task_20210615_Lab/2021-06-15-15-47-13.jpg,876.096,182.952,1439.616,466.668,MESCHA,1920,1080
task_05-01-2021/2021-01-05-17-00-08.jpg,988.032,511.2512,1920.0,943.4048,MESCHA,1920,1088
task_20211204_Orlu/2021-12-24-08-00-21.jpg,769.152,612.792,1121.856,1003.968,MESCHA,1920,1080
task_20210217/20210217-134328_01(18.0).jpg,0.0,353.916,837.696,677.16,VEREUR,1920,1080
task_2021-03-01_09/20210301-093559_(6.0).jpg,235.584,434.0032,810.432,904.7808,MESCHA,1920,1088
task_05-01-2021/2021-01-05-16-05-49.jpg,1026.624,439.008,1920.0,1063.0848,MESCHA,1920,1088
task_20210615_Lab/2021-06-15-13-19-23.jpg,1162.368,229.176,1400.256,630.072,MESCHA,1920,1080
task_05-01-2021/2021-01-05-16-43-09.jpg,1099.968,526.592,1920.0,945.3632,MESCHA,1920,1088
task_2021_11_03-04_cescau4/2021-11-03-14-49-45.jpg,1245.504,402.84,1664.256,882.792,MESCHA,1920,1080
task_20210615_Lab/2021-06-15-10-57-02.jpg,1414.08,235.764,1679.424,557.388,MESCHA,1920,1080
task_20210616_Lab/2021-06-16-04-41-36.jpg,1186.752,310.284,1608.192,654.696,MESCHA,1920,1080
task_21-01-2021/2021-01-21-11-59-38.jpg,833.664,518.8672,1649.856,1088.0,MESCHA,1920,1088
task_20210611_Lab/2021-06-11-14-05-51.jpg,874.752,238.356,1460.928,517.212,MESCHA,1920,1080
task_20210205/20210205-122544_05(14.0).jpg,645.12,323.676,1468.416,856.872,VEREUR,1920,1080
task_2021-03-01_07/20210301-074913_(5.0).jpg,665.856,484.16,872.256,790.976,VEREUR,1920,1088
task_MOIDOM_ODJ/2262.jpeg,339.9975,118.2816,448.605,252.8064,MOIDOM,675,432
task_2021_11_03-04_cescau4/2021-11-04-07-11-09.jpg,843.84,421.092,1499.136,678.132,PINARB,1920,1080
task_2021-03-01_09/20210301-092239_(20.0).jpg,497.856,0.0,1522.56,887.4816,TOUTUR,1920,1088
task_2021_11_03-04_cescau4/2021-11-04-07-32-37.jpg,1213.056,494.208,1462.848,697.68,MESCHA,1920,1080
task_20210416_UPS/20210416-194601_(7.0).jpg,743.04,785.2096,1146.24,1039.9104,MESCHA,1920,1088
task_20210616_Lab/2021-06-16-09-10-43.jpg,1288.896,294.192,1714.944,566.244,MESCHA,1920,1080
task_2021-03-01_07/20210301-075735_(5.0).jpg,953.28,410.8288,1395.264,833.408,VEREUR,1920,1088
task_19-01-2021/2021-01-19-13-24-08.jpg,314.496,219.776,1115.328,613.5232,MESBLE,1920,1088
task_20210616_Lab/2021-06-16-18-58-25.jpg,873.984,149.58,1483.2,451.872,VEREUR,1920,1080
task_05-01-2021/2021-01-05-16-42-58.jpg,1124.928,339.456,1920.0,900.9728,MESCHA,1920,1088
task_20210623_balacet/2021-06-23-13-45-00.jpg,625.152,245.916,1123.008,622.188,MESCHA,1920,1080
task_2021-03-01_14/20210301-142405_(21.0).jpg,1219.584,536.2752,1557.312,910.656,MESBLE,1920,1088
task_2021_11_03-04_cescau4/2021-11-03-11-43-32.jpg,1466.688,579.096,1834.368,1080.0,MESNON,1920,1080
task_20210526_UPS/20210526-112435_(13.0).jpg,1.92,1.4144,1914.432,1086.5856,MESBLE,1920,1088
task_19-01-2021/2021-01-19-11-13-04.jpg,735.168,140.6784,1381.632,684.896,MESCHA,1920,1088
task_20211204_Orlu/2021-12-24-10-22-42.jpg,686.208,535.896,972.48,1080.0,MESCHA,1920,1080
task_2021_11_03-04_cescau4/2021-11-03-11-01-29.jpg,961.92,392.796,1343.232,672.948,MESCHA,1920,1080
task_21-01-2021/2021-01-21-13-22-58.jpg,92.736,202.4768,856.704,750.5024,MESCHA,1920,1088
task_2021-03-01_13/20210301-135005_(8.0).jpg,600.192,484.16,986.112,746.5856,VEREUR,1920,1088
task_2021_11_03-04_cescau4/2021-11-04-08-03-28.jpg,715.2,472.392,1109.184,1080.0,MESNON,1920,1080
task_19-01-2021/2021-01-19-10-49-11.jpg,393.6,69.3056,1128.96,601.8816,MESCHA,1920,1088
task_20210523_UPS/20210523-174027_(22.0).jpg,472.512,435.8528,1328.064,1086.5856,PIEBAV,1920,1088
task_21-01-2021/2021-01-21-14-33-28.jpg,239.424,0.0,1011.264,640.5056,MESNON,1920,1088
task_21-01-2021/2021-01-21-12-35-17.jpg,1146.24,435.9616,1516.8,818.0672,MESBLE,1920,1088
task_20210616_Lab/2021-06-16-18-04-07.jpg,1401.6,438.48,1708.992,1079.568,MESCHA,1920,1080
task_2021-03-01_09/20210301-092226_(52.0).jpg,1.92,0.0,1215.744,926.1056,TOUTUR,1920,1088
task_20210417_UPS/20210417-174437_(6.0).jpg,665.856,607.648,999.552,831.5584,MESCHA,1920,1088
task_20210624_balacet/2021-06-24-11-23-53.jpg,1306.368,337.392,1626.816,671.22,ACCMOU,1920,1080
task_20210611_Lab/2021-06-11-15-34-09.jpg,987.072,241.488,1424.064,509.328,MESCHA,1920,1080
task_18-01-2021/2021-01-18-13-50-31.jpg,349.248,387.6544,1032.384,920.3392,MESBLE,1920,1088
task_20210624_balacet/2021-06-24-12-58-52.jpg,252.864,348.948,883.776,702.0,ACCMOU,1920,1080
task_20210217/20210217-141019_05(61.0).jpg,348.672,267.84,1166.208,629.316,MESCHA,1920,1080
task_20210615_Lab/2021-06-15-16-19-07.jpg,1111.488,190.728,1551.552,383.616,MESCHA,1920,1080
task_20210523_UPS/20210523-173446_(22.0).jpg,3.84,413.1136,1106.112,921.536,PIEBAV,1920,1088
task_20210612_1_Lab/2021-06-12-05-41-38.jpg,650.304,117.396,1171.392,514.836,MESCHA,1920,1080
task_20210612_1_Lab/2021-06-12-06-33-42.jpg,1119.168,236.952,1468.416,561.168,MESCHA,1920,1080
task_20210705-07_balacet/2021-07-06-12-23-11.jpg,716.352,256.176,1172.352,633.096,ROUGOR,1920,1080
task_2021-03-01_18/20210301-180217_(12.0).jpg,800.832,449.4528,1271.616,667.488,MESCHA,1920,1088
task_20210205/20210205-144535_05(16.0).jpg,1104.192,456.516,1637.376,860.652,VEREUR,1920,1080
task_2021-03-01_09/20210301-091310_(7.0).jpg,818.304,464.9024,1051.776,740.8192,VEREUR,1920,1088
task_2021_11_03-04_cescau4/2021-11-03-16-26-27.jpg,1187.136,413.316,1410.624,588.276,MESNON,1920,1080
task_2021_11_03-04_cescau4/2021-11-04-07-21-21.jpg,1194.816,464.616,1656.576,688.824,MESCHA,1920,1080
task_20210615_Lab/2021-06-15-13-48-23.jpg,1269.696,198.396,1833.216,474.336,MESCHA,1920,1080
task_2021-03-01_07/20210301-075740_(5.0).jpg,939.84,403.104,1435.776,796.7424,VEREUR,1920,1088
task_2021_11_03-04_cescau4/2021-11-03-15-06-32.jpg,1263.936,481.248,1565.568,656.964,MESCHA,1920,1080
task_2021-03-01_17/20210301-174416_(8.0).jpg,791.232,484.16,1271.616,708.0704,MESBLE,1920,1088
task_05-01-2021/2021-01-05-16-20-09.jpg,648.384,312.3648,968.64,748.6528,MESCHA,1920,1088
task_2021-03-01_09/20210301-092316_(20.0).jpg,393.6,279.616,1916.16,808.384,TOUTUR,1920,1088
task_20210414/20210414-072248_(5.0).jpg,1016.64,704.2624,1426.368,1079.296,MESCHA,1920,1088
task_20210615_Lab/2021-06-15-09-11-04.jpg,1070.976,273.672,1375.872,856.44,MESCHA,1920,1080
task_06-01-2021/2021-01-06-12-13-48.jpg,1184.832,509.2928,1920.0,1082.3424,MESCHA,1920,1088
task_20210526_UPS/20210526-124617_(24.0).jpg,701.76,212.3776,1914.24,1085.0624,PIEBAV,1920,1088
task_2021-03-01_07/20210301-074949_(11.0).jpg,798.912,511.2512,1511.04,1086.2592,VEREUR,1920,1088
task_2021-03-01_07/20210301-075108_(5.0).jpg,1101.888,518.8672,1918.08,1088.0,VEREUR,1920,1088
task_20210612_1_Lab/2021-06-12-07-07-38.jpg,1263.936,306.504,1719.36,705.888,MESCHA,1920,1080
task_20210525_UPS/20210525-150340_(38.0).jpg,69.504,322.048,1155.84,1088.0,PIEBAV,1920,1088
task_2021_11_03-04_cescau4/2021-11-04-07-31-26.jpg,1677.312,627.48,1920.0,1022.436,MESNON,1920,1080
task_20210705-07_balacet/2021-07-07-08-56-44.jpg,796.992,385.02,1357.824,591.732,ACCMOU,1920,1080
task_19-01-2021/2021-01-19-11-25-18.jpg,1152.0,210.2016,1578.432,634.7392,MESBLE,1920,1088
task_2021_11_03-04_cescau4/2021-11-04-07-51-12.jpg,1691.904,630.828,1920.0,1025.892,MESNON,1920,1080
task_2021_11_03-04_cescau4/2021-11-03-15-19-38.jpg,1315.2,430.488,1518.912,684.612,MESCHA,1920,1080
task_05-01-2021/2021-01-05-17-25-16.jpg,482.496,457.1776,1352.64,1026.528,MESNON,1920,1088
task_2021-03-01_10/20210301-100519_(9.0).jpg,1209.984,314.432,1864.128,850.816,VEREUR,1920,1088
task_2021-03-01_10/20210301-100108_(9.0).jpg,335.808,325.9648,787.392,1016.8448,VEREUR,1920,1088
task_05-01-2021/2021-01-05-16-44-20.jpg,1180.992,0.0,1895.04,360.9984,MESCHA,1920,1088
task_21-01-2021/2021-01-21-13-21-26.jpg,15.552,241.1008,1026.624,648.2304,MESCHA,1920,1088
task_20210228/20210228-134052_(5.0).jpg,1036.224,445.536,1482.048,648.2304,MESCHA,1920,1088
task_06-01-2021/2021-01-06-11-58-14.jpg,810.432,491.8848,1379.712,1088.0,MESCHA,1920,1088
task_20211204_Orlu/2021-12-24-10-12-45.jpg,789.312,499.284,1030.272,753.408,MESBLE,1920,1080
task_19-01-2021/2021-01-19-13-16-57.jpg,0.0,187.0272,617.472,821.8752,MESCHA,1920,1088
task_19-01-2021/2021-01-19-11-24-52.jpg,1061.376,24.9152,1458.816,489.9264,MESCHA,1920,1088
task_20210417_UPS/20210417-141345_(6.0).jpg,1187.52,679.0208,1375.104,843.4176,MESCHA,1920,1088
task_2021_11_03-04_cescau4/2021-11-03-13-53-41.jpg,771.264,429.732,1482.048,733.86,PINARB,1920,1080
task_2021_11_03-04_cescau4/2021-11-03-16-00-45.jpg,1189.248,474.66,1594.176,657.072,MESNON,1920,1080
task_2021_11_03-04_cescau4/2021-11-04-06-41-57.jpg,1071.936,484.812,1383.36,660.636,MESNOI,1920,1080
task_05-01-2021/2021-01-05-17-25-14.jpg,613.632,132.9536,777.792,304.7488,MESNON,1920,1088
task_20210624_balacet/2021-06-24-09-10-57.jpg,1772.544,730.62,1920.0,989.172,MESCHA,1920,1080
task_05-01-2021/2021-01-05-17-22-01.jpg,420.672,362.6304,798.912,877.7984,MESCHA,1920,1088
task_20210228/20210228-133145_(6.0).jpg,1090.368,484.16,1385.472,928.064,MESCHA,1920,1088
task_21-01-2021/2021-01-21-12-21-47.jpg,168.0,140.6784,636.864,841.1328,MESCHA,1920,1088
task_20210616_Lab/2021-06-16-04-40-26.jpg,1015.488,278.856,1276.032,592.704,MESCHA,1920,1080
task_21-01-2021/2021-01-21-14-22-14.jpg,287.616,125.2288,528.768,445.536,MESCHA,1920,1088
task_20210205/20210205-144625_05(45.0).jpg,998.016,481.14,1578.624,938.412,VEREUR,1920,1080
task_20210615_Lab/2021-06-15-10-58-28.jpg,1275.456,213.84,1663.488,329.616,MESCHA,1920,1080
task_20210523_UPS/20210523-185643_(20.0).jpg,278.976,439.6608,1070.016,1088.0,PIEBAV,1920,1088
task_2021-03-01_13/20210301-135635_(8.0).jpg,696.576,381.888,1153.92,675.2128,VEREUR,1920,1088
task_2021_11_03-04_cescau4/2021-11-03-12-33-19.jpg,557.76,436.212,1119.936,883.548,MESCHA,1920,1080
task_2021-03-01_09/20210301-093719_(10.0).jpg,1084.416,576.8576,1844.736,1088.0,MESCHA,1920,1088
task_05-01-2021/2021-01-05-16-24-22.jpg,708.288,380.0384,1501.248,835.3664,MESCHA,1920,1088
task_20211204_Orlu/2021-12-23-15-59-50.jpg,843.264,417.204,1116.864,750.816,MESBLE,1920,1080
task_20210525_UPS/20210525-154341_(25.0).jpg,488.256,380.0384,1580.352,1088.0,PIEBAV,1920,1088
task_21-01-2021/2021-01-21-13-57-51.jpg,820.224,289.2992,1534.08,748.544,MESBLE,1920,1088
task_2021-03-01_07/20210301-074408_(6.0).jpg,550.08,468.7104,835.584,719.6032,VEREUR,1920,1088
task_19-01-2021/2021-01-19-10-42-41.jpg,1375.488,51.8976,1916.16,933.8304,ROUGOR,1920,1088
task_05-01-2021/2021-01-05-15-58-23.jpg,0.0,158.0864,243.264,569.1328,MESBLE,1920,1088
task_05-01-2021/2021-01-05-17-13-16.jpg,1183.68,597.312,1771.584,1025.3312,MESBLE,1920,1088
task_20210616_Lab/2021-06-16-09-09-06.jpg,1143.168,295.272,1772.736,582.228,MESCHA,1920,1080
task_20210615_Lab/2021-06-15-10-00-35.jpg,1487.808,312.228,1848.576,617.112,MESCHA,1920,1080
task_20210205/20210205-165747_03(11.0).jpg,157.44,369.252,681.216,900.504,VEREUR,1920,1080
task_2021_11_03-04_cescau4/2021-11-03-12-39-44.jpg,146.496,1.188,1524.672,1076.22,MESCHA,1920,1080
task_05-01-2021/2021-01-05-16-28-08.jpg,362.88,345.5488,1017.024,873.9904,MESCHA,1920,1088
task_20210417_UPS/20210417-093427_(5.0).jpg,640.704,812.192,993.792,1030.2272,MESCHA,1920,1088
task_2021_11_03-04_cescau4/2021-11-03-10-28-42.jpg,965.568,439.236,1699.776,814.968,PINARB,1920,1080
task_19-01-2021/2021-01-19-12-25-19.jpg,708.288,0.0,1379.712,495.8016,MESCHA,1920,1088
task_20210612_1_Lab/2021-06-12-06-26-52.jpg,673.536,194.508,955.2,520.668,MESCHA,1920,1080
task_20210612_1_Lab/2021-06-12-04-33-01.jpg,808.512,192.672,1067.136,599.724,MESCHA,1920,1080
task_20211204_Orlu/2021-12-23-14-55-14.jpg,814.464,513.0,1014.144,729.324,MESBLE,1920,1080
task_05-01-2021/2021-01-05-17-31-21.jpg,1370.112,347.1808,1813.824,684.896,MESNON,1920,1088
task_05-01-2021/2021-01-05-16-29-30.jpg,915.456,521.5872,1918.08,1030.9888,ACCMOU,1920,1088
task_20210415_UPS/20210415-152119_(5.0).jpg,624.768,745.3888,821.568,967.6672,MESCHA,1920,1088
task_20210616_Lab/2021-06-16-09-16-47.jpg,1035.072,211.68,1250.304,474.12,VEREUR,1920,1080
task_20210624_balacet/2021-06-24-07-43-54.jpg,924.288,333.504,1150.08,648.0,MESCHA,1920,1080
task_21-01-2021/2021-01-21-14-04-07.jpg,642.624,304.7488,1246.656,677.1712,MESCHA,1920,1088
task_19-01-2021/2021-01-19-10-59-48.jpg,513.408,229.4592,1090.368,704.1536,MESCHA,1920,1088
task_20210611_Lab/2021-06-11-15-57-49.jpg,1216.128,211.788,1775.808,657.612,MESCHA,1920,1080
task_21-01-2021/2021-01-21-13-19-07.jpg,820.224,271.8912,1246.656,916.4224,MESCHA,1920,1088
task_2021_11_03-04_cescau4/2021-11-04-07-14-13.jpg,1605.888,895.104,1920.0,1080.0,PINARB,1920,1080
task_2021_11_03-04_cescau4/2021-11-03-13-22-00.jpg,625.536,37.908,1920.0,1080.0,MESCHA,1920,1080
task_20210615_Lab/2021-06-15-09-57-19.jpg,1063.296,281.34,1425.984,769.608,MESCHA,1920,1080
task_20210612_1_Lab/2021-06-12-07-09-06.jpg,812.352,240.84,1429.824,534.168,MESCHA,1920,1080
task_19-01-2021/2021-01-19-13-08-24.jpg,0.0,43.8464,768.0,597.7472,MESCHA,1920,1088
task_05-01-2021/2021-01-05-17-12-18.jpg,1343.424,442.9248,1817.856,868.224,ACCMOU,1920,1088
task_20211204_Orlu/2021-12-24-09-19-08.jpg,1025.472,510.084,1276.224,724.032,MESCHA,1920,1080
task_20210624_balacet/2021-06-24-12-08-54.jpg,964.8,264.06,1250.496,595.944,ACCMOU,1920,1080
task_20210616_Lab/2021-06-16-09-21-59.jpg,1225.728,396.576,1919.616,824.904,MESCHA,1920,1080
task_20210523_UPS/20210523-185917_(39.0).jpg,423.168,90.5216,1633.536,1088.0,PIEBAV,1920,1088
task_21-01-2021/2021-01-21-12-17-20.jpg,384.0,0.0,1499.328,810.3424,ROUGOR,1920,1088
task_05-01-2021/2021-01-05-16-21-49.jpg,1169.856,578.3808,1675.392,1088.0,SITTOR,1920,1088
task_2021_11_03-04_cescau4/2021-11-04-08-02-31.jpg,1035.072,505.332,1630.848,711.936,SITTOR,1920,1080
task_20211204_Orlu/2021-12-23-16-06-45.jpg,1027.584,490.86,1254.144,717.552,MESCHA,1920,1080
task_19-01-2021/2021-01-19-13-23-26.jpg,623.232,107.9296,1428.096,596.1152,MESCHA,1920,1088
task_2021_11_03-04_cescau4/2021-11-04-06-54-49.jpg,1169.664,381.78,1502.016,693.792,PINARB,1920,1080
task_20210615_Lab/2021-06-15-15-53-00.jpg,567.36,169.452,1250.496,644.112,MESCHA,1920,1080
task_20210227/20210227-145415_(5.0).jpg,729.408,592.1984,1074.816,974.304,MESBLE,1920,1088
task_MOIDOM_ODJ/730.jpeg,186.4088,127.98,302.1955,351.045,MOIDOM,599,450
task_20211204_Orlu/2021-12-23-16-06-59.jpg,486.72,525.852,876.672,766.692,MESNON,1920,1080
task_2021_11_03-04_cescau4/2021-11-03-13-16-52.jpg,1257.216,519.048,1471.104,764.208,MESNON,1920,1080
task_20210615_Lab/2021-06-15-10-44-59.jpg,1330.752,232.416,1793.856,875.664,MESCHA,1920,1080
task_05-01-2021/2021-01-05-16-53-53.jpg,0.0,697.6256,479.04,1076.576,MESNON,1920,1088
task_20210523_UPS/20210523-175328_(21.0).jpg,1.92,358.0608,1460.928,1073.312,PIEBAV,1920,1088
task_2021-03-01_07/20210301-074655_(13.0).jpg,308.736,451.4112,820.224,852.7744,VEREUR,1920,1088
task_05-01-2021/2021-01-05-17-09-47.jpg,573.12,343.264,939.84,802.6176,MESCHA,1920,1088
task_21-01-2021/2021-01-21-14-08-27.jpg,663.936,289.2992,1030.464,773.6768,MESBLE,1920,1088
task_2021_11_03-04_cescau4/2021-11-03-15-24-32.jpg,1034.688,361.8,1503.168,998.352,MESNON,1920,1080
task_18-01-2021/2021-01-18-14-21-33.jpg,686.976,337.4976,1009.152,669.4464,MESBLE,1920,1088
task_21-01-2021/2021-01-21-12-07-17.jpg,389.76,117.6128,941.76,742.7776,MESCHA,1920,1088
task_20210611_Lab/2021-06-11-14-58-09.jpg,282.816,382.536,741.888,680.4,MESBLE,1920,1080
task_2021_11_03-04_cescau4/2021-11-04-06-53-23.jpg,967.296,434.268,1687.296,672.3,PINARB,1920,1080
task_20210616_Lab/2021-06-16-05-38-20.jpg,953.856,240.192,1547.712,595.404,MESCHA,1920,1080
task_20210615_Lab/2021-06-15-10-57-54.jpg,1251.84,258.336,1763.328,430.38,MESCHA,1920,1080
task_20210217/20210217-134723_04(48.0).jpg,273.216,285.876,1023.744,623.916,MESCHA,1920,1080
task_21-01-2021/2021-01-21-12-14-00.jpg,247.104,217.9264,702.336,659.7632,MESBLE,1920,1088
task_2021_11_03-04_cescau4/2021-11-03-10-48-14.jpg,1101.12,456.192,1429.056,687.204,MESNON,1920,1080
task_20210611_Lab/2021-06-11-13-51-53.jpg,925.824,289.548,1641.216,856.872,MESCHA,1920,1080
task_20210612_1_Lab/2021-06-12-06-20-14.jpg,1124.928,582.444,1690.368,1045.548,MESCHA,1920,1080
task_19-01-2021/2021-01-19-11-37-25.jpg,989.952,132.9536,1730.88,590.3488,MESCHA,1920,1088
task_05-01-2021/2021-01-05-17-23-34.jpg,529.536,672.4928,614.784,734.6176,MESCHA,1920,1088
task_2021_11_03-04_cescau4/2021-11-03-13-37-16.jpg,1329.408,522.072,1715.328,835.056,MESNON,1920,1080
task_20210615_Lab/2021-06-15-08-33-22.jpg,953.28,190.728,1325.76,553.5,VEREUR,1920,1080
task_20210413_UPS/20210413-170213_(5.0).jpg,974.976,858.2144,1498.176,1087.456,MESCHA,1920,1088
task_2021_11_03-04_cescau4/2021-11-03-14-41-14.jpg,1243.968,519.696,1526.208,763.02,SITTOR,1920,1080
task_20210217/20210217-140242_01(11.0).jpg,247.68,256.068,744.192,587.844,MESCHA,1920,1080
task_20210227/20210227-170429_(7.0).jpg,1180.992,509.2928,1622.784,850.816,VEREUR,1920,1088
task_2021-03-01_10/20210301-105702_(7.0).jpg,852.864,420.512,1383.552,696.4288,MESCHA,1920,1088
task_05-01-2021/2021-01-05-16-23-00.jpg,642.624,627.0144,1620.864,1086.0416,SITTOR,1920,1088
task_05-01-2021/2021-01-05-17-01-19.jpg,493.248,358.8224,1302.528,752.4608,SITTOR,1920,1088
task_20210228/20210228-145433_(9.0).jpg,538.368,428.2368,1040.064,652.0384,MESCHA,1920,1088
task_20211204_Orlu/2021-12-24-09-17-53.jpg,1142.784,472.176,1351.68,734.832,MESCHA,1920,1080
task_20210616_Lab/2021-06-16-04-44-29.jpg,1242.24,227.016,1678.464,587.844,MESCHA,1920,1080
task_2021_11_03-04_cescau4/2021-11-03-15-02-57.jpg,777.6,410.076,1535.808,761.724,PINARB,1920,1080
task_20211204_Orlu/2021-12-24-08-31-20.jpg,806.976,505.008,1151.04,729.0,MESCHA,1920,1080
task_19-01-2021/2021-01-19-11-40-30.jpg,534.528,109.7792,937.92,584.5824,MESCHA,1920,1088
task_21-01-2021/2021-01-21-12-58-44.jpg,650.304,260.2496,1329.6,1088.0,MESCHA,1920,1088
task_2021_11_03-04_cescau4/2021-11-04-07-35-24.jpg,915.648,411.588,1321.728,697.68,PINARB,1920,1080
task_20210525_UPS/20210525-175735_(12.0).jpg,272.064,242.2976,858.048,890.6368,MESCHA,1920,1088
task_20210227/20210227-142955_(6.0).jpg,912.768,455.2192,1331.52,698.3872,VEREUR,1920,1088
task_2021-03-01_14/20210301-145645_(12.0).jpg,304.896,445.536,833.664,835.3664,MESCHA,1920,1088
task_2021_11_03-04_cescau4/2021-11-03-12-13-26.jpg,1360.512,501.444,1920.0,982.692,SITTOR,1920,1080
task_20210526_UPS/20210526-164643_(25.0).jpg,776.064,498.4128,1918.08,1084.6272,PIEBAV,1920,1088
task_20210611_Lab/2021-06-11-15-31-05.jpg,455.424,261.036,994.176,799.956,MESCHA,1920,1080
task_20210526_UPS/20210526-120954_(11.0).jpg,925.824,638.8736,1331.904,1088.0,MESCHA,1920,1088
task_19-01-2021/2021-01-19-11-38-16.jpg,523.008,146.5536,881.856,598.0736,MESCHA,1920,1088
task_20210616_Lab/2021-06-16-05-38-49.jpg,1089.408,266.004,1619.904,472.176,MESCHA,1920,1080
task_21-01-2021/2021-01-21-13-05-32.jpg,725.568,387.6544,1628.736,899.0144,MESCHA,1920,1088
task_20211204_Orlu/2021-12-23-16-12-54.jpg,737.472,712.152,1121.088,1080.0,MESBLE,1920,1080
task_20211204_Orlu/2021-12-23-14-35-58.jpg,1118.976,471.636,1662.144,807.516,SITTOR,1920,1080
task_18-01-2021/2021-01-18-14-20-16.jpg,947.52,84.7552,1763.712,592.1984,MESBLE,1920,1088
task_19-01-2021/2021-01-19-11-00-16.jpg,225.792,111.7376,710.208,522.784,MESNON,1920,1088
task_19-01-2021/2021-01-19-11-11-02.jpg,3.84,107.9296,850.944,582.624,MESCHA,1920,1088
task_21-01-2021/2021-01-21-13-18-05.jpg,571.2,206.2848,1279.296,758.2272,MESCHA,1920,1088
task_20210217/20210217-143856_01(68.0).jpg,519.936,443.232,1345.92,1080.0,MESCHA,1920,1080
task_20210623_balacet/2021-06-23-09-35-03.jpg,1180.992,358.56,1833.216,916.272,MESCHA,1920,1080
task_20210217/20210217-161053_03(12.0).jpg,260.544,94.5,1088.64,522.936,MESCHA,1920,1080
task_2021_11_03-04_cescau4/2021-11-03-16-17-39.jpg,1245.504,492.372,1621.632,657.828,MESNON,1920,1080
task_21-01-2021/2021-01-21-12-30-16.jpg,849.024,489.9264,1920.0,1082.2336,MESCHA,1920,1088
task_20210228/20210228-150755_(6.0).jpg,663.936,464.9024,1047.744,771.7184,VEREUR,1920,1088
task_05-01-2021/2021-01-05-17-11-35.jpg,239.232,341.4144,561.6,754.3104,MESCHA,1920,1088
task_20210205/20210205-165604_04(19.0).jpg,996.096,492.588,1487.424,997.272,MESCHA,1920,1080
task_2021-03-01_09/20210301-094141_(9.0).jpg,200.64,482.3104,895.488,748.544,MESCHA,1920,1088
task_20210615_Lab/2021-06-15-08-25-44.jpg,391.68,188.784,955.2,567.0,MESCHA,1920,1080
task_20210417_UPS/20210417-092254_(7.0).jpg,50.304,511.2512,690.816,872.032,MESCHA,1920,1088
task_20210612_1_Lab/2021-06-12-06-08-13.jpg,681.216,206.172,1072.896,561.168,MESCHA,1920,1080
task_20210705-07_balacet/2021-07-06-10-47-59.jpg,725.184,411.588,1149.312,665.064,ROUGOR,1920,1080
task_20211204_Orlu/2021-12-23-14-14-58.jpg,726.144,472.932,1228.608,743.796,MESCHA,1920,1080
task_20210227/20210227-165714_(5.0).jpg,943.68,526.592,1335.36,818.0672,MESCHA,1920,1088
task_20210615_Lab/2021-06-15-13-19-19.jpg,771.072,162.0,1424.256,476.928,MESCHA,1920,1080
task_21-01-2021/2021-01-21-14-20-11.jpg,659.904,260.3584,1117.248,686.7456,MESCHA,1920,1088
task_2021_11_03-04_cescau4/2021-11-04-07-56-05.jpg,1276.224,464.184,1750.08,661.176,MESNOI,1920,1080
task_20210611_Lab/2021-06-11-16-35-16.jpg,275.136,143.424,834.816,646.272,MESCHA,1920,1080
task_20210416_UPS/20210416-152840_(10.0).jpg,856.704,713.8368,1177.152,1009.0112,MESCHA,1920,1088
task_2021-03-01_11/20210301-110400_(25.0).jpg,420.672,441.728,1072.896,737.0112,MESCHA,1920,1088
task_2021_11_03-04_cescau4/2021-11-03-13-37-29.jpg,1065.792,386.316,1424.832,675.216,MESCHA,1920,1080
task_20211204_Orlu/2021-12-23-15-40-35.jpg,1031.616,503.064,1318.08,661.284,MESBLE,1920,1080
task_20211204_Orlu/2021-12-24-11-04-17.jpg,333.696,467.532,829.248,1050.192,MESCHA,1920,1080
task_05-01-2021/2021-01-05-16-50-43.jpg,1368.192,584.5824,1918.08,1059.0592,MESBLE,1920,1088
task_2021_11_03-04_cescau4/2021-11-03-15-19-07.jpg,1033.344,560.844,1325.76,794.232,MESNOI,1920,1080
task_MOIDOM_ODJ/234.jpeg,151.65,83.2278,291.915,263.7992,MOIDOM,450,326
task_20211204_Orlu/2021-12-24-09-11-25.jpg,859.584,448.524,1314.432,966.924,SITTOR,1920,1080
task_2021-03-01_14/20210301-142437_(12.0).jpg,194.88,486.1184,833.664,818.0672,MESCHA,1920,1088
task_2021-03-01_08/20210301-085457_(13.0).jpg,389.76,393.5296,970.56,789.0176,VEREUR,1920,1088
task_2021-03-01_15/20210301-154617_(23.0).jpg,748.8,441.728,1238.784,636.5888,MESCHA,1920,1088
task_2021-03-01_17/20210301-173637_(7.0).jpg,895.296,312.4736,1321.92,733.0944,VEREUR,1920,1088
task_2021_11_03-04_cescau4/2021-11-03-11-06-17.jpg,1046.976,501.336,1863.936,804.06,PINARB,1920,1080
task_21-01-2021/2021-01-21-11-57-27.jpg,1285.248,167.7696,1746.432,690.6624,MESNON,1920,1088
task_19-01-2021/2021-01-19-10-38-58.jpg,36.672,111.7376,1017.024,763.9936,MESCHA,1920,1088
task_21-01-2021/2021-01-21-13-56-11.jpg,808.512,275.808,1572.672,740.8192,MESNON,1920,1088
task_20210227/20210227-170348_(13.0).jpg,1138.56,690.6624,1761.792,1088.0,VEREUR,1920,1088
task_06-01-2021/2021-01-06-11-48-33.jpg,1067.136,569.1328,1918.08,1005.2032,MESCHA,1920,1088
task_2021_11_03-04_cescau4/2021-11-04-06-52-52.jpg,1081.728,412.56,1654.656,693.468,PINARB,1920,1080
task_21-01-2021/2021-01-21-14-14-45.jpg,636.864,262.3168,1219.584,750.5024,MESNON,1920,1088
task_20210611_Lab/2021-06-11-15-46-59.jpg,268.032,208.656,783.168,595.62,MESCHA,1920,1080
task_20210612_1_Lab/2021-06-12-06-38-06.jpg,1314.048,642.276,1744.512,1057.104,MESCHA,1920,1080
task_20211204_Orlu/2021-12-24-07-53-15.jpg,847.872,479.52,1278.528,670.248,MESBLE,1920,1080
task_20211204_Orlu/2021-12-23-13-20-01.jpg,366.912,407.376,872.832,701.784,MESCHA,1920,1080
task_20210624_balacet/2021-06-24-11-02-03.jpg,1074.816,348.948,1354.56,738.72,ACCMOU,1920,1080
task_MOIDOM_ODJ/2198.jpeg,191.16,229.2624,324.945,377.2656,MOIDOM,675,432
task_21-01-2021/2021-01-21-14-24-05.jpg,515.328,246.8672,907.008,652.0384,MESCHA,1920,1088
task_20210615_Lab/2021-06-15-13-40-23.jpg,1022.784,188.784,1528.32,480.168,MESCHA,1920,1080
task_2021_11_03-04_cescau4/2021-11-03-12-02-31.jpg,1202.304,461.484,1586.496,684.828,SITTOR,1920,1080
task_21-01-2021/2021-01-21-12-51-35.jpg,268.224,231.4176,922.368,630.8224,MESCHA,1920,1088
task_2021-03-01_12/20210301-123513_(8.0).jpg,555.84,515.0592,885.696,708.0704,VEREUR,1920,1088
task_20210611_Lab/2021-06-11-14-10-36.jpg,294.144,162.432,848.064,572.292,MOIDOM,1920,1080
task_19-01-2021/2021-01-19-11-53-01.jpg,1285.248,196.7104,1808.064,601.8816,MESCHA,1920,1088
task_2021_11_03-04_cescau4/2021-11-04-07-28-07.jpg,1189.056,375.408,1380.096,558.036,MESNON,1920,1080
task_05-01-2021/2021-01-05-16-52-10.jpg,1018.944,341.4144,1563.072,866.1568,MESCHA,1920,1088
task_2021_11_03-04_cescau4/2021-11-04-07-46-55.jpg,1146.624,489.024,1344.576,664.74,MESNON,1920,1080
task_20210612_1_Lab/2021-06-12-04-24-02.jpg,387.84,250.56,978.432,518.724,MESCHA,1920,1080
task_2021_11_03-04_cescau4/2021-11-03-15-11-00.jpg,1215.936,508.032,1604.736,763.668,SITTOR,1920,1080
task_2021-03-01_09/20210301-092235_(19.0).jpg,717.888,412.7872,1920.0,1088.0,TOUTUR,1920,1088
task_2021_11_03-04_cescau4/2021-11-04-08-17-24.jpg,1047.744,486.0,1241.856,691.74,MESNON,1920,1080
task_06-01-2021/2021-01-06-11-58-52.jpg,955.2,127.1872,1916.16,1088.0,MESCHA,1920,1088
task_20210611_Lab/2021-06-11-15-21-52.jpg,884.16,323.676,1497.024,794.232,MESCHA,1920,1080
task_2021_11_03-04_cescau4/2021-11-04-07-16-17.jpg,1088.64,504.684,1285.824,676.188,MESHUP,1920,1080
task_20210525_UPS/20210525-155854_(12.0).jpg,501.696,352.9472,1248.576,1086.2592,PIEBAV,1920,1088
task_20210705-07_balacet/2021-07-06-11-08-04.jpg,906.624,272.268,1229.376,664.632,ROUGOR,1920,1080
task_2021_11_03-04_cescau4/2021-11-03-14-08-25.jpg,1026.24,336.852,1548.096,638.82,MESCHA,1920,1080
task_19-01-2021/2021-01-19-13-01-48.jpg,1259.328,30.2464,1920.0,702.9568,ROUGOR,1920,1088
task_2021-03-01_14/20210301-143044_(9.0).jpg,743.04,407.0208,1103.808,644.3136,VEREUR,1920,1088
task_05-01-2021/2021-01-05-17-27-46.jpg,899.328,374.1632,1281.216,785.2096,ACCMOU,1920,1088
task_20210205/20210205-131555_01(23.0).jpg,542.592,363.528,1090.944,815.076,VEREUR,1920,1080
task_19-01-2021/2021-01-19-10-45-16.jpg,1153.92,248.7168,1837.056,939.5968,MESBLE,1920,1088
task_2021_11_03-04_cescau4/2021-11-03-16-12-37.jpg,1473.6,434.376,1920.0,1039.824,MESHUP,1920,1080
task_20211204_Orlu/2021-12-23-15-47-25.jpg,665.088,488.052,1070.976,731.052,MESCHA,1920,1080
task_20210612_1_Lab/2021-06-12-05-45-42.jpg,552.0,248.616,829.824,505.224,MESCHA,1920,1080
task_19-01-2021/2021-01-19-12-31-15.jpg,1.92,129.1456,883.776,831.4496,MESNON,1920,1088
task_20210615_Lab/2021-06-15-13-25-52.jpg,1021.248,188.244,1495.488,516.348,MESCHA,1920,1080
task_2021-03-01_15/20210301-151708_(27.0).jpg,1109.568,264.1664,1885.248,561.408,MESCHA,1920,1088
task_2021_11_03-04_cescau4/2021-11-03-15-01-00.jpg,1171.776,443.124,1907.52,756.972,PINARB,1920,1080
task_20210227/20210227-120602_(5.0).jpg,1045.824,574.8992,1341.12,941.5552,VEREUR,1920,1088
task_20210419_UPS/20210419-150207_(22.0).jpg,908.736,963.2064,1855.488,1086.5856,PIEBAV,1920,1088
task_21-01-2021/2021-01-21-12-45-15.jpg,133.248,181.2608,609.792,684.896,MESCHA,1920,1088
task_20210615_Lab/2021-06-15-15-49-01.jpg,1254.336,289.116,1806.144,734.832,MESCHA,1920,1080
task_20210227/20210227-144000_(5.0).jpg,949.44,544.0,1370.112,835.3664,VEREUR,1920,1088
task_19-01-2021/2021-01-19-11-53-03.jpg,1198.272,175.4944,1765.632,603.84,MESCHA,1920,1088
task_18-01-2021/2021-01-18-13-27-59.jpg,1036.224,478.3936,1499.328,1030.2272,MESNON,1920,1088
task_05-01-2021/2021-01-05-17-05-59.jpg,676.992,665.9648,1887.552,1088.0,MESNON,1920,1088
task_2021-03-01_16/20210301-165801_(6.0).jpg,766.08,399.296,982.272,688.704,VEREUR,1920,1088
task_20210205/20210205-152032_03(15.0).jpg,214.464,483.084,999.936,1056.024,MESCHA,1920,1080
task_21-01-2021/2021-01-21-12-03-46.jpg,627.264,210.2016,1003.392,823.8336,MESCHA,1920,1088
task_2021-03-01_10/20210301-100144_(5.0).jpg,661.824,364.5888,953.28,941.5552,VEREUR,1920,1088
task_18-01-2021/2021-01-18-13-53-51.jpg,61.824,437.92,874.176,951.2384,MESNON,1920,1088
task_19-01-2021/2021-01-19-12-38-55.jpg,924.288,28.832,1231.104,466.752,MESCHA,1920,1088
task_20210612_1_Lab/2021-06-12-05-47-18.jpg,629.952,351.972,935.616,738.288,MESCHA,1920,1080
task_18-01-2021/2021-01-18-13-30-44.jpg,82.944,237.184,623.232,752.4608,ROUGOR,1920,1088
task_2021-03-01_11/20210301-110336_(12.0).jpg,679.296,457.1776,1165.632,623.0976,MESCHA,1920,1088
task_20210615_Lab/2021-06-15-15-49-51.jpg,1178.304,313.092,1654.08,695.088,MESCHA,1920,1080
task_20210615_Lab/2021-06-15-10-50-13.jpg,799.872,596.16,1630.656,1080.0,MESCHA,1920,1080
task_20210417_UPS/20210417-144722_(5.0).jpg,445.824,586.432,837.504,1018.6944,MESCHA,1920,1088
task_20210611_Lab/2021-06-11-16-46-30.jpg,1113.792,208.008,1805.568,557.064,MESCHA,1920,1080
task_2021_11_03-04_cescau4/2021-11-03-12-05-16.jpg,865.344,392.58,1437.696,732.888,SITTOR,1920,1080
task_20210611_Lab/2021-06-11-14-31-42.jpg,569.28,238.356,1049.28,839.7,MESCHA,1920,1080
task_21-01-2021/2021-01-21-13-06-54.jpg,1032.384,410.8288,1470.336,953.088,MESBLE,1920,1088
task_06-01-2021/2021-01-06-11-14-58.jpg,586.56,777.4848,1153.92,1088.0,SITTOR,1920,1088
task_20210418_UPS/20210418-144417_(9.0).jpg,684.864,589.4784,1026.432,921.536,MESCHA,1920,1088
task_05-01-2021/2021-01-05-16-40-17.jpg,872.256,460.9856,1920.0,1059.168,SITTOR,1920,1088
task_20210624_balacet/2021-06-24-10-23-45.jpg,659.904,327.672,1231.104,640.332,ACCMOU,1920,1080
task_20210616_Lab/2021-06-16-09-10-57.jpg,980.736,348.948,1717.44,1076.004,MESCHA,1920,1080
task_20210217/20210217-154028_01(16.0).jpg,668.736,192.348,1316.16,566.568,VEREUR,1920,1080
task_18-01-2021/2021-01-18-14-36-34.jpg,878.016,380.0384,1439.616,845.0496,MESBLE,1920,1088
task_20210624_balacet/2021-06-24-14-08-19.jpg,1260.096,325.728,1728.96,705.888,ACCMOU,1920,1080
task_20210217/20210217-160604_08(12.0).jpg,543.36,340.092,1022.784,845.1,MESCHA,1920,1080
task_20210612_1_Lab/2021-06-12-05-36-01.jpg,1070.976,161.784,1395.264,524.556,MESCHA,1920,1080
task_2021_11_03-04_cescau4/2021-11-03-13-32-44.jpg,1305.6,316.764,1803.264,853.848,MESCHA,1920,1080
task_18-01-2021/2021-01-18-13-17-11.jpg,1192.512,615.3728,1833.216,1088.0,MESBLE,1920,1088
task_20210705-07_balacet/2021-07-06-10-48-15.jpg,818.688,352.512,1447.104,618.3,ROUGOR,1920,1080
task_20210616_Lab/2021-06-16-09-19-22.jpg,1315.968,194.076,1645.632,591.192,MESCHA,1920,1080
task_20210616_Lab/2021-06-16-06-57-31.jpg,1176.192,291.924,1793.472,539.46,MESCHA,1920,1080
task_20210612_1_Lab/2021-06-12-06-08-24.jpg,1136.64,555.336,1646.016,1080.0,MESCHA,1920,1080
task_20210417_UPS/20210417-142914_(5.0).jpg,1105.728,609.6064,1362.432,850.816,MESCHA,1920,1088
task_20211204_Orlu/2021-12-23-14-11-37.jpg,511.68,515.7,1245.696,842.184,MESCHA,1920,1080
task_2021-03-01_14/20210301-143529_(12.0).jpg,1017.024,478.3936,1169.472,615.3728,MESCHA,1920,1088
task_20210611_Lab/2021-06-11-15-13-36.jpg,307.392,113.076,679.296,621.54,MESCHA,1920,1080
task_20210205/20210205-114747_01(13.0).jpg,432.576,428.004,939.072,976.32,VEREUR,1920,1080
task_20210623_balacet/2021-06-23-12-57-38.jpg,480.576,383.616,1271.616,756.108,MESCHA,1920,1080
task_19-01-2021/2021-01-19-10-53-49.jpg,966.72,92.48,1742.592,603.84,MESCHA,1920,1088
task_2021_11_03-04_cescau4/2021-11-03-11-41-06.jpg,527.232,552.096,1016.064,838.944,MESNON,1920,1080
task_2021-03-01_14/20210301-145810_(9.0).jpg,380.16,192.7936,515.328,358.7136,MESCHA,1920,1088
task_2021_11_03-04_cescau4/2021-11-03-15-09-10.jpg,967.296,469.152,1543.296,655.128,MESCHA,1920,1080
task_20210616_Lab/2021-06-16-09-15-06.jpg,1360.512,226.8,1903.872,899.1,MESCHA,1920,1080
task_05-01-2021/2021-01-05-16-18-52.jpg,1206.144,586.432,1920.0,1086.1504,MESCHA,1920,1088
task_20210623_balacet/2021-06-23-15-55-12.jpg,1192.512,335.448,1785.024,823.608,MESCHA,1920,1080
task_2021_11_03-04_cescau4/2021-11-03-13-15-06.jpg,716.928,485.676,1136.064,708.912,MESNON,1920,1080
task_19-01-2021/2021-01-19-10-41-52.jpg,692.736,279.616,1470.336,746.5856,MESCHA,1920,1088
task_2021-03-01_08/20210301-085400_(13.0).jpg,710.208,360.672,1107.648,821.8752,VEREUR,1920,1088
task_05-01-2021/2021-01-05-16-34-06.jpg,550.464,114.1312,697.728,303.2256,MESCHA,1920,1088
task_20210417_UPS/20210417-113412_(6.0).jpg,1179.072,617.3312,1570.752,980.0704,MESCHA,1920,1088
task_20210705-07_balacet/2021-07-07-06-48-25.jpg,802.368,318.276,1225.344,836.568,ACCMOU,1920,1080
task_20210217/20210217-143006_06(24.0).jpg,341.184,242.352,1022.784,637.74,VEREUR,1920,1080
task_20210228/20210228-162913_(9.0).jpg,1140.48,742.7776,1626.816,1084.3008,MESCHA,1920,1088
task_18-01-2021/2021-01-18-13-35-43.jpg,912.768,304.7488,1445.376,818.0672,MESNON,1920,1088
task_2021-03-01_13/20210301-135051_(7.0).jpg,536.448,464.9024,858.624,802.6176,VEREUR,1920,1088
task_20210217/20210217-131257_06(14.0).jpg,856.896,442.152,1627.584,1080.0,MESCHA,1920,1080
task_21-01-2021/2021-01-21-13-13-37.jpg,1047.744,418.5536,1576.512,848.8576,MESCHA,1920,1088
task_20210228/20210228-152432_(8.0).jpg,293.376,381.888,891.456,974.304,VEREUR,1920,1088
task_2021-03-01_07/20210301-075029_(14.0).jpg,1136.64,495.8016,1628.736,1055.36,VEREUR,1920,1088
task_20211204_Orlu/2021-12-24-11-05-14.jpg,870.144,481.248,1242.24,752.22,MESCHA,1920,1080
task_20210611_Lab/2021-06-11-13-58-36.jpg,652.608,240.192,903.168,769.5,MESCHA,1920,1080
task_20210525_UPS/20210525-100543_(13.0).jpg,754.56,434.0032,1265.856,989.7536,MESCHA,1920,1088
task_06-01-2021/2021-01-06-10-50-25.jpg,1138.56,653.9968,1634.496,964.6208,MESCHA,1920,1088
task_20211204_Orlu/2021-12-24-09-22-17.jpg,1520.64,791.748,1796.544,1080.0,MESBLE,1920,1080
task_20210616_Lab/2021-06-16-18-14-19.jpg,1443.072,278.532,1813.248,814.86,MESCHA,1920,1080
task_2021_11_03-04_cescau4/2021-11-03-16-13-00.jpg,768.768,468.936,1212.096,688.824,MESNON,1920,1080
task_2021_11_03-04_cescau4/2021-11-04-06-50-15.jpg,1110.912,556.2,1186.944,677.916,MESNON,1920,1080
task_21-01-2021/2021-01-21-12-52-45.jpg,702.336,347.1808,1638.336,810.3424,MESCHA,1920,1088
task_20210228/20210228-142203_(5.0).jpg,901.248,414.7456,1557.312,711.8784,MESCHA,1920,1088
task_20210612_1_Lab/2021-06-12-06-19-27.jpg,1269.696,808.164,1630.656,1078.38,MESCHA,1920,1080
task_20210526_UPS/20210526-070636_(19.0).jpg,565.44,680.544,1770.24,1088.0,PIEBAV,1920,1088
task_2021_11_03-04_cescau4/2021-11-03-15-23-55.jpg,1088.256,421.74,1306.56,705.888,MESNON,1920,1080
task_20210615_Lab/2021-06-15-13-50-18.jpg,1356.672,206.172,1754.112,485.892,MESCHA,1920,1080
task_2021-03-01_14/20210301-143520_(14.0).jpg,578.88,418.5536,1090.368,628.864,MESCHA,1920,1088
task_20210205/20210205-164501_04(12.0).jpg,167.04,348.408,612.864,997.272,PINARB,1920,1080
task_20210616_Lab/2021-06-16-09-07-36.jpg,1345.92,286.956,1484.736,492.48,MESCHA,1920,1080
task_20210217/20210217-174009_01(14.0).jpg,1066.368,750.6,1887.744,1076.868,MESCHA,1920,1080
task_20210526_UPS/20210526-085421_(18.0).jpg,643.2,405.4976,1231.296,1088.0,PIEBAV,1920,1088
task_2021-03-01_13/20210301-134718_(10.0).jpg,796.992,387.6544,1321.92,713.8368,VEREUR,1920,1088
task_20211204_Orlu/2021-12-23-13-16-15.jpg,1028.352,828.9,1577.856,1073.628,MESNON,1920,1080
task_20210523_UPS/20210523-174338_(11.0).jpg,637.44,405.4976,1146.048,1084.6272,PIEBAV,1920,1088
task_2021-03-01_09/20210301-091150_(8.0).jpg,941.76,327.9232,1385.472,679.1296,VEREUR,1920,1088
task_2021_11_03-04_cescau4/2021-11-04-08-15-33.jpg,1227.84,490.212,1581.888,673.488,SITTOR,1920,1080
task_20210612_1_Lab/2021-06-12-06-12-01.jpg,643.584,0.0,1887.168,1080.0,MESCHA,1920,1080
task_19-01-2021/2021-01-19-11-40-21.jpg,633.024,42.3232,1038.144,534.3168,MESCHA,1920,1088
task_20210616_Lab/2021-06-16-09-21-07.jpg,1281.792,261.9,1780.032,523.584,MESCHA,1920,1080
task_20210611_Lab/2021-06-11-17-20-11.jpg,905.856,158.652,1193.856,749.52,MESCHA,1920,1080
task_06-01-2021/2021-01-06-11-45-49.jpg,1204.224,638.5472,1472.448,949.28,PINARB,1920,1088
task_2021_11_03-04_cescau4/2021-11-03-15-45-57.jpg,1236.864,498.42,1599.168,652.212,MESNON,1920,1080
task_2021-03-01_16/20210301-165238_(15.0).jpg,692.736,418.5536,1240.704,673.2544,MESCHA,1920,1088
task_18-01-2021/2021-01-18-13-22-25.jpg,1119.168,378.08,1570.752,819.9168,MESNON,1920,1088
task_2021_11_03-04_cescau4/2021-11-04-07-57-43.jpg,1456.32,486.54,1713.792,757.404,MESCHA,1920,1080
task_20210615_Lab/2021-06-15-13-45-25.jpg,607.872,188.784,1211.904,729.108,MESCHA,1920,1080
task_MOIDOM_ODJ/1365.jpeg,137.2275,150.3,206.01,242.28,MOIDOM,675,450
task_2021_11_03-04_cescau4/2021-11-03-16-04-07.jpg,1242.048,504.576,1589.184,661.5,MESHUP,1920,1080
task_06-01-2021/2021-01-06-11-09-48.jpg,546.048,584.5824,1694.208,1088.0,SITTOR,1920,1088
task_19-01-2021/2021-01-19-13-24-04.jpg,808.512,98.2464,1466.688,518.8672,MESCHA,1920,1088
task_2021-03-01_15/20210301-150206_(12.0).jpg,356.928,416.704,837.504,767.8016,MESCHA,1920,1088
task_21-01-2021/2021-01-21-13-54-39.jpg,345.408,233.376,754.56,621.1392,MESBLE,1920,1088
task_20210611_Lab/2021-06-11-14-23-41.jpg,278.976,257.256,739.968,731.592,MESCHA,1920,1080
task_20210217/20210217-174320_07(13.0).jpg,700.032,1.188,1912.32,1080.0,TOUTUR,1920,1080
task_20210523_UPS/20210523-173444_(22.0).jpg,3.072,384.8256,988.8,1086.2592,PIEBAV,1920,1088
task_20210228/20210228-144339_(5.0).jpg,646.464,366.4384,1262.016,679.1296,PINARB,1920,1088
task_20210416_UPS/20210416-181933_(6.0).jpg,796.992,715.7952,1140.48,1047.6352,MESCHA,1920,1088
task_20210616_Lab/2021-06-16-18-04-17.jpg,1225.92,294.192,1831.488,545.4,MESCHA,1920,1080
task_20210705-07_balacet/2021-07-07-07-08-35.jpg,444.288,362.124,926.784,694.548,SITTOR,1920,1080
task_20210418_UPS/20210418-110651_(5.0).jpg,525.504,674.8864,1068.096,931.0016,MESCHA,1920,1088
task_2021_11_03-04_cescau4/2021-11-03-16-23-12.jpg,990.144,420.876,1291.584,664.632,MESNON,1920,1080
task_2021_11_03-04_cescau4/2021-11-04-06-56-26.jpg,712.128,513.0,1037.952,779.652,MESNON,1920,1080
task_20210612_1_Lab/2021-06-12-04-43-21.jpg,1076.736,229.284,1474.368,663.444,MESCHA,1920,1080
task_19-01-2021/2021-01-19-11-27-26.jpg,1244.736,266.1248,1717.44,677.1712,MESNON,1920,1088
task_20210417_UPS/20210417-135104_(5.0).jpg,428.352,585.888,845.184,1035.1232,MESCHA,1920,1088
task_06-01-2021/2021-01-06-11-50-27.jpg,428.352,586.432,1171.392,1088.0,ACCMOU,1920,1088
task_2021-03-01_09/20210301-090204_(13.0).jpg,459.264,434.0032,899.328,748.544,VEREUR,1920,1088
task_20210705-07_balacet/2021-07-06-13-47-28.jpg,1000.512,405.216,1663.872,696.816,ACCMOU,1920,1080
task_2021_11_03-04_cescau4/2021-11-04-07-29-42.jpg,1232.256,447.228,1596.096,730.188,SITTOR,1920,1080
task_20210417_UPS/20210417-144744_(8.0).jpg,991.872,601.8816,1437.696,812.192,MESCHA,1920,1088
task_20210615_Lab/2021-06-15-15-47-09.jpg,1416.384,244.728,1835.136,651.888,MESCHA,1920,1080
task_2021_11_03-04_cescau4/2021-11-04-08-36-31.jpg,1333.248,547.236,1555.392,766.8,MESNON,1920,1080
task_20210523_UPS/20210523-185405_(47.0).jpg,387.072,147.424,1790.976,1084.6272,PIEBAV,1920,1088
task_21-01-2021/2021-01-21-12-17-55.jpg,611.712,198.56,1281.408,653.9968,MESBLE,1920,1088
task_20210705-07_balacet/2021-07-07-07-31-10.jpg,1183.872,417.744,1552.896,824.148,SITTOR,1920,1080
task_05-01-2021/2021-01-05-16-55-55.jpg,121.536,391.5712,565.44,794.8928,MESCHA,1920,1088
task_20210417_UPS/20210417-134613_(6.0).jpg,883.776,623.0976,1381.632,818.0672,MESCHA,1920,1088
task_21-01-2021/2021-01-21-13-54-42.jpg,5.76,154.1696,515.328,677.1712,MESCHA,1920,1088
task_2021-03-01_11/20210301-115946_(7.0).jpg,405.312,462.944,756.48,883.5648,MESCHA,1920,1088
task_21-01-2021/2021-01-21-14-15-25.jpg,482.496,283.5328,945.6,601.8816,MESCHA,1920,1088
task_2021_11_03-04_cescau4/2021-11-03-16-23-27.jpg,1319.616,309.312,1836.672,628.992,MESCHA,1920,1080
task_05-01-2021/2021-01-05-17-11-11.jpg,1363.008,448.6912,1920.0,926.1056,MESCHA,1920,1088
task_2021_11_03-04_cescau4/2021-11-04-08-16-23.jpg,1069.824,484.272,1552.128,670.032,MESCHA,1920,1080
task_20210616_Lab/2021-06-16-09-14-25.jpg,1544.448,377.244,1818.816,1063.584,MESCHA,1920,1080
task_20210705-07_balacet/2021-07-06-10-44-14.jpg,895.68,190.296,1401.6,685.8,ROUGOR,1920,1080
task_20210612_1_Lab/2021-06-12-06-53-07.jpg,909.12,291.384,1138.368,515.916,MESCHA,1920,1080
task_2021-03-01_13/20210301-135128_(16.0).jpg,1040.064,457.1776,1298.688,756.2688,VEREUR,1920,1088
task_20210227/20210227-133816_(12.0).jpg,192.96,167.7696,800.832,578.7072,MESCHA,1920,1088
task_2021_11_03-04_cescau4/2021-11-03-13-10-28.jpg,877.056,509.652,1391.232,864.108,MESNON,1920,1080
task_20210526_UPS/20210526-150036_(32.0).jpg,840.576,432.0448,1918.08,1088.0,PIEBAV,1920,1088
task_20210705-07_balacet/2021-07-07-08-26-14.jpg,1268.544,326.376,1522.752,716.364,ROUGOR,1920,1080
task_20210616_Lab/2021-06-16-09-15-17.jpg,1194.624,309.204,1822.656,633.528,MESCHA,1920,1080
task_21-01-2021/2021-01-21-13-25-44.jpg,393.6,229.4592,970.56,719.6032,MESCHA,1920,1088
task_20210612_1_Lab/2021-06-12-06-08-42.jpg,677.76,337.608,964.608,785.16,MESCHA,1920,1080
task_21-01-2021/2021-01-21-13-23-45.jpg,495.936,150.3616,982.272,885.5232,MESBLE,1920,1088
task_18-01-2021/2021-01-18-13-47-15.jpg,494.016,488.0768,878.016,937.6384,MESBLE,1920,1088
task_19-01-2021/2021-01-19-12-08-50.jpg,777.6,22.9568,1427.904,395.3792,MESCHA,1920,1088
task_2021_11_03-04_cescau4/2021-11-04-08-19-58.jpg,663.36,567.432,934.08,840.672,PINARB,1920,1080
task_20210616_Lab/2021-06-16-09-08-34.jpg,343.872,67.392,1493.952,1076.004,MESCHA,1920,1080
task_20210612_1_Lab/2021-06-12-06-34-18.jpg,633.024,379.836,1397.184,819.72,MESCHA,1920,1080
task_20210615_Lab/2021-06-15-13-50-31.jpg,434.304,204.228,1015.104,642.276,MESCHA,1920,1080
task_2021_11_03-04_cescau4/2021-11-04-06-34-23.jpg,997.248,830.412,1378.752,1080.0,PINARB,1920,1080
task_20210227/20210227-120546_(7.0).jpg,438.144,221.7344,835.584,603.84,MESCHA,1920,1088
task_20210416_UPS/20210416-111804_(8.0).jpg,1048.512,726.24,1293.888,1088.0,MESCHA,1920,1088
task_20210228/20210228-130028_(5.0).jpg,945.6,393.5296,1308.288,607.648,MESCHA,1920,1088
task_20210417_UPS/20210417-141315_(36.0).jpg,814.272,617.3312,1184.832,798.7008,MESCHA,1920,1088
task_20210612_1_Lab/2021-06-12-05-09-31.jpg,317.184,125.064,1493.568,1080.0,MESCHA,1920,1080
task_19-01-2021/2021-01-19-10-45-03.jpg,962.88,229.4592,1584.192,816.1088,MESCHA,1920,1088
task_2021_11_03-04_cescau4/2021-11-04-06-43-00.jpg,845.76,505.008,1289.088,697.68,MESNOI,1920,1080
task_20210612_1_Lab/2021-06-12-06-28-32.jpg,291.456,265.896,758.4,622.944,MESCHA,1920,1080
task_20211204_Orlu/2021-12-24-09-56-34.jpg,657.216,466.668,1154.88,732.132,MESCHA,1920,1080
task_20211204_Orlu/2021-12-23-15-53-48.jpg,739.584,467.532,1193.664,714.312,MESCHA,1920,1080
task_18-01-2021/2021-01-18-13-26-57.jpg,1503.168,484.16,1914.24,993.5616,MESNON,1920,1088
task_20210705-07_balacet/2021-07-05-11-03-55.jpg,323.52,391.716,823.488,667.44,MESNON,1920,1080
task_20210624_balacet/2021-06-24-14-17-36.jpg,835.584,254.34,1142.4,638.388,MESCHA,1920,1080
task_20211204_Orlu/2021-12-24-10-51-40.jpg,1408.896,465.588,1725.504,1015.632,MESCHA,1920,1080
task_20210623_balacet/2021-06-23-09-49-30.jpg,1022.4,299.484,1258.56,602.748,ACCMOU,1920,1080
task_06-01-2021/2021-01-06-10-54-52.jpg,1086.336,634.7392,1682.688,1072.768,MESCHA,1920,1088
task_20210217/20210217-170554_07(12.0).jpg,263.808,225.072,923.904,566.568,MESCHA,1920,1080
task_20210228/20210228-154754_(13.0).jpg,771.84,650.1888,1605.504,1088.0,MESCHA,1920,1088
task_20210611_Lab/2021-06-11-14-47-02.jpg,654.528,363.528,973.248,767.664,MESCHA,1920,1080
task_20210205/20210205-152715_06(39.0).jpg,5.76,223.128,1003.584,1029.456,MESCHA,1920,1080
task_05-01-2021/2021-01-05-17-14-02.jpg,1064.256,555.5328,1217.088,689.9008,MESCHA,1920,1088
task_06-01-2021/2021-01-06-11-31-35.jpg,1273.536,611.5648,1792.704,1036.1024,SITTOR,1920,1088
task_2021_11_03-04_cescau4/2021-11-04-06-47-24.jpg,976.896,488.592,1381.824,687.744,MESNON,1920,1080
task_20210217/20210217-132114_05(35.0).jpg,0.0,0.0,799.488,312.444,VEREUR,1920,1080
task_20210611_Lab/2021-06-11-16-01-28.jpg,1094.784,335.124,1614.528,927.072,MESCHA,1920,1080
task_2021_11_03-04_cescau4/2021-11-03-16-28-38.jpg,933.696,682.236,1322.88,1080.0,MESNON,1920,1080
task_2021-03-01_08/20210301-081641_(6.0).jpg,316.416,488.0768,721.728,1086.1504,MESCHA,1920,1088
task_2021-03-01_16/20210301-160701_(8.0).jpg,341.568,453.2608,746.88,1010.9696,MESCHA,1920,1088
task_2021-03-01_09/20210301-094130_(6.0).jpg,380.16,547.9168,712.128,1088.0,MESCHA,1920,1088
task_21-01-2021/2021-01-21-12-52-26.jpg,918.528,212.16,1524.48,821.8752,MESCHA,1920,1088
task_2021_11_03-04_cescau4/2021-11-03-11-58-01.jpg,1073.664,454.788,1485.12,668.52,MESNOI,1920,1080
task_20210616_Lab/2021-06-16-09-12-10.jpg,1032.192,314.064,1432.896,664.416,MESCHA,1920,1080
task_2021_11_03-04_cescau4/2021-11-03-13-32-22.jpg,1538.496,650.592,1920.0,1079.784,MESNON,1920,1080
task_20210624_balacet/2021-06-24-07-11-29.jpg,1128.96,370.116,1898.88,831.384,MESCHA,1920,1080
task_20210615_Lab/2021-06-15-11-03-26.jpg,1353.216,250.344,1602.24,440.424,MESCHA,1920,1080
task_20211204_Orlu/2021-12-23-13-16-53.jpg,638.4,436.752,1330.752,708.372,MESCHA,1920,1080
task_2021-03-01_08/20210301-085931_(5.0).jpg,735.168,509.2928,936.0,709.92,VEREUR,1920,1088
task_20210705-07_balacet/2021-07-06-11-34-50.jpg,175.68,321.084,830.784,780.732,MESBLE,1920,1080
task_2021_11_03-04_cescau4/2021-11-03-11-42-34.jpg,1037.376,436.536,1620.48,766.692,SITTOR,1920,1080
task_20210418_UPS/20210418-134601_(5.0).jpg,498.816,669.5552,1073.664,895.3152,MESCHA,1920,1088
task_20210616_Lab/2021-06-16-06-48-49.jpg,1281.792,222.804,1559.232,510.192,MESCHA,1920,1080
task_2021_11_03-04_cescau4/2021-11-04-07-03-58.jpg,1241.088,499.5,1687.68,665.496,MESNON,1920,1080
task_20210616_Lab/2021-06-16-04-40-15.jpg,1536.768,325.728,1793.28,1049.544,MESCHA,1920,1080
task_2021_11_03-04_cescau4/2021-11-03-14-49-55.jpg,1474.368,524.232,1738.176,733.968,MESNON,1920,1080
task_20210228/20210228-121338_(11.0).jpg,760.32,459.136,1454.976,1055.36,VEREUR,1920,1088
task_20210526_UPS/20210526-150108_(21.0).jpg,888.0,392.224,1770.24,1088.0,PIEBAV,1920,1088
task_2021_11_03-04_cescau4/2021-11-03-11-00-04.jpg,795.648,427.356,1234.944,689.472,MESBLE,1920,1080
task_20210217/20210217-134934_03(13.0).jpg,201.984,116.856,861.12,707.94,MESCHA,1920,1080
task_20210624_balacet/2021-06-24-11-03-29.jpg,1281.408,476.28,1920.0,1080.0,MESCHA,1920,1080
task_20210417_UPS/20210417-125544_(18.0).jpg,1011.264,594.1568,1399.104,812.192,MESCHA,1920,1088
task_20211204_Orlu/2021-12-24-09-51-17.jpg,743.232,470.664,1268.16,699.624,MESCHA,1920,1080
task_19-01-2021/2021-01-19-10-35-13.jpg,15.552,144.5952,1123.008,775.5264,MESCHA,1920,1088
task_05-01-2021/2021-01-05-16-26-11.jpg,1464.576,511.2512,1920.0,1088.0,MESCHA,1920,1088
task_2021-03-01_12/20210301-123522_(5.0).jpg,667.776,434.0032,928.128,729.2864,VEREUR,1920,1088
task_20210612_1_Lab/2021-06-12-06-27-39.jpg,1211.328,526.392,1653.504,1080.0,MESCHA,1920,1080
task_20210417_UPS/20210417-121036_(8.0).jpg,1078.656,605.7984,1265.856,926.1056,MESCHA,1920,1088
task_20210227/20210227-114505_(5.0).jpg,1184.832,495.8016,1364.352,904.8896,VEREUR,1920,1088
task_06-01-2021/2021-01-06-11-49-14.jpg,258.624,574.8992,657.984,864.3072,MESCHA,1920,1088
task_06-01-2021/2021-01-06-11-41-01.jpg,1013.184,432.0448,1296.768,640.5056,MESNON,1920,1088
task_2021-03-01_16/20210301-165829_(24.0).jpg,993.792,486.1184,1364.352,723.4112,VEREUR,1920,1088
task_2021_11_03-04_cescau4/2021-11-03-11-20-10.jpg,1116.096,421.416,1528.704,664.416,MESNON,1920,1080
task_20210228/20210228-132403_(11.0).jpg,1184.832,588.3904,1920.0,1088.0,MESCHA,1920,1088
task_2021-03-01_09/20210301-091052_(10.0).jpg,692.736,393.5296,1234.944,667.488,VEREUR,1920,1088
task_20210417_UPS/20210417-111630_(5.0).jpg,796.992,665.6384,1331.52,854.7328,MESCHA,1920,1088
task_21-01-2021/2021-01-21-12-06-03.jpg,1007.232,175.4944,1636.416,750.5024,MESNON,1920,1088
task_20210615_Lab/2021-06-15-13-47-42.jpg,1372.032,310.284,1732.8,698.22,MESCHA,1920,1080
task_MOIDOM_ODJ/1485.jpeg,307.665,106.2,625.2525,355.455,MOIDOM,675,450
task_20210612_1_Lab/2021-06-12-04-49-07.jpg,984.192,252.396,1624.704,528.336,MESCHA,1920,1080
task_20210705-07_balacet/2021-07-07-06-48-37.jpg,993.216,313.956,1293.888,757.728,ACCMOU,1920,1080
task_20211204_Orlu/2021-12-24-08-27-28.jpg,992.064,1.404,1920.0,1080.0,MESCHA,1920,1080
task_2021-03-01_13/20210301-134632_(22.0).jpg,659.904,422.4704,1171.392,758.2272,VEREUR,1920,1088
task_20211204_Orlu/2021-12-24-10-14-18.jpg,288.576,574.884,827.136,1003.968,MESCHA,1920,1080
task_2021_11_03-04_cescau4/2021-11-03-16-18-09.jpg,971.52,422.388,1381.632,713.448,PINARB,1920,1080
task_20210616_Lab/2021-06-16-04-39-22.jpg,981.312,282.744,1267.008,1080.0,MESCHA,1920,1080
task_20210623_balacet/2021-06-23-11-54-27.jpg,636.864,316.116,1321.92,628.668,MESCHA,1920,1080
task_20210615_Lab/2021-06-15-09-26-52.jpg,1111.488,279.396,1761.792,599.724,MESCHA,1920,1080
task_2021-03-01_13/20210301-132338_(8.0).jpg,964.8,488.0768,1233.024,787.168,MESCHA,1920,1088
task_19-01-2021/2021-01-19-13-36-32.jpg,602.112,61.5808,1267.776,497.6512,ROUGOR,1920,1088
task_21-01-2021/2021-01-21-11-59-33.jpg,501.696,225.6512,1098.048,627.0144,MESCHA,1920,1088
task_19-01-2021/2021-01-19-11-19-56.jpg,596.352,185.0688,1246.656,545.9584,MESNON,1920,1088
task_2021-03-01_07/20210301-074042_(8.0).jpg,453.504,451.4112,740.928,939.5968,MESCHA,1920,1088
task_2021-03-01_11/20210301-110331_(13.0).jpg,714.048,569.1328,1638.336,1074.6176,MESCHA,1920,1088
task_2021_11_03-04_cescau4/2021-11-03-16-19-12.jpg,626.688,454.896,1165.44,975.672,MESCHA,1920,1080
task_20210526_UPS/20210526-085242_(44.0).jpg,848.064,158.848,1916.16,1086.5856,PIEBAV,1920,1088
task_05-01-2021/2021-01-05-17-10-53.jpg,542.208,424.4288,907.008,812.192,MESCHA,1920,1088
task_2021_11_03-04_cescau4/2021-11-03-15-34-41.jpg,1313.664,477.9,1617.984,661.608,MESNON,1920,1080
task_2021_11_03-04_cescau4/2021-11-03-14-10-01.jpg,1260.672,344.304,1920.0,1076.328,MESCHA,1920,1080
task_20211204_Orlu/2021-12-24-09-22-50.jpg,780.672,514.08,1088.832,953.208,MESCHA,1920,1080
task_20210616_Lab/2021-06-16-18-13-11.jpg,1103.808,247.644,1451.328,618.408,MESCHA,1920,1080
task_20210616_Lab/2021-06-16-04-45-09.jpg,1044.864,215.46,1522.944,497.556,MESCHA,1920,1080
task_2021-03-01_14/20210301-142351_(10.0).jpg,991.872,434.0032,1184.832,665.5296,MESBLE,1920,1088
task_2021-03-01_07/20210301-075402_(8.0).jpg,162.048,445.536,810.432,955.0464,MESCHA,1920,1088
task_20210612_1_Lab/2021-06-12-05-46-30.jpg,717.888,200.34,924.288,480.168,MESCHA,1920,1080
task_20210523_UPS/20210523-174056_(11.0).jpg,451.584,420.6208,1271.232,1084.6272,PIEBAV,1920,1088
task_20210526_UPS/20210526-181438_(33.0).jpg,275.136,3.264,1916.16,1010.6432,PIEBAV,1920,1088
task_19-01-2021/2021-01-19-11-20-32.jpg,710.208,102.1632,1381.632,507.3344,MESNON,1920,1088
task_20210612_1_Lab/2021-06-12-06-30-17.jpg,501.696,223.452,1109.568,530.28,MESCHA,1920,1080
task_21-01-2021/2021-01-21-13-53-39.jpg,1018.944,368.3968,1501.248,856.5824,MESCHA,1920,1088
task_19-01-2021/2021-01-19-11-37-59.jpg,777.6,187.0272,1167.552,794.8928,MESCHA,1920,1088
task_20210615_Lab/2021-06-15-15-58-28.jpg,943.68,265.896,1265.856,779.22,MESBLE,1920,1080
task_2021_11_03-04_cescau4/2021-11-03-12-05-41.jpg,805.632,498.636,1123.2,698.112,MESNON,1920,1080
task_20210705-07_balacet/2021-07-06-13-40-18.jpg,588.864,478.548,838.08,1038.312,MESNON,1920,1080
task_2021-03-01_16/20210301-161345_(12.0).jpg,733.248,412.7872,1017.024,750.5024,MESCHA,1920,1088
task_20211204_Orlu/2021-12-23-15-51-41.jpg,883.2,461.268,1316.544,691.416,MESCHA,1920,1080
task_20210616_Lab/2021-06-16-09-23-13.jpg,1554.816,984.852,1816.512,1077.408,MESCHA,1920,1080
task_21-01-2021/2021-01-21-13-19-52.jpg,1047.744,347.1808,1669.248,816.1088,MESCHA,1920,1088
task_20210624_balacet/2021-06-24-06-36-15.jpg,132.48,297.0,765.12,833.004,MESCHA,1920,1080
task_2021_11_03-04_cescau4/2021-11-04-07-14-39.jpg,1153.344,431.568,1920.0,872.208,PINARB,1920,1080
task_2021-03-01_17/20210301-174916_(6.0).jpg,926.208,466.8608,1130.88,619.2896,MESBLE,1920,1088
task_2021_11_03-04_cescau4/2021-11-04-07-35-55.jpg,1348.992,473.148,1765.056,874.044,MESCHA,1920,1080
task_20210611_Lab/2021-06-11-16-10-42.jpg,902.208,237.708,1416.0,563.112,MESCHA,1920,1080
task_20211204_Orlu/2021-12-23-15-08-27.jpg,836.928,468.72,1307.328,699.084,MESBLE,1920,1080
task_21-01-2021/2021-01-21-14-11-59.jpg,0.0,0.0,482.496,733.0944,MESCHA,1920,1088
task_20210616_Lab/2021-06-16-09-22-35.jpg,826.368,318.6,1472.832,711.18,MESCHA,1920,1080
task_2021-03-01_10/20210301-103609_(5.0).jpg,887.616,389.6128,1161.6,648.2304,MESCHA,1920,1088
task_20210217/20210217-175137_05(12.0).jpg,971.328,342.684,1453.248,889.056,MESCHA,1920,1080
task_2021_11_03-04_cescau4/2021-11-04-06-56-05.jpg,1510.272,608.148,1793.472,909.36,MESNON,1920,1080
task_05-01-2021/2021-01-05-16-46-13.jpg,825.984,156.128,955.2,314.432,MESCHA,1920,1088
task_19-01-2021/2021-01-19-12-17-48.jpg,1223.424,117.504,1918.08,721.5616,ROUGOR,1920,1088
task_20210615_Lab/2021-06-15-10-37-44.jpg,454.656,186.408,1025.856,543.456,MESCHA,1920,1080
task_20210616_Lab/2021-06-16-17-56-13.jpg,542.208,264.384,1162.176,795.744,MESCHA,1920,1080
task_20210615_Lab/2021-06-15-11-06-34.jpg,484.416,161.784,1165.632,653.832,MESCHA,1920,1080
task_20211204_Orlu/2021-12-23-14-36-48.jpg,1602.048,394.956,1917.312,875.988,MESCHA,1920,1080
task_19-01-2021/2021-01-19-11-04-18.jpg,1.92,169.6192,1053.696,895.2064,MESCHA,1920,1088
task_20210523_UPS/20210523-195414_(25.0).jpg,870.912,409.3056,1918.08,1086.5856,PIEBAV,1920,1088
task_2021_11_03-04_cescau4/2021-11-03-13-13-31.jpg,1144.32,462.672,1418.304,742.608,MESNON,1920,1080
task_2021_11_03-04_cescau4/2021-11-04-08-01-27.jpg,1323.84,500.148,1592.832,644.76,MESNON,1920,1080
task_19-01-2021/2021-01-19-11-32-38.jpg,989.952,165.8112,1572.672,493.8432,MESNON,1920,1088
task_20210525_UPS/20210525-172447_(25.0).jpg,571.584,405.0624,1099.392,1088.0,PIEBAV,1920,1088
task_20210615_Lab/2021-06-15-11-06-38.jpg,920.448,179.064,1478.208,709.776,MESCHA,1920,1080
task_2021-03-01_07/20210301-074759_(18.0).jpg,1655.616,327.9232,1918.08,979.8528,MESCHA,1920,1088
task_19-01-2021/2021-01-19-12-02-18.jpg,1.92,105.9712,928.128,713.8368,MESCHA,1920,1088
task_05-01-2021/2021-01-05-17-26-47.jpg,1063.296,412.7872,1773.312,914.464,ACCMOU,1920,1088
task_20210611_Lab/2021-06-11-15-42-46.jpg,1115.712,191.16,1844.352,581.148,MESCHA,1920,1080
task_2021-03-01_07/20210301-075118_(5.0).jpg,1130.88,532.4672,1682.688,1088.0,VEREUR,1920,1088
task_20211204_Orlu/2021-12-24-11-02-01.jpg,868.8,465.48,1324.8,780.624,SITTOR,1920,1080
task_21-01-2021/2021-01-21-14-26-23.jpg,673.536,227.5008,1408.704,723.4112,MESBLE,1920,1088
task_05-01-2021/2021-01-05-17-15-16.jpg,1402.944,339.456,1742.592,646.272,MESNON,1920,1088
task_2021-03-01_17/20210301-172621_(6.0).jpg,758.4,464.9024,1165.632,627.0144,MESCHA,1920,1088
task_20210526_UPS/20210526-085544_(25.0).jpg,789.312,367.5264,1314.816,1088.0,PIEBAV,1920,1088
task_20210616_Lab/2021-06-16-06-38-36.jpg,1165.056,234.9,1535.616,477.036,MESCHA,1920,1080
task_2021-03-01_12/20210301-124027_(10.0).jpg,356.928,466.8608,905.088,711.8784,MESCHA,1920,1088
task_20210227/20210227-133015_(7.0).jpg,1344.96,617.3312,1611.264,1088.0,MESCHA,1920,1088
task_20210227/20210227-165903_(10.0).jpg,931.968,470.6688,1109.568,740.8192,VEREUR,1920,1088
task_2021_11_03-04_cescau4/2021-11-03-14-58-19.jpg,1205.952,771.336,1540.032,1080.0,MESNON,1920,1080
task_2021_11_03-04_cescau4/2021-11-04-08-09-28.jpg,1629.696,542.052,1918.656,1080.0,MESHUP,1920,1080
task_05-01-2021/2021-01-05-17-12-44.jpg,1.92,423.776,820.992,967.8848,SITTOR,1920,1088
task_2021_11_03-04_cescau4/2021-11-04-07-56-11.jpg,803.328,652.752,1344.576,1080.0,MESHUP,1920,1080
task_21-01-2021/2021-01-21-12-16-00.jpg,347.328,73.2224,1051.776,1078.5344,ROUGOR,1920,1088
task_20211204_Orlu/2021-12-24-07-52-26.jpg,935.04,510.192,1293.696,690.66,MESNOI,1920,1080
task_2021-03-01_10/20210301-100428_(14.0).jpg,526.848,420.512,1124.928,806.4256,VEREUR,1920,1088
task_20210625_balacet/2021-06-25-05-57-20.jpg,891.456,325.728,1161.6,592.056,MESCHA,1920,1080
task_20211204_Orlu/2021-12-24-10-06-43.jpg,639.552,472.716,1096.512,693.684,MESNON,1920,1080
task_2021-03-01_17/20210301-174402_(10.0).jpg,1011.264,476.4352,1180.992,613.5232,MESBLE,1920,1088
task_2021-03-01_08/20210301-085046_(6.0).jpg,208.512,410.8288,804.672,783.2512,MESCHA,1920,1088
task_05-01-2021/2021-01-05-16-38-13.jpg,1067.136,609.6064,1798.464,1088.0,MESNON,1920,1088
task_06-01-2021/2021-01-06-11-12-35.jpg,625.152,621.1392,1215.744,1030.2272,MESCHA,1920,1088
task_20210624_balacet/2021-06-24-05-54-37.jpg,1153.92,285.228,1557.312,597.888,MESCHA,1920,1080
task_20210611_Lab/2021-06-11-15-29-30.jpg,396.48,230.688,851.904,562.788,MESCHA,1920,1080
task_2021_11_03-04_cescau4/2021-11-04-08-16-13.jpg,1003.584,444.744,1555.008,683.1,SITTOR,1920,1080
task_20210227/20210227-141534_(8.0).jpg,1169.472,578.7072,1429.824,941.5552,MESCHA,1920,1088
task_20211204_Orlu/2021-12-23-13-25-17.jpg,350.4,493.02,897.792,1044.576,MESCHA,1920,1080
task_20210525_UPS/20210525-154227_(21.0).jpg,539.52,382.1056,1915.008,1086.0416,PIEBAV,1920,1088
task_20210615_Lab/2021-06-15-11-00-36.jpg,1115.328,298.728,1817.856,574.668,MESCHA,1920,1080
task_19-01-2021/2021-01-19-11-46-58.jpg,1595.904,244.9088,1918.08,717.6448,MESCHA,1920,1088
task_2021_11_03-04_cescau4/2021-11-04-07-14-58.jpg,1079.424,507.708,1482.048,684.72,MESNOI,1920,1080
task_20210616_Lab/2021-06-16-09-20-21.jpg,1398.912,404.46,1918.272,1032.372,MESCHA,1920,1080
task_2021-03-01_13/20210301-134200_(8.0).jpg,789.312,488.0768,1188.672,796.7424,VEREUR,1920,1088
task_20210217/20210217-134400_04(13.0).jpg,342.336,291.168,1239.552,734.508,MESCHA,1920,1080
task_2021-03-01_11/20210301-115341_(10.0).jpg,1206.144,609.6064,1756.032,1088.0,VEREUR,1920,1088
task_2021-03-01_17/20210301-175251_(8.0).jpg,430.272,426.2784,843.264,758.2272,MESBLE,1920,1088
task_05-01-2021/2021-01-05-16-58-59.jpg,1213.824,256.5504,1381.632,347.1808,MESBLE,1920,1088
task_05-01-2021/2021-01-05-16-27-59.jpg,625.152,144.5952,1065.216,354.9056,MESCHA,1920,1088
task_20210615_Lab/2021-06-15-08-34-58.jpg,1050.624,162.972,1412.352,449.172,MESCHA,1920,1080
task_2021_11_03-04_cescau4/2021-11-04-08-20-56.jpg,1397.76,577.476,1748.736,1001.484,MESNON,1920,1080
task_21-01-2021/2021-01-21-12-46-00.jpg,721.728,352.9472,1263.936,694.4704,MESCHA,1920,1088
task_20210616_Lab/2021-06-16-04-45-19.jpg,1185.408,237.384,1418.496,566.244,MESCHA,1920,1080
task_2021-03-01_17/20210301-173531_(5.0).jpg,931.968,358.7136,1352.64,671.4048,VEREUR,1920,1088
task_20210523_UPS/20210523-173421_(62.0).jpg,1.728,384.608,916.416,1027.7248,PIEBAV,1920,1088
task_21-01-2021/2021-01-21-12-04-34.jpg,1.92,219.776,627.264,750.5024,MESCHA,1920,1088
task_2021_11_03-04_cescau4/2021-11-04-08-33-41.jpg,936.768,503.496,1387.392,671.868,MESNON,1920,1080
task_20210705-07_balacet/2021-07-06-15-26-32.jpg,816.768,369.576,1250.112,605.448,ROUGOR,1920,1080
task_20210624_balacet/2021-06-24-05-57-03.jpg,345.408,568.944,908.928,999.216,MESCHA,1920,1080
task_20211204_Orlu/2021-12-24-10-31-16.jpg,721.536,548.424,982.848,797.148,SITTOR,1920,1080
task_20210217/20210217-131559_02(11.0).jpg,870.72,2.052,1396.992,954.612,MESCHA,1920,1080
task_20211204_Orlu/2021-12-23-13-37-50.jpg,993.216,439.776,1337.28,707.184,MESCHA,1920,1080
task_21-01-2021/2021-01-21-13-13-56.jpg,144.768,297.024,1072.896,731.136,MESCHA,1920,1088
task_06-01-2021/2021-01-06-11-47-23.jpg,1017.024,669.4464,1649.856,1022.6112,MESBLE,1920,1088
task_20211204_Orlu/2021-12-24-08-06-29.jpg,1140.096,490.752,1447.104,702.54,MESCHA,1920,1080
task_20210611_Lab/2021-06-11-14-22-00.jpg,1282.56,215.568,1794.816,724.032,MESCHA,1920,1080
task_20210616_Lab/2021-06-16-04-39-40.jpg,1238.592,182.736,1872.192,663.336,MESCHA,1920,1080
task_2021_11_03-04_cescau4/2021-11-03-11-23-03.jpg,772.992,592.812,1401.216,906.876,MESNOI,1920,1080
task_20211204_Orlu/2021-12-23-13-57-44.jpg,1012.224,454.68,1313.088,737.748,MESCHA,1920,1080
task_05-01-2021/2021-01-05-17-22-20.jpg,1389.312,397.4464,1920.0,810.3424,MESBLE,1920,1088
task_2021-03-01_13/20210301-132106_(6.0).jpg,854.784,455.2192,1072.896,744.736,MESCHA,1920,1088
task_20210624_balacet/2021-06-24-08-52-24.jpg,812.352,347.004,1045.824,538.056,CAMPAG,1920,1080
task_2021_11_03-04_cescau4/2021-11-03-15-24-27.jpg,694.464,587.736,1059.456,1079.136,MESNON,1920,1080
task_2021_11_03-04_cescau4/2021-11-04-07-48-32.jpg,780.288,450.684,1369.344,823.824,MESCHA,1920,1080
task_20210227/20210227-162754_(9.0).jpg,1186.752,449.4528,1532.16,1088.0,MESCHA,1920,1088
task_20210227/20210227-112841_(40.0).jpg,870.336,459.136,1080.576,729.2864,MESCHA,1920,1088
task_19-01-2021/2021-01-19-13-16-08.jpg,397.44,53.856,1032.384,507.3344,MESBLE,1920,1088
task_2021-03-01_09/20210301-090956_(5.0).jpg,677.376,368.3968,1121.28,696.4288,VEREUR,1920,1088
task_2021-03-01_15/20210301-155053_(12.0).jpg,273.984,466.8608,818.304,812.192,MESCHA,1920,1088
task_2021_11_03-04_cescau4/2021-11-04-07-47-05.jpg,1558.272,516.564,1918.272,859.896,MESCHA,1920,1080
task_20211204_Orlu/2021-12-24-09-02-42.jpg,1183.104,445.5,1401.408,772.092,MESCHA,1920,1080
task_2021_11_03-04_cescau4/2021-11-03-13-38-20.jpg,997.824,469.908,1265.28,766.26,MESNON,1920,1080
task_05-01-2021/2021-01-05-16-50-30.jpg,988.032,381.888,1916.16,955.0464,MESCHA,1920,1088
task_20210525_UPS/20210525-172439_(23.0).jpg,427.968,406.6944,1240.704,1082.7776,PIEBAV,1920,1088
task_20210416_UPS/20210416-162826_(5.0).jpg,928.128,789.0176,1468.416,1088.0,MESCHA,1920,1088
task_20210705-07_balacet/2021-07-06-11-05-37.jpg,1001.28,239.976,1447.488,766.908,ROUGOR,1920,1080
task_21-01-2021/2021-01-21-12-38-53.jpg,505.536,102.1632,908.928,792.9344,ROUGOR,1920,1088
task_20210227/20210227-173608_(5.0).jpg,1184.832,663.68,1427.904,1005.2032,MESBLE,1920,1088
task_20210616_Lab/2021-06-16-05-32-53.jpg,53.376,2.808,1265.664,1077.192,MESCHA,1920,1080
task_20210228/20210228-121004_(6.0).jpg,457.344,356.864,889.536,675.2128,MESCHA,1920,1088
task_20210705-07_balacet/2021-07-07-06-49-01.jpg,1057.344,380.052,1804.992,768.852,ACCMOU,1920,1080
task_2021_11_03-04_cescau4/2021-11-03-12-02-41.jpg,805.632,192.132,1257.792,715.932,MESCHA,1920,1080
task_20210526_UPS/20210526-064053_(27.0).jpg,929.664,325.7472,1918.08,1088.0,PIEBAV,1920,1088
task_06-01-2021/2021-01-06-11-52-46.jpg,1375.872,596.1152,1920.0,968.5376,ACCMOU,1920,1088
task_21-01-2021/2021-01-21-12-55-24.jpg,353.088,202.4768,976.512,628.864,MESBLE,1920,1088
task_05-01-2021/2021-01-05-16-37-21.jpg,1070.976,622.7712,1920.0,951.1296,MESBLE,1920,1088
task_06-01-2021/2021-01-06-11-29-35.jpg,166.08,723.4112,590.592,1080.4928,MESCHA,1920,1088
task_2021_11_03-04_cescau4/2021-11-03-13-17-13.jpg,1052.16,464.4,1629.504,713.448,SITTOR,1920,1080
task_19-01-2021/2021-01-19-10-56-55.jpg,258.624,169.6192,895.488,534.3168,MESNON,1920,1088
task_21-01-2021/2021-01-21-14-24-37.jpg,337.728,329.7728,1252.416,700.3456,MESCHA,1920,1088
task_2021-03-01_17/20210301-172439_(16.0).jpg,951.36,468.7104,1188.672,625.056,MESCHA,1920,1088
task_2021_11_03-04_cescau4/2021-11-03-13-28-24.jpg,1207.104,469.152,1560.96,664.848,MESNOI,1920,1080
task_2021_11_03-04_cescau4/2021-11-03-11-56-17.jpg,724.416,591.408,1194.048,1078.704,MESNON,1920,1080
task_2021-03-01_18/20210301-181854_(8.0).jpg,245.184,486.1184,752.64,1088.0,MESCHA,1920,1088
task_20210615_Lab/2021-06-15-16-16-50.jpg,1416.384,273.672,1779.264,524.556,MESCHA,1920,1080
task_05-01-2021/2021-01-05-17-21-29.jpg,1285.248,397.3376,1651.776,816.1088,SITTOR,1920,1088
task_20210616_Lab/2021-06-16-18-08-16.jpg,1123.968,358.236,1630.272,740.232,MESCHA,1920,1080
task_20210525_UPS/20210525-150012_(11.0).jpg,885.696,534.3168,1410.624,860.4992,MESCHA,1920,1088
task_20210624_balacet/2021-06-24-14-38-25.jpg,1057.536,275.616,1493.568,678.888,MESCHA,1920,1080
task_20210624_balacet/2021-06-24-13-35-36.jpg,328.128,426.06,874.176,777.276,ACCMOU,1920,1080
task_20210615_Lab/2021-06-15-15-45-39.jpg,789.312,300.672,1304.448,582.444,MESBLE,1920,1080
task_20210523_UPS/20210523-173448_(21.0).jpg,540.672,405.4976,1039.68,1078.9696,PIEBAV,1920,1088
task_20210611_Lab/2021-06-11-14-39-35.jpg,1263.552,259.2,1580.352,718.308,MESCHA,1920,1080
task_20210612_1_Lab/2021-06-12-04-24-26.jpg,634.944,298.728,1399.104,702.0,MESCHA,1920,1080
task_20210418_UPS/20210418-134601_(5.0).jpg,1153.536,959.5072,1491.264,1088.0,MESCHA,1920,1088
task_20211204_Orlu/2021-12-23-15-59-43.jpg,724.032,769.392,1032.384,1080.0,MESCHA,1920,1080
task_20210624_balacet/2021-06-24-14-19-52.jpg,1221.504,428.004,1920.0,863.028,MESCHA,1920,1080
task_20210624_balacet/2021-06-24-08-58-27.jpg,1057.536,420.336,1609.344,854.496,MESCHA,1920,1080
task_20210616_Lab/2021-06-16-05-33-08.jpg,1497.216,235.98,1721.088,523.26,MESCHA,1920,1080
task_05-01-2021/2021-01-05-17-22-38.jpg,806.208,302.7904,1103.424,727.6544,MESCHA,1920,1088
task_2021-03-01_17/20210301-172958_(8.0).jpg,196.992,472.6272,752.64,916.4224,MESCHA,1920,1088
task_2021_11_03-04_cescau4/2021-11-03-14-33-47.jpg,1104.192,499.176,1305.984,665.928,MESNOI,1920,1080
task_21-01-2021/2021-01-21-12-51-55.jpg,957.12,476.4352,1429.824,953.088,MESCHA,1920,1088
task_20211204_Orlu/2021-12-24-07-28-57.jpg,1036.992,496.044,1227.072,699.948,MESBLE,1920,1080
task_20211204_Orlu/2021-12-23-14-15-57.jpg,549.696,526.068,1121.664,830.952,MESCHA,1920,1080
task_2021-03-01_08/20210301-084338_(5.0).jpg,347.328,489.9264,748.8,765.952,MESBLE,1920,1088
task_20210624_balacet/2021-06-24-08-57-21.jpg,1167.552,297.54,1640.64,666.036,MESCHA,1920,1080
task_20210205/20210205-115703_01(16.0).jpg,413.568,414.72,910.656,835.92,MESCHA,1920,1080
task_20211204_Orlu/2021-12-23-15-25-31.jpg,1082.112,486.756,1344.384,718.308,MESCHA,1920,1080
task_2021-03-01_13/20210301-135717_(9.0).jpg,478.656,530.5088,739.008,1032.1856,MESCHA,1920,1088
task_20210227/20210227-114528_(8.0).jpg,295.296,354.9056,779.712,821.8752,MESCHA,1920,1088
task_21-01-2021/2021-01-21-14-44-16.jpg,835.584,291.2576,1601.664,825.6832,MESCHA,1920,1088
task_2021-03-01_17/20210301-172343_(10.0).jpg,432.192,472.6272,743.04,854.7328,MESBLE,1920,1088
task_21-01-2021/2021-01-21-12-51-03.jpg,75.264,198.56,901.248,698.3872,MESCHA,1920,1088
task_21-01-2021/2021-01-21-12-03-30.jpg,829.824,320.1984,1333.44,848.8576,MESCHA,1920,1088
task_20210615_Lab/2021-06-15-10-36-53.jpg,683.136,453.168,1620.864,1080.0,MESCHA,1920,1080
task_2021-03-01_13/20210301-135427_(22.0).jpg,690.816,383.8464,974.592,754.3104,VEREUR,1920,1088
task_20210415_UPS/20210415-070942_(5.0).jpg,949.44,731.136,1167.552,1003.2448,MESCHA,1920,1088
task_2021_11_03-04_cescau4/2021-11-03-11-19-14.jpg,686.208,477.684,1092.864,725.976,MESNOI,1920,1080
task_20211204_Orlu/2021-12-23-14-18-02.jpg,386.304,576.396,805.44,945.54,MESNOI,1920,1080
task_20210205/20210205-145229_04(75.0).jpg,28.224,438.048,1012.992,1001.592,MESCHA,1920,1080
task_20210615_Lab/2021-06-15-11-04-50.jpg,1163.712,314.172,1804.224,568.944,MESCHA,1920,1080
task_2021-03-01_17/20210301-175436_(12.0).jpg,1007.232,613.5232,1395.264,1088.0,MESCHA,1920,1088
task_2021_11_03-04_cescau4/2021-11-03-11-52-21.jpg,1152.192,472.284,1654.272,648.216,MESNON,1920,1080
task_20210705-07_balacet/2021-07-06-13-36-31.jpg,290.304,446.04,731.328,833.652,MESNON,1920,1080
task_20210612_1_Lab/2021-06-12-06-03-24.jpg,783.552,233.172,1344.96,599.724,MESCHA,1920,1080
task_2021_11_03-04_cescau4/2021-11-03-12-30-46.jpg,984.0,464.616,1459.584,675.756,MESCHA,1920,1080
task_2021-03-01_09/20210301-090302_(6.0).jpg,351.168,503.5264,916.608,763.9936,MESCHA,1920,1088
task_2021_11_03-04_cescau4/2021-11-03-12-10-46.jpg,1111.488,880.416,1918.656,1080.0,MESNON,1920,1080
task_2021-03-01_16/20210301-161756_(11.0).jpg,546.048,457.1776,960.96,671.4048,MESCHA,1920,1088
task_2021_11_03-04_cescau4/2021-11-03-11-31-58.jpg,1369.92,473.364,1643.136,648.972,MESNON,1920,1080
task_2021-03-01_10/20210301-105923_(13.0).jpg,843.264,387.6544,1366.272,677.1712,MESCHA,1920,1088
task_05-01-2021/2021-01-05-16-39-04.jpg,131.328,252.6336,308.736,435.8528,ROUGOR,1920,1088
task_2021_11_03-04_cescau4/2021-11-03-15-17-09.jpg,1184.832,431.892,1742.4,663.552,MESNON,1920,1080
task_20210227/20210227-132852_(5.0).jpg,982.272,468.7104,1161.6,727.328,MESCHA,1920,1088
task_20210227/20210227-115113_(7.0).jpg,482.496,567.1744,1045.824,823.8336,VEREUR,1920,1088
task_20210526_UPS/20210526-091412_(18.0).jpg,337.728,320.0896,1261.632,1086.5856,PIEBAV,1920,1088
task_06-01-2021/2021-01-06-11-11-06.jpg,5.76,752.4608,409.152,1076.576,ACCMOU,1920,1088
task_2021_11_03-04_cescau4/2021-11-03-15-06-28.jpg,1375.488,430.596,1593.024,661.5,MESNON,1920,1080
task_06-01-2021/2021-01-06-12-01-13.jpg,1190.592,511.2512,1669.248,1053.4016,ACCMOU,1920,1088
task_2021_11_03-04_cescau4/2021-11-03-13-35-45.jpg,1370.688,509.436,1800.768,721.44,MESCHA,1920,1080
task_20210612_1_Lab/2021-06-12-06-13-36.jpg,927.36,282.528,1325.76,676.188,MESCHA,1920,1080
task_2021-03-01_10/20210301-103142_(9.0).jpg,272.064,488.0768,731.328,1082.3424,MESCHA,1920,1088
task_20210205/20210205-145251_02(15.0).jpg,1.92,289.548,426.816,737.316,MESCHA,1920,1080
task_2021_11_03-04_cescau4/2021-11-04-07-18-39.jpg,580.224,568.62,941.184,936.576,MESNON,1920,1080
task_2021_11_03-04_cescau4/2021-11-03-15-05-16.jpg,1045.056,449.388,1334.016,666.468,MESCHA,1920,1080
task_2021_11_03-04_cescau4/2021-11-04-07-45-00.jpg,1541.184,710.532,1920.0,1080.0,MESCHA,1920,1080
task_2021_11_03-04_cescau4/2021-11-04-07-50-51.jpg,1127.424,422.604,1611.648,805.032,PINARB,1920,1080
task_2021_11_03-04_cescau4/2021-11-04-07-17-50.jpg,969.216,419.148,1625.472,690.336,PINARB,1920,1080
task_19-01-2021/2021-01-19-12-02-30.jpg,559.68,19.1488,1618.944,962.5536,MESCHA,1920,1088
task_20210623_balacet/2021-06-23-13-02-19.jpg,1240.704,339.228,1920.0,867.564,MESCHA,1920,1080
task_2021-03-01_18/20210301-182735_(7.0).jpg,937.728,466.8608,1528.32,686.7456,MESCHA,1920,1088
task_05-01-2021/2021-01-05-16-55-09.jpg,1147.776,486.1184,1920.0,992.4736,ACCMOU,1920,1088
task_20210228/20210228-171638_(7.0).jpg,524.928,428.2368,1028.544,686.7456,MESCHA,1920,1088
task_18-01-2021/2021-01-18-14-31-47.jpg,914.688,144.5952,1476.288,603.84,MESCHA,1920,1088
task_2021_11_03-04_cescau4/2021-11-04-07-18-28.jpg,893.184,320.868,1131.648,1001.592,PINARB,1920,1080
task_20210624_balacet/2021-06-24-13-06-50.jpg,1161.6,308.448,1618.944,601.668,ACCMOU,1920,1080
task_20210616_Lab/2021-06-16-09-21-51.jpg,826.56,561.492,1514.88,1008.612,MESBLE,1920,1080
task_20211204_Orlu/2021-12-24-10-44-23.jpg,1003.008,507.06,1259.52,721.548,MESCHA,1920,1080
task_19-01-2021/2021-01-19-11-45-17.jpg,3.84,44.2816,905.088,594.1568,MESCHA,1920,1088
task_20211204_Orlu/2021-12-24-08-09-16.jpg,868.416,478.44,1364.16,728.352,MESCHA,1920,1080
task_20210624_balacet/2021-06-24-16-07-50.jpg,941.76,273.672,1526.4,864.108,MESCHA,1920,1080
task_20210705-07_balacet/2021-07-07-07-45-30.jpg,512.064,336.852,1057.344,809.676,SITTOR,1920,1080
task_20210615_Lab/2021-06-15-10-30-45.jpg,411.072,155.952,1015.104,541.836,MESCHA,1920,1080
task_06-01-2021/2021-01-06-11-58-28.jpg,758.4,580.6656,1580.352,1088.0,MESNON,1920,1088
task_2021_11_03-04_cescau4/2021-11-03-11-47-48.jpg,1616.256,564.408,1916.736,818.748,MESNON,1920,1080
task_20210615_Lab/2021-06-15-11-00-23.jpg,461.184,198.396,1244.736,648.0,MESCHA,1920,1080
task_2021-03-01_15/20210301-151601_(17.0).jpg,1017.024,621.1392,1518.72,1088.0,MESCHA,1920,1088
task_20210612_1_Lab/2021-06-12-06-25-38.jpg,482.496,302.616,885.696,962.496,MESCHA,1920,1080
task_20210526_UPS/20210526-185800_(33.0).jpg,781.632,251.7632,1897.344,1054.272,PIEBAV,1920,1088
task_20210612_1_Lab/2021-06-12-06-14-33.jpg,670.464,203.364,1814.208,1078.596,MESCHA,1920,1080
task_19-01-2021/2021-01-19-11-02-11.jpg,3.84,65.4976,764.16,673.2544,MESCHA,1920,1088
task_06-01-2021/2021-01-06-10-49-51.jpg,1265.856,640.5056,1862.016,972.3456,MESCHA,1920,1088
task_20210525_UPS/20210525-150344_(43.0).jpg,247.104,405.0624,1121.088,1088.0,PIEBAV,1920,1088
task_20210417_UPS/20210417-130627_(5.0).jpg,988.032,630.8224,1208.064,881.7152,MESCHA,1920,1088
task_20210217/20210217-141127_01(65.0).jpg,187.2,266.76,610.176,752.652,MESCHA,1920,1080
task_2021-03-01_18/20210301-184227_(7.0).jpg,768.0,439.7696,1227.264,642.464,MESBLE,1920,1088
task_2021-03-01_07/20210301-074526_(5.0).jpg,561.6,491.8848,889.536,742.7776,VEREUR,1920,1088
task_06-01-2021/2021-01-06-11-41-03.jpg,725.568,652.0384,1092.288,1053.4016,MESCHA,1920,1088
task_2021_11_03-04_cescau4/2021-11-03-16-12-28.jpg,1003.008,477.36,1279.296,695.412,MESNON,1920,1080
task_20210705-07_balacet/2021-07-07-06-48-55.jpg,732.864,336.528,1180.608,820.368,ACCMOU,1920,1080
task_20210705-07_balacet/2021-07-07-08-37-46.jpg,708.288,360.612,1131.264,623.592,MESBLE,1920,1080
task_20211204_Orlu/2021-12-24-08-46-46.jpg,813.696,476.064,1374.72,690.984,MESCHA,1920,1080
task_19-01-2021/2021-01-19-10-55-00.jpg,542.208,179.3024,1153.92,642.464,MESBLE,1920,1088
task_20211204_Orlu/2021-12-24-09-27-56.jpg,1070.208,451.332,1532.736,695.736,MESBLE,1920,1080
task_05-01-2021/2021-01-05-17-13-13.jpg,0.0,466.8608,414.912,955.0464,SITTOR,1920,1088
task_20210228/20210228-144334_(6.0).jpg,235.392,374.1632,879.936,767.8016,PINARB,1920,1088
task_2021_11_03-04_cescau4/2021-11-03-15-22-30.jpg,425.088,462.564,1001.472,819.18,MESCHA,1920,1080
task_20211204_Orlu/2021-12-24-10-44-46.jpg,613.248,482.868,1054.848,721.764,MESBLE,1920,1080
task_20211204_Orlu/2021-12-23-13-36-20.jpg,937.152,464.616,1795.584,956.016,MESCHA,1920,1080
task_21-01-2021/2021-01-21-11-59-31.jpg,1013.184,385.8048,1920.0,1088.0,MESCHA,1920,1088
task_06-01-2021/2021-01-06-11-18-22.jpg,1.92,567.1744,897.408,1086.2592,MESCHA,1920,1088
task_2021_11_03-04_cescau4/2021-11-03-12-21-49.jpg,1196.736,507.384,1481.472,732.24,SITTOR,1920,1080
task_2021-03-01_07/20210301-075059_(6.0).jpg,1119.168,522.784,1715.52,1088.0,VEREUR,1920,1088
task_05-01-2021/2021-01-05-16-55-35.jpg,619.392,536.2752,1483.968,1064.8256,ACCMOU,1920,1088
task_20211204_Orlu/2021-12-24-10-17-35.jpg,905.28,429.732,1261.44,769.392,MESCHA,1920,1080
task_20210615_Lab/2021-06-15-16-17-37.jpg,1221.504,171.396,1746.432,451.224,MESCHA,1920,1080
task_20210525_UPS/20210525-150240_(31.0).jpg,739.008,391.5712,1808.064,1087.0208,PIEBAV,1920,1088
task_21-01-2021/2021-01-21-11-57-38.jpg,824.064,173.536,1404.864,675.2128,MESCHA,1920,1088
task_2021-03-01_10/20210301-100311_(8.0).jpg,1057.536,437.92,1655.616,744.736,VEREUR,1920,1088
task_20210417_UPS/20210417-145548_(6.0).jpg,814.272,823.8336,1377.792,1088.0,MESCHA,1920,1088
task_2021_11_03-04_cescau4/2021-11-03-10-35-57.jpg,1071.936,437.076,1615.104,696.168,SITTOR,1920,1080
task_20210616_Lab/2021-06-16-04-48-40.jpg,934.464,149.256,1386.432,537.192,MESCHA,1920,1080
task_2021-03-01_17/20210301-172507_(6.0).jpg,604.032,407.0208,970.56,690.6624,MESCHA,1920,1088
task_20210615_Lab/2021-06-15-10-40-30.jpg,1372.8,283.068,1793.664,534.924,MESCHA,1920,1080
task_20210228/20210228-125138_(10.0).jpg,220.032,545.9584,793.152,1026.4192,MESCHA,1920,1088
task_20210615_Lab/2021-06-15-10-31-38.jpg,1204.224,254.34,1698.048,979.884,MESCHA,1920,1080
task_20211204_Orlu/2021-12-24-08-54-21.jpg,951.552,465.048,1450.752,720.036,MESNON,1920,1080
task_2021_11_03-04_cescau4/2021-11-03-12-03-57.jpg,1035.648,389.772,1605.504,722.736,SITTOR,1920,1080
task_20210616_Lab/2021-06-16-09-30-59.jpg,1356.864,247.86,1738.752,760.104,MESCHA,1920,1080
task_21-01-2021/2021-01-21-14-01-48.jpg,559.68,152.32,1140.48,694.4704,MESCHA,1920,1088
task_21-01-2021/2021-01-21-13-01-43.jpg,901.248,380.0384,1512.96,831.5584,MESCHA,1920,1088
task_20210623_balacet/2021-06-23-15-54-33.jpg,714.048,399.06,1516.8,810.108,MESCHA,1920,1080
task_2021-03-01_11/20210301-114048_(8.0).jpg,887.616,638.5472,1281.408,1086.2592,MESCHA,1920,1088
task_20210612_1_Lab/2021-06-12-05-45-19.jpg,646.464,229.284,1165.632,501.336,MESCHA,1920,1080
task_20210616_Lab/2021-06-16-18-11-16.jpg,1455.744,296.892,1740.864,621.0,MESCHA,1920,1080
task_2021_11_03-04_cescau4/2021-11-04-08-15-11.jpg,917.376,418.824,1194.816,708.804,PINARB,1920,1080
task_20210616_Lab/2021-06-16-04-50-34.jpg,1127.808,261.468,1781.376,814.212,MESCHA,1920,1080
task_2021_11_03-04_cescau4/2021-11-03-16-02-30.jpg,1178.112,449.82,1324.608,645.624,MESNON,1920,1080
task_05-01-2021/2021-01-05-17-24-42.jpg,976.32,474.4768,1306.368,893.248,MESBLE,1920,1088
task_18-01-2021/2021-01-18-14-31-49.jpg,901.248,181.2608,1437.696,565.216,MESCHA,1920,1088
task_20210611_Lab/2021-06-11-14-01-33.jpg,684.864,266.76,1083.264,760.104,MESCHA,1920,1080
task_19-01-2021/2021-01-19-11-15-02.jpg,0.0,167.7696,1036.224,852.7744,MESCHA,1920,1088
task_20210624_balacet/2021-06-24-13-04-20.jpg,822.144,335.448,1265.856,692.388,ACCMOU,1920,1080
task_20210419_UPS/20210419-084920_(20.0).jpg,358.656,617.984,1607.04,1084.6272,PIEBAV,1920,1088
task_20211204_Orlu/2021-12-23-14-49-14.jpg,541.248,648.648,912.192,1014.552,MESBLE,1920,1080
task_20210525_UPS/20210525-155947_(19.0).jpg,401.472,362.6304,955.2,1088.0,PIEBAV,1920,1088
task_20210612_1_Lab/2021-06-12-06-27-24.jpg,1034.112,272.916,1605.12,687.852,MESCHA,1920,1080
task_19-01-2021/2021-01-19-12-38-11.jpg,1319.808,15.232,1617.024,509.2928,ROUGOR,1920,1088
task_2021_11_03-04_cescau4/2021-11-04-08-14-02.jpg,925.056,418.392,1182.72,881.388,MESCHA,1920,1080
task_20210217/20210217-135221_03(52.0).jpg,215.808,240.192,766.464,682.452,MESCHA,1920,1080
task_20210526_UPS/20210526-141825_(48.0).jpg,844.224,388.416,1916.16,1088.0,PIEBAV,1920,1088
task_2021-03-01_11/20210301-115624_(8.0).jpg,301.056,482.3104,893.376,717.6448,MESCHA,1920,1088
task_05-01-2021/2021-01-05-16-20-00.jpg,1545.6,551.7248,1746.432,650.1888,MESCHA,1920,1088
task_2021-03-01_14/20210301-143959_(10.0).jpg,737.088,405.0624,1200.192,636.5888,MESCHA,1920,1088
task_20210409/20210409-113825_(17.0).jpg,631.872,762.144,1077.696,993.5616,MESCHA,1920,1088
task_2021_11_03-04_cescau4/2021-11-04-06-56-58.jpg,1345.344,503.82,1625.856,664.956,MESNOI,1920,1080
task_20210615_Lab/2021-06-15-11-03-45.jpg,1329.216,283.716,1634.88,996.84,MESCHA,1920,1080
task_20210227/20210227-144235_(5.0).jpg,308.736,385.8048,733.248,785.2096,MESCHA,1920,1088
task_05-01-2021/2021-01-05-17-22-03.jpg,277.824,405.0624,1242.624,947.3216,MESCHA,1920,1088
task_20211204_Orlu/2021-12-23-15-18-53.jpg,936.576,517.104,1129.152,711.288,MESBLE,1920,1080
task_20211204_Orlu/2021-12-23-15-36-16.jpg,739.008,463.428,1036.992,721.656,MESBLE,1920,1080
task_20210615_Lab/2021-06-15-16-17-23.jpg,934.08,186.84,1161.6,443.448,MESCHA,1920,1080
task_2021_11_03-04_cescau4/2021-11-03-11-51-23.jpg,1417.344,504.792,1690.752,676.728,MESNON,1920,1080
task_21-01-2021/2021-01-21-14-02-01.jpg,474.816,368.3968,1458.816,816.1088,MESCHA,1920,1088
task_2021_11_03-04_cescau4/2021-11-04-06-35-44.jpg,959.616,454.14,1431.936,933.66,MESCHA,1920,1080
task_06-01-2021/2021-01-06-11-58-09.jpg,1483.968,397.3376,1914.24,1022.6112,MESNON,1920,1088
task_20210615_Lab/2021-06-15-16-07-20.jpg,1389.312,277.56,1694.208,592.056,MESCHA,1920,1080
task_2021-03-01_10/20210301-103719_(12.0).jpg,818.304,594.1568,1628.736,1088.0,VEREUR,1920,1088
task_20210705-07_balacet/2021-07-06-13-47-39.jpg,293.568,421.308,990.72,714.096,MESBLE,1920,1080
task_19-01-2021/2021-01-19-10-49-05.jpg,23.232,160.0448,546.048,627.0144,MESBLE,1920,1088
task_2021-03-01_12/20210301-123609_(5.0).jpg,642.624,457.1776,1026.624,760.0768,VEREUR,1920,1088
task_20210227/20210227-141345_(6.0).jpg,596.352,472.6272,1105.728,891.2896,MESCHA,1920,1088
task_20210217/20210217-144711_01(11.0).jpg,89.28,286.956,1086.528,753.624,MESCHA,1920,1080
task_20210615_Lab/2021-06-15-10-01-48.jpg,389.76,0.0,634.944,115.452,MESCHA,1920,1080
task_21-01-2021/2021-01-21-12-20-10.jpg,939.84,158.0864,1713.6,648.2304,MESCHA,1920,1088
task_20210623_balacet/2021-06-23-11-37-22.jpg,964.8,310.284,1373.952,1020.492,MESCHA,1920,1080
task_2021_11_03-04_cescau4/2021-11-03-15-22-59.jpg,646.08,583.956,1080.96,1080.0,MESNON,1920,1080
task_2021_11_03-04_cescau4/2021-11-03-15-04-22.jpg,1094.592,459.54,1534.656,664.524,SITTOR,1920,1080
task_20210227/20210227-143152_(6.0).jpg,912.768,551.7248,1180.992,875.9488,MESBLE,1920,1088
task_2021_11_03-04_cescau4/2021-11-04-07-45-19.jpg,1113.6,404.352,1560.192,641.736,MESHUP,1920,1080
task_2021_11_03-04_cescau4/2021-11-04-06-50-04.jpg,971.328,483.084,1626.24,755.136,PINARB,1920,1080
task_20210611_Lab/2021-06-11-15-14-45.jpg,303.552,245.916,764.544,678.456,MESCHA,1920,1080
task_20210227/20210227-112802_(6.0).jpg,731.328,657.9136,1397.184,1086.2592,MESCHA,1920,1088
task_20210615_Lab/2021-06-15-10-58-32.jpg,671.616,549.612,1659.072,1080.0,MESCHA,1920,1080
task_2021-03-01_17/20210301-174021_(10.0).jpg,302.976,725.3696,683.136,1088.0,MESBLE,1920,1088
task_2021_11_03-04_cescau4/2021-11-04-07-10-03.jpg,1111.488,491.184,1571.136,671.76,MESCHA,1920,1080
task_05-01-2021/2021-01-05-16-01-54.jpg,1250.496,476.544,1920.0,1057.3184,MESCHA,1920,1088
task_21-01-2021/2021-01-21-12-39-29.jpg,366.72,268.0832,1246.656,771.7184,MESCHA,1920,1088
task_20210623_balacet/2021-06-23-11-42-59.jpg,1069.056,321.948,1379.712,813.996,ACCMOU,1920,1080
task_20211204_Orlu/2021-12-23-14-13-51.jpg,584.64,529.74,1100.928,830.412,MESBLE,1920,1080
task_20210612_1_Lab/2021-06-12-06-38-52.jpg,814.272,314.172,1624.704,692.388,MESCHA,1920,1080
task_20210616_Lab/2021-06-16-18-35-30.jpg,1059.456,279.396,1419.072,676.188,MESCHA,1920,1080
task_2021-03-01_14/20210301-143025_(9.0).jpg,931.968,455.2192,1208.064,655.9552,VEREUR,1920,1088
task_2021_11_03-04_cescau4/2021-11-03-11-33-23.jpg,1013.568,473.688,1334.016,656.64,MESNON,1920,1080
task_21-01-2021/2021-01-21-13-53-27.jpg,362.88,256.4416,825.984,808.384,MESBLE,1920,1088
task_20210417_UPS/20210417-142200_(25.0).jpg,976.512,636.5888,1244.736,810.3424,MESCHA,1920,1088
task_20210615_Lab/2021-06-15-10-46-05.jpg,1002.048,257.472,1582.848,481.68,MESCHA,1920,1080
task_06-01-2021/2021-01-06-12-03-46.jpg,1032.384,573.0496,1920.0,1088.0,ACCMOU,1920,1088
task_19-01-2021/2021-01-19-11-20-44.jpg,252.864,144.5952,986.112,474.5856,MESNON,1920,1088
task_2021_11_03-04_cescau4/2021-11-03-12-39-40.jpg,148.8,0.0,1797.888,1080.0,MESCHA,1920,1080
task_18-01-2021/2021-01-18-14-14-50.jpg,430.272,75.072,1503.168,601.8816,MESCHA,1920,1088
task_2021_11_03-04_cescau4/2021-11-04-07-41-25.jpg,778.752,371.844,1056.0,757.08,PINARB,1920,1080
task_20211204_Orlu/2021-12-23-14-37-52.jpg,647.424,455.436,1050.624,712.152,MESBLE,1920,1080
task_20211204_Orlu/2021-12-24-08-28-14.jpg,425.088,367.956,976.512,797.148,MESBLE,1920,1080
task_19-01-2021/2021-01-19-12-37-31.jpg,353.088,84.7552,1045.824,482.3104,ROUGOR,1920,1088
task_21-01-2021/2021-01-21-13-28-52.jpg,922.368,318.24,1391.232,912.6144,MESCHA,1920,1088
task_20210623_balacet/2021-06-23-10-01-08.jpg,737.088,335.448,959.04,615.168,MESCHA,1920,1080
task_20211204_Orlu/2021-12-24-07-54-35.jpg,288.768,562.248,960.576,915.084,MESCHA,1920,1080
task_20211204_Orlu/2021-12-23-16-04-45.jpg,721.152,496.26,1187.136,737.208,MESBLE,1920,1080
task_2021_11_03-04_cescau4/2021-11-04-07-12-43.jpg,874.752,413.856,1564.8,709.776,PINARB,1920,1080
task_20210624_balacet/2021-06-24-12-54-05.jpg,1180.992,298.728,1414.464,595.944,MESCHA,1920,1080
task_20210624_balacet/2021-06-24-11-37-12.jpg,1043.328,311.58,1622.208,614.412,MESCHA,1920,1080
task_2021_11_03-04_cescau4/2021-11-04-07-52-48.jpg,849.216,433.62,1475.328,672.624,MESCHA,1920,1080
task_06-01-2021/2021-01-06-11-28-44.jpg,897.408,337.4976,1462.656,1012.928,SITTOR,1920,1088
task_2021-03-01_14/20210301-143843_(8.0).jpg,841.344,439.7696,1204.224,617.3312,MESBLE,1920,1088
task_05-01-2021/2021-01-05-16-47-27.jpg,1480.128,434.0032,1916.16,1086.2592,MESCHA,1920,1088
task_18-01-2021/2021-01-18-13-48-38.jpg,168.0,526.592,968.64,935.68,MESBLE,1920,1088
task_2021-03-01_12/20210301-124552_(8.0).jpg,874.176,599.9232,1466.496,1086.2592,MESCHA,1920,1088
task_2021_11_03-04_cescau4/2021-11-04-07-56-44.jpg,979.968,470.34,1387.392,691.092,MESNOI,1920,1080
task_2021_11_03-04_cescau4/2021-11-03-14-03-01.jpg,947.52,559.656,1693.44,906.66,MESCHA,1920,1080
task_2021-03-01_11/20210301-114920_(15.0).jpg,302.976,464.9024,986.112,1088.0,MESCHA,1920,1088
task_21-01-2021/2021-01-21-12-16-08.jpg,1252.416,580.6656,1918.08,1086.1504,MESCHA,1920,1088
task_2021_11_03-04_cescau4/2021-11-03-12-02-25.jpg,994.56,473.364,1608.576,724.032,MESCHA,1920,1080
task_20211204_Orlu/2021-12-24-10-24-50.jpg,1158.912,514.296,1374.912,737.316,MESCHA,1920,1080
task_2021-03-01_16/20210301-161746_(14.0).jpg,532.608,430.1952,922.368,675.2128,MESBLE,1920,1088
task_20211204_Orlu/2021-12-24-11-02-46.jpg,1145.856,498.636,1372.032,749.52,MESCHA,1920,1080
task_20210624_balacet/2021-06-24-11-36-37.jpg,1176.96,329.292,1481.856,1080.0,ACCMOU,1920,1080
task_05-01-2021/2021-01-05-15-58-16.jpg,845.184,223.6928,1057.536,401.1456,MESCHA,1920,1088
task_20210615_Lab/2021-06-15-09-27-37.jpg,1208.064,198.396,1783.104,790.776,MESCHA,1920,1080
task_20210623_balacet/2021-06-23-15-15-10.jpg,997.632,347.004,1620.864,702.0,MESCHA,1920,1080
task_2021_11_03-04_cescau4/2021-11-03-15-02-13.jpg,463.872,367.848,1084.8,792.828,PINARB,1920,1080
task_20210611_Lab/2021-06-11-14-33-42.jpg,1199.04,200.34,1741.632,613.98,MESCHA,1920,1080
task_2021_11_03-04_cescau4/2021-11-04-08-10-38.jpg,1098.24,465.264,1668.288,677.16,MESNON,1920,1080
task_20210616_Lab/2021-06-16-09-05-30.jpg,1297.152,124.524,1854.336,514.08,MESCHA,1920,1080
task_2021-03-01_17/20210301-174153_(9.0).jpg,939.84,464.9024,1206.144,619.2896,MESCHA,1920,1088
task_20210705-07_balacet/2021-07-07-07-20-49.jpg,889.536,421.848,1202.496,836.568,SITTOR,1920,1080
task_2021_11_03-04_cescau4/2021-11-03-15-38-32.jpg,1691.328,571.32,1920.0,879.66,MESNON,1920,1080
task_2021-03-01_09/20210301-093505_(6.0).jpg,347.328,513.1008,758.4,762.0352,MESBLE,1920,1088
task_20210624_balacet/2021-06-24-12-54-54.jpg,124.224,303.588,828.096,870.912,MESCHA,1920,1080
task_2021_11_03-04_cescau4/2021-11-03-12-50-23.jpg,787.968,560.952,1034.688,1080.0,MESCHA,1920,1080
task_05-01-2021/2021-01-05-17-40-45.jpg,1086.336,266.1248,1713.6,895.2064,ROUGOR,1920,1088
task_20210705-07_balacet/2021-07-06-12-22-26.jpg,323.328,211.032,879.168,772.956,ROUGOR,1920,1080
task_20210227/20210227-174632_(5.0).jpg,910.848,505.376,1208.064,727.328,MESCHA,1920,1088
task_20210615_Lab/2021-06-15-13-57-21.jpg,1186.752,273.672,1437.696,655.776,MESCHA,1920,1080
task_20210624_balacet/2021-06-24-07-12-56.jpg,169.152,340.956,730.368,958.5,MESCHA,1920,1080
task_20210624_balacet/2021-06-24-12-21-07.jpg,552.0,377.892,891.456,715.5,ACCMOU,1920,1080
task_06-01-2021/2021-01-06-12-09-23.jpg,1219.584,563.2576,1920.0,1088.0,MESCHA,1920,1088
task_20210705-07_balacet/2021-07-07-06-55-01.jpg,462.528,336.312,1120.512,658.8,SITTOR,1920,1080
task_20210705-07_balacet/2021-07-06-16-08-57.jpg,192.192,367.74,768.192,889.704,MESBLE,1920,1080
task_20210412/20210412-173411_(6.0).jpg,1546.752,658.4576,1920.0,996.608,MESCHA,1920,1088
task_20210205/20210205-151752_05(13.0).jpg,408.0,429.948,798.72,826.416,MESCHA,1920,1080
task_2021_11_03-04_cescau4/2021-11-03-15-23-39.jpg,773.184,363.312,1042.368,754.92,MESHUP,1920,1080
task_05-01-2021/2021-01-05-17-23-10.jpg,51.072,394.6176,481.728,912.9408,ACCMOU,1920,1088
task_20210624_balacet/2021-06-24-13-17-06.jpg,735.168,329.616,1034.304,628.668,ACCMOU,1920,1080
task_20210612_1_Lab/2021-06-12-06-30-31.jpg,1267.776,296.784,1491.648,775.332,MESCHA,1920,1080
task_2021-03-01_09/20210301-091106_(7.0).jpg,854.784,360.672,1453.056,708.0704,VEREUR,1920,1088
task_20210616_Lab/2021-06-16-05-38-25.jpg,1477.44,244.836,1920.0,606.744,MESCHA,1920,1080
task_05-01-2021/2021-01-05-17-01-50.jpg,1339.2,383.52,1920.0,992.8,MESCHA,1920,1088
task_20210227/20210227-162036_(5.0).jpg,982.272,605.7984,1196.352,995.52,MESBLE,1920,1088
task_20210623_balacet/2021-06-23-12-15-24.jpg,318.336,389.448,1098.048,727.164,MESCHA,1920,1080
task_20211204_Orlu/2021-12-24-09-35-12.jpg,1097.472,528.336,1333.632,732.132,SITTOR,1920,1080
task_21-01-2021/2021-01-21-14-24-43.jpg,781.632,295.0656,1456.896,638.5472,MESCHA,1920,1088
task_2021-03-01_13/20210301-135214_(10.0).jpg,173.76,28.832,432.192,252.6336,VEREUR,1920,1088
task_2021_11_03-04_cescau4/2021-11-04-07-40-44.jpg,1715.712,647.892,1920.0,1080.0,MESCHA,1920,1080
task_20210616_Lab/2021-06-16-09-22-45.jpg,5.76,4.536,1737.216,1080.0,MESCHA,1920,1080
task_20210615_Lab/2021-06-15-13-50-18.jpg,1329.6,248.616,1644.096,839.052,MESCHA,1920,1080
task_2021-03-01_10/20210301-103535_(9.0).jpg,497.856,441.728,889.536,783.2512,PINARB,1920,1088
task_20210611_Lab/2021-06-11-15-34-13.jpg,793.152,225.072,1416.576,471.636,MESCHA,1920,1080
task_21-01-2021/2021-01-21-14-21-47.jpg,202.56,237.184,598.272,466.8608,MESNON,1920,1088
task_05-01-2021/2021-01-05-17-24-06.jpg,598.656,143.8336,1199.04,1049.1584,SITTOR,1920,1088
task_20210615_Lab/2021-06-15-10-43-56.jpg,897.408,254.34,1449.216,601.668,MESCHA,1920,1080
task_21-01-2021/2021-01-21-13-44-14.jpg,289.536,165.8112,690.816,513.1008,MESBLE,1920,1088
task_21-01-2021/2021-01-21-14-08-14.jpg,557.76,316.2816,887.616,615.3728,MESBLE,1920,1088
task_19-01-2021/2021-01-19-11-19-33.jpg,920.448,252.6336,1916.16,659.7632,MESCHA,1920,1088
task_20210227/20210227-132750_(9.0).jpg,79.104,601.8816,779.712,1088.0,VEREUR,1920,1088
task_20210615_Lab/2021-06-15-15-50-39.jpg,1279.296,260.172,1920.0,732.888,MESCHA,1920,1080
task_2021-03-01_17/20210301-170237_(7.0).jpg,1240.704,1022.6112,1634.496,1088.0,MESCHA,1920,1088
task_2021_11_03-04_cescau4/2021-11-03-16-18-38.jpg,1427.52,472.392,1630.656,662.796,MESNOI,1920,1080
task_19-01-2021/2021-01-19-11-40-34.jpg,567.36,109.7792,868.416,584.5824,MESCHA,1920,1088
task_2021-03-01_07/20210301-075112_(8.0).jpg,1132.8,489.9264,1728.96,1086.2592,VEREUR,1920,1088
task_20210611_Lab/2021-06-11-15-54-44.jpg,683.136,327.456,1102.08,779.652,MESCHA,1920,1080
task_20210625_balacet/2021-06-25-05-57-14.jpg,322.368,283.284,864.576,721.332,MESCHA,1920,1080
task_2021_11_03-04_cescau4/2021-11-04-08-09-02.jpg,709.824,611.28,1074.24,1080.0,MESNOI,1920,1080
task_2021-03-01_11/20210301-114456_(8.0).jpg,1177.152,696.4288,1534.08,1088.0,MESBLE,1920,1088
task_21-01-2021/2021-01-21-13-01-41.jpg,345.408,349.1392,1501.248,760.0768,MESCHA,1920,1088
task_20210705-07_balacet/2021-07-06-10-28-59.jpg,353.28,397.008,785.28,743.04,MESNON,1920,1080
task_20211204_Orlu/2021-12-24-10-55-17.jpg,1689.024,871.992,1913.856,1080.0,MESBLE,1920,1080
task_20210228/20210228-153048_(11.0).jpg,501.696,389.6128,1076.736,754.3104,MESCHA,1920,1088
task_MOIDOM_ODJ/435.jpeg,346.0725,246.9761,398.7225,274.7507,MOIDOM,675,389
task_19-01-2021/2021-01-19-12-33-08.jpg,1036.224,98.2464,1532.16,648.2304,MESBLE,1920,1088
task_2021_11_03-04_cescau4/2021-11-04-07-11-37.jpg,1297.728,501.336,1692.48,678.888,MESNON,1920,1080
task_2021-03-01_18/20210301-182651_(8.0).jpg,1308.288,306.7072,1742.592,754.3104,MESCHA,1920,1088
task_20210526_UPS/20210526-113854_(21.0).jpg,958.08,382.6496,1916.16,1088.0,PIEBAV,1920,1088
task_2021-03-01_11/20210301-115701_(13.0).jpg,1080.576,518.8672,1920.0,1088.0,MESCHA,1920,1088
task_2021-03-01_13/20210301-134232_(10.0).jpg,675.456,480.352,1134.72,756.2688,VEREUR,1920,1088
task_20210615_Lab/2021-06-15-13-37-17.jpg,926.208,293.004,1586.304,790.776,MESCHA,1920,1080
task_2021_11_03-04_cescau4/2021-11-04-06-51-47.jpg,816.96,498.852,1381.824,699.84,MESCHA,1920,1080
task_20210624_balacet/2021-06-24-08-32-34.jpg,1049.088,282.096,1504.128,780.624,MESCHA,1920,1080
task_2021-03-01_17/20210301-173907_(16.0).jpg,889.536,439.7696,1314.048,627.0144,MESCHA,1920,1088
task_20211204_Orlu/2021-12-23-13-55-37.jpg,1513.536,596.808,1879.488,1031.184,MESBLE,1920,1080
task_2021_11_03-04_cescau4/2021-11-03-10-28-09.jpg,584.64,444.744,1360.128,788.94,PINARB,1920,1080
task_20210615_Lab/2021-06-15-13-38-57.jpg,1169.472,306.504,1441.536,827.496,MESBLE,1920,1080
task_2021-03-01_17/20210301-172041_(7.0).jpg,208.512,499.6096,825.984,771.7184,MESCHA,1920,1088
task_20211204_Orlu/2021-12-24-09-15-37.jpg,457.344,489.672,1038.336,743.58,MESCHA,1920,1080
task_21-01-2021/2021-01-21-13-55-05.jpg,754.56,304.7488,1466.496,763.9936,MESCHA,1920,1088
task_2021_11_03-04_cescau4/2021-11-04-06-36-29.jpg,1114.752,413.64,1525.44,656.208,SITTOR,1920,1080
task_20210523_UPS/20210523-185628_(32.0).jpg,330.24,566.7392,1462.848,1088.0,PIEBAV,1920,1088
task_20210415_UPS/20210415-154113_(7.0).jpg,440.064,719.6032,885.696,970.496,MESCHA,1920,1088
task_20210615_Lab/2021-06-15-16-17-19.jpg,1234.944,186.84,1663.296,524.556,MESCHA,1920,1080
task_2021-03-01_13/20210301-135855_(12.0).jpg,881.856,387.6544,1373.952,684.896,VEREUR,1920,1088
task_06-01-2021/2021-01-06-12-09-27.jpg,1252.416,530.5088,1920.0,1088.0,MESCHA,1920,1088
task_2021_11_03-04_cescau4/2021-11-03-12-46-18.jpg,972.48,826.2,1920.0,1080.0,MESCHA,1920,1080
task_20211204_Orlu/2021-12-24-11-05-24.jpg,951.744,409.428,1391.232,934.092,MESCHA,1920,1080
task_20210615_Lab/2021-06-15-09-26-33.jpg,850.944,553.5,1516.8,1080.0,MESCHA,1920,1080
task_19-01-2021/2021-01-19-11-40-53.jpg,675.072,289.7344,1344.192,1088.0,MESCHA,1920,1088
task_05-01-2021/2021-01-05-16-48-38.jpg,0.0,376.1216,590.592,839.2832,MESNON,1920,1088
task_20210705-07_balacet/2021-07-07-07-32-08.jpg,1184.64,433.404,1568.832,791.748,SITTOR,1920,1080
task_2021_11_03-04_cescau4/2021-11-03-15-10-46.jpg,1254.72,447.12,1871.424,706.32,PINARB,1920,1080
task_20211204_Orlu/2021-12-23-13-16-19.jpg,1046.976,365.04,1254.336,667.764,MESBLE,1920,1080
task_2021_11_03-04_cescau4/2021-11-03-15-03-34.jpg,810.624,417.528,1353.984,808.272,MESCHA,1920,1080
task_2021-03-01_07/20210301-074726_(5.0).jpg,497.856,491.8848,918.528,763.9936,VEREUR,1920,1088
task_2021-03-01_14/20210301-145632_(14.0).jpg,389.76,453.2608,1024.704,777.4848,MESCHA,1920,1088
task_2021-03-01_12/20210301-125228_(8.0).jpg,198.72,432.0448,820.224,837.3248,MESCHA,1920,1088
task_20211204_Orlu/2021-12-23-14-15-39.jpg,1156.416,447.228,1687.104,703.08,MESBLE,1920,1080
task_2021_11_03-04_cescau4/2021-11-03-12-28-27.jpg,528.192,537.732,943.104,940.68,MESNON,1920,1080
task_2021-03-01_11/20210301-114052_(5.0).jpg,335.808,489.9264,739.008,941.4464,MESBLE,1920,1088
task_20210615_Lab/2021-06-15-09-10-02.jpg,1308.288,235.116,1511.04,431.892,MESCHA,1920,1080
task_21-01-2021/2021-01-21-12-45-08.jpg,812.352,283.5328,1180.992,702.1952,MESCHA,1920,1088
task_2021-03-01_07/20210301-074228_(7.0).jpg,140.928,478.3936,810.432,821.8752,MESCHA,1920,1088
task_20210611_Lab/2021-06-11-14-01-42.jpg,261.888,249.696,842.304,638.604,MOIDOM,1920,1080
task_20210228/20210228-154107_(6.0).jpg,466.944,410.8288,748.8,762.0352,MESCHA,1920,1088
task_2021_11_03-04_cescau4/2021-11-04-08-18-09.jpg,1260.48,913.464,1920.0,1079.028,MESCHA,1920,1080
task_2021-03-01_15/20210301-153432_(10.0).jpg,447.744,414.7456,1057.536,719.6032,MESCHA,1920,1088
task_20210217/20210217-130112_08(17.0).jpg,243.456,2.052,641.088,423.036,MESCHA,1920,1080
task_2021-03-01_14/20210301-140549_(27.0).jpg,657.984,420.512,1175.232,627.0144,MESCHA,1920,1088
task_2021-03-01_14/20210301-142238_(19.0).jpg,968.64,437.92,1179.072,648.2304,MESCHA,1920,1088
task_20210523_UPS/20210523-173415_(18.0).jpg,847.104,362.6304,1920.0,1088.0,PIEBAV,1920,1088
task_20210616_Lab/2021-06-16-06-54-55.jpg,716.16,265.14,1371.456,518.184,MESCHA,1920,1080
task_2021_11_03-04_cescau4/2021-11-03-15-14-22.jpg,562.368,524.016,1004.928,929.772,MESNON,1920,1080
task_2021-03-01_13/20210301-131809_(13.0).jpg,69.504,460.9856,793.152,918.3808,MESCHA,1920,1088
task_20210615_Lab/2021-06-15-10-36-58.jpg,1302.528,256.284,1769.472,576.612,MESCHA,1920,1080
task_20210227/20210227-114352_(5.0).jpg,1013.184,596.1152,1630.656,1084.3008,VEREUR,1920,1088
task_20210525_UPS/20210525-150338_(39.0).jpg,355.008,418.5536,1028.544,1088.0,PIEBAV,1920,1088
task_19-01-2021/2021-01-19-11-11-21.jpg,299.136,17.1904,1076.736,428.2368,MESCHA,1920,1088
task_20210205/20210205-180443_02(32.0).jpg,518.016,397.656,1197.12,744.876,PINARB,1920,1080
task_20210623_balacet/2021-06-23-15-27-45.jpg,1194.432,293.004,1920.0,686.988,ACCMOU,1920,1080
task_20210615_Lab/2021-06-15-10-37-35.jpg,1127.232,249.912,1522.944,430.056,MESCHA,1920,1080
task_20210624_balacet/2021-06-24-12-36-03.jpg,1142.4,285.228,1462.656,644.112,ACCMOU,1920,1080
task_20210705-07_balacet/2021-07-06-08-58-39.jpg,769.344,272.052,1119.36,622.836,ROUGOR,1920,1080
task_20211204_Orlu/2021-12-24-08-20-48.jpg,848.448,482.868,1259.328,728.244,MESBLE,1920,1080
task_20210623_balacet/2021-06-23-16-04-24.jpg,995.52,260.928,1371.648,696.708,MESCHA,1920,1080
task_2021-03-01_07/20210301-074718_(5.0).jpg,497.856,428.2368,829.824,746.5856,VEREUR,1920,1088
task_2021-03-01_08/20210301-085451_(13.0).jpg,729.408,420.512,947.52,750.5024,VEREUR,1920,1088
task_2021_11_03-04_cescau4/2021-11-03-16-25-57.jpg,1561.536,541.512,1920.0,920.7,MESNON,1920,1080
task_20210523_UPS/20210523-173753_(54.0).jpg,829.056,67.7824,1918.08,1084.6272,PIEBAV,1920,1088
task_2021-03-01_08/20210301-081503_(7.0).jpg,166.08,399.296,766.08,804.4672,MESCHA,1920,1088
task_20211204_Orlu/2021-12-24-09-43-53.jpg,1279.104,551.016,1808.064,841.212,SITTOR,1920,1080
task_2021_11_03-04_cescau4/2021-11-03-11-07-51.jpg,964.224,397.44,1494.144,653.724,MESCHA,1920,1080
task_21-01-2021/2021-01-21-12-36-41.jpg,264.384,196.7104,831.744,609.6064,ROUGOR,1920,1088
task_06-01-2021/2021-01-06-11-24-58.jpg,310.656,572.9408,1472.448,1088.0,MESCHA,1920,1088
task_20210228/20210228-134549_(18.0).jpg,1047.744,383.8464,1372.032,763.9936,MESCHA,1920,1088
task_2021-03-01_09/20210301-091057_(7.0).jpg,675.456,401.2544,1088.448,642.464,VEREUR,1920,1088
task_2021_11_03-04_cescau4/2021-11-03-16-11-21.jpg,1000.704,451.332,1617.408,670.896,PINARB,1920,1080
task_20210523_UPS/20210523-173535_(11.0).jpg,3.84,405.4976,1265.472,1003.136,PIEBAV,1920,1088
task_20210227/20210227-173356_(8.0).jpg,1252.416,528.5504,1539.84,1088.0,MESCHA,1920,1088
task_2021-03-01_17/20210301-173545_(10.0).jpg,864.576,395.3792,1267.776,636.5888,MESCHA,1920,1088
task_21-01-2021/2021-01-21-12-35-38.jpg,492.096,167.7696,1140.48,632.7808,MESCHA,1920,1088
task_2021_11_03-04_cescau4/2021-11-03-15-15-24.jpg,1227.264,475.848,1535.808,654.696,MESNON,1920,1080
task_20210616_Lab/2021-06-16-09-39-17.jpg,1318.656,251.208,1591.296,739.584,MESCHA,1920,1080
task_2021_11_03-04_cescau4/2021-11-04-07-36-35.jpg,1272.192,852.444,1675.008,1077.948,MESNON,1920,1080
task_19-01-2021/2021-01-19-11-53-10.jpg,1171.392,212.16,1918.08,615.3728,MESCHA,1920,1088
task_2021_11_03-04_cescau4/2021-11-04-07-40-24.jpg,806.592,561.6,1044.672,995.544,MESHUP,1920,1080
task_20210705-07_balacet/2021-07-06-08-26-57.jpg,462.336,337.932,1121.856,633.96,ROUGOR,1920,1080
task_21-01-2021/2021-01-21-12-39-17.jpg,401.472,210.2016,1130.88,864.3072,ROUGOR,1920,1088
task_2021-03-01_10/20210301-103133_(5.0).jpg,1105.728,366.4384,1397.184,713.8368,VEREUR,1920,1088
task_20211204_Orlu/2021-12-24-07-49-36.jpg,1044.288,492.372,1359.552,714.312,MESBLE,1920,1080
task_20210611_Lab/2021-06-11-13-51-48.jpg,1068.096,613.98,1686.72,1080.0,MESCHA,1920,1080
task_20211204_Orlu/2021-12-24-11-02-58.jpg,1566.912,936.144,1879.872,1080.0,MESCHA,1920,1080
task_2021_11_03-04_cescau4/2021-11-04-06-51-05.jpg,1409.856,670.464,1768.896,1080.0,MESNON,1920,1080
task_20210611_Lab/2021-06-11-17-22-56.jpg,1185.6,224.856,1770.816,608.148,MESCHA,1920,1080
task_19-01-2021/2021-01-19-10-57-16.jpg,28.992,175.4944,843.264,752.4608,MESNON,1920,1088
task_19-01-2021/2021-01-19-11-14-15.jpg,1318.08,123.1616,1821.504,584.4736,MESCHA,1920,1088
task_20210623_balacet/2021-06-23-13-29-25.jpg,518.592,367.848,1179.648,768.204,MESCHA,1920,1080
task_05-01-2021/2021-01-05-17-02-44.jpg,915.456,566.848,1920.0,1073.0944,MESBLE,1920,1088
task_06-01-2021/2021-01-06-11-14-00.jpg,411.072,692.6208,1121.088,1088.0,MESBLE,1920,1088
task_21-01-2021/2021-01-21-11-59-44.jpg,1200.192,221.7344,1877.568,769.76,MESCHA,1920,1088
task_2021-03-01_08/20210301-082231_(6.0).jpg,328.128,489.9264,725.568,891.2896,MESBLE,1920,1088
task_MOIDOM_ODJ/2161.jpeg,262.71,241.3152,317.7225,368.4528,MOIDOM,675,432
task_20210615_Lab/2021-06-15-09-09-43.jpg,1072.896,225.396,1526.4,538.056,MESCHA,1920,1080
task_20210611_Lab/2021-06-11-15-19-26.jpg,478.08,239.328,1012.416,528.444,MESCHA,1920,1080
task_20210624_balacet/2021-06-24-08-52-24.jpg,480.576,329.616,1055.616,748.332,MESCHA,1920,1080
task_20210611_Lab/2021-06-11-17-14-48.jpg,318.144,250.452,377.664,336.528,MESCHA,1920,1080
task_20210623_balacet/2021-06-23-10-41-33.jpg,1209.984,289.116,1491.648,798.552,MESCHA,1920,1080
task_05-01-2021/2021-01-05-17-28-09.jpg,282.816,498.0864,1124.352,997.4784,MESNON,1920,1088
task_05-01-2021/2021-01-05-16-27-24.jpg,773.76,374.1632,1786.944,1045.6768,MESCHA,1920,1088
task_20210612_1_Lab/2021-06-12-05-18-11.jpg,897.408,289.116,1559.232,671.22,MESCHA,1920,1080
task_20210217/20210217-173113_01(11.0).jpg,836.736,598.752,1297.728,1078.812,MESBLE,1920,1080
task_20210616_Lab/2021-06-16-09-21-36.jpg,1134.336,272.376,1747.584,620.352,MESCHA,1920,1080
task_20210228/20210228-161713_(16.0).jpg,1190.208,620.5952,1919.616,1088.0,MESCHA,1920,1088
task_2021-03-01_15/20210301-150042_(10.0).jpg,613.632,435.9616,931.968,663.68,MESCHA,1920,1088
task_20210615_Lab/2021-06-15-10-40-35.jpg,766.464,44.388,1185.792,446.364,MESCHA,1920,1080
task_20210705-07_balacet/2021-07-06-12-58-01.jpg,1155.072,448.416,1494.912,896.184,MESBLE,1920,1080
task_2021-03-01_13/20210301-135658_(8.0).jpg,748.8,460.9856,1103.808,688.704,VEREUR,1920,1088
task_2021_11_03-04_cescau4/2021-11-04-07-59-37.jpg,1269.12,449.82,1860.864,668.628,MESCHA,1920,1080
task_20210526_UPS/20210526-085341_(30.0).jpg,867.072,394.0736,1918.08,1086.5856,PIEBAV,1920,1088
task_2021_11_03-04_cescau4/2021-11-03-11-10-39.jpg,811.776,520.02,1322.496,707.508,MESHUP,1920,1080
task_05-01-2021/2021-01-05-17-05-55.jpg,727.488,381.888,1094.016,787.0592,MESCHA,1920,1088
task_2021-03-01_13/20210301-134144_(7.0).jpg,795.072,507.3344,1067.136,804.4672,VEREUR,1920,1088
task_20210623_balacet/2021-06-23-16-04-51.jpg,1254.528,285.444,1920.0,839.268,MESCHA,1920,1080
task_2021-03-01_10/20210301-103124_(7.0).jpg,854.784,310.5152,1476.288,760.0768,VEREUR,1920,1088
task_20210227/20210227-151140_(8.0).jpg,1003.392,705.7856,1394.688,1088.0,MESCHA,1920,1088
task_2021-03-01_09/20210301-090945_(21.0).jpg,0.0,599.9232,727.488,1088.0,MESCHA,1920,1088
task_05-01-2021/2021-01-05-17-35-40.jpg,1372.032,464.9024,1844.736,1088.0,ACCMOU,1920,1088
task_20210228/20210228-145802_(5.0).jpg,615.552,387.6544,1067.136,675.2128,MESCHA,1920,1088
task_20210624_balacet/2021-06-24-11-24-07.jpg,1333.824,708.588,1908.096,1080.0,ACCMOU,1920,1080
task_20210227/20210227-153655_(5.0).jpg,1163.712,787.168,1584.192,1088.0,MESCHA,1920,1088
task_2021-03-01_13/20210301-134205_(8.0).jpg,930.048,466.8608,1171.392,777.4848,VEREUR,1920,1088
task_20210624_balacet/2021-06-24-11-59-08.jpg,222.144,321.192,845.184,800.928,MESCHA,1920,1080
task_20210217/20210217-163302_01(14.0).jpg,1276.8,691.74,1853.568,1080.0,MESCHA,1920,1080
task_20210612_1_Lab/2021-06-12-06-16-31.jpg,573.312,188.784,1694.016,1080.0,MESCHA,1920,1080
task_20211204_Orlu/2021-12-23-16-02-45.jpg,333.696,421.848,783.744,994.14,MESCHA,1920,1080
task_18-01-2021/2021-01-18-13-44-39.jpg,0.0,331.7312,532.608,928.064,MESNON,1920,1088
task_20210615_Lab/2021-06-15-15-53-37.jpg,1356.672,209.952,1798.464,530.28,MESCHA,1920,1080
task_2021_11_03-04_cescau4/2021-11-04-07-14-13.jpg,1091.328,408.24,1435.584,689.472,MESHUP,1920,1080
task_2021-03-01_14/20210301-140027_(12.0).jpg,796.992,408.9792,1194.432,679.1296,MESCHA,1920,1088
task_20211204_Orlu/2021-12-23-13-24-06.jpg,844.992,375.84,1140.864,713.34,MESBLE,1920,1080
task_20210612_1_Lab/2021-06-12-05-23-18.jpg,953.28,246.672,1206.144,549.612,MESCHA,1920,1080
task_20210616_Lab/2021-06-16-04-43-05.jpg,931.968,248.076,1554.24,591.408,MESCHA,1920,1080
task_2021_11_03-04_cescau4/2021-11-03-11-47-28.jpg,838.848,487.836,1386.432,668.628,MESCHA,1920,1080
task_20210616_Lab/2021-06-16-04-50-00.jpg,1307.52,245.484,1618.176,545.832,MESCHA,1920,1080
task_19-01-2021/2021-01-19-11-17-52.jpg,831.744,17.1904,1518.72,486.1184,MESCHA,1920,1088
task_18-01-2021/2021-01-18-13-24-44.jpg,1323.84,615.3728,1918.08,945.3632,MESNON,1920,1088
task_20210217/20210217-175137_04(12.0).jpg,977.088,308.556,1419.072,1080.0,MESCHA,1920,1080
task_20211204_Orlu/2021-12-23-13-19-22.jpg,656.064,409.212,893.568,688.716,MESCHA,1920,1080
task_2021-03-01_12/20210301-125031_(11.0).jpg,341.568,443.6864,976.512,686.7456,MESCHA,1920,1088
task_20211204_Orlu/2021-12-24-10-11-49.jpg,658.752,600.048,1157.76,961.956,SITTOR,1920,1080
task_06-01-2021/2021-01-06-11-58-40.jpg,1395.264,653.9968,1914.24,964.6208,MESCHA,1920,1088
task_20210615_Lab/2021-06-15-14-05-17.jpg,1119.168,242.784,1536.0,925.884,MESCHA,1920,1080
task_05-01-2021/2021-01-05-16-01-31.jpg,740.928,497.6512,1389.312,1088.0,SITTOR,1920,1088
task_20210615_Lab/2021-06-15-14-06-14.jpg,868.416,267.84,1069.056,451.224,MESCHA,1920,1080
task_20210611_Lab/2021-06-11-14-06-47.jpg,770.112,250.236,1413.312,540.54,MESCHA,1920,1080
task_20210616_Lab/2021-06-16-06-55-23.jpg,925.632,233.928,1291.776,532.764,VEREUR,1920,1080
task_2021-03-01_13/20210301-135355_(22.0).jpg,619.392,337.4976,1128.96,806.4256,VEREUR,1920,1088
task_2021_11_03-04_cescau4/2021-11-04-08-18-32.jpg,1205.184,453.708,1428.48,705.348,PINARB,1920,1080
task_20210615_Lab/2021-06-15-09-28-09.jpg,1213.824,196.452,1777.152,653.832,MESCHA,1920,1080
task_2021_11_03-04_cescau4/2021-11-04-07-40-36.jpg,1222.656,923.616,1413.312,1080.0,MESHUP,1920,1080
task_20210616_Lab/2021-06-16-18-26-34.jpg,759.36,231.12,1427.904,621.756,VEREUR,1920,1080
task_20210612_1_Lab/2021-06-12-05-44-43.jpg,916.608,281.34,1453.056,597.888,MESCHA,1920,1080
task_20210616_Lab/2021-06-16-18-01-46.jpg,731.328,592.272,1723.968,1077.408,MESCHA,1920,1080
task_20210611_Lab/2021-06-11-15-22-55.jpg,933.504,255.42,1383.168,720.252,MESCHA,1920,1080
task_05-01-2021/2021-01-05-17-19-50.jpg,482.496,518.8672,959.04,1088.0,MESBLE,1920,1088
task_05-01-2021/2021-01-05-17-27-32.jpg,343.488,484.16,1069.056,970.496,ACCMOU,1920,1088
task_20210624_balacet/2021-06-24-12-59-42.jpg,1051.776,320.004,1291.008,607.5,ACCMOU,1920,1080
task_2021_11_03-04_cescau4/2021-11-03-16-31-32.jpg,1443.456,418.824,1681.728,732.996,MESCHA,1920,1080
task_20210611_Lab/2021-06-11-17-26-37.jpg,370.752,261.36,469.632,399.384,MESCHA,1920,1080
task_20210205/20210205-145547_01(12.0).jpg,449.664,540.0,857.664,811.296,MESCHA,1920,1080
task_19-01-2021/2021-01-19-10-59-02.jpg,0.0,185.0688,472.704,599.9232,MESBLE,1920,1088
task_20210624_balacet/2021-06-24-06-10-48.jpg,1202.304,350.892,1412.544,605.556,MESCHA,1920,1080
task_20211204_Orlu/2021-12-23-14-10-33.jpg,770.688,438.48,1349.184,708.048,MESCHA,1920,1080
task_2021-03-01_17/20210301-170151_(33.0).jpg,903.168,0.0,1563.072,792.9344,VEREUR,1920,1088
task_20210624_balacet/2021-06-24-06-35-24.jpg,162.624,307.26,768.192,927.72,MESCHA,1920,1080
task_2021_11_03-04_cescau4/2021-11-04-07-50-03.jpg,1648.704,666.576,1920.0,1080.0,MESNON,1920,1080
task_20210228/20210228-150816_(8.0).jpg,955.2,646.272,1705.92,1088.0,VEREUR,1920,1088
task_20210227/20210227-114215_(8.0).jpg,779.712,524.7424,982.272,769.76,VEREUR,1920,1088
task_2021-03-01_17/20210301-174406_(7.0).jpg,688.896,472.6272,1094.208,628.864,MESBLE,1920,1088
task_20210611_Lab/2021-06-11-16-11-49.jpg,1117.44,177.66,1694.208,543.78,MESCHA,1920,1080
task_20211204_Orlu/2021-12-24-09-00-50.jpg,493.248,560.52,867.456,844.668,MESNON,1920,1080
task_2021_11_03-04_cescau4/2021-11-03-15-54-19.jpg,1274.88,446.472,1785.216,649.944,MESNON,1920,1080
task_20210523_UPS/20210523-195427_(15.0).jpg,817.728,428.2368,1749.312,1082.7776,PIEBAV,1920,1088
task_20210615_Lab/2021-06-15-10-01-48.jpg,943.68,186.84,1568.832,478.224,MESCHA,1920,1080
task_2021_11_03-04_cescau4/2021-11-04-07-39-49.jpg,1536.576,544.212,1920.0,894.24,MESNON,1920,1080
task_20210217/20210217-140219_01(11.0).jpg,960.0,580.392,1485.12,1080.0,MESCHA,1920,1080
task_2021-03-01_14/20210301-140018_(10.0).jpg,883.776,399.296,1161.6,675.2128,MESCHA,1920,1088
task_20210615_Lab/2021-06-15-09-24-30.jpg,542.208,244.728,1206.144,605.556,MESCHA,1920,1080
task_20210705-07_balacet/2021-07-06-11-09-59.jpg,1157.184,392.364,1463.04,709.776,ROUGOR,1920,1080
task_20211204_Orlu/2021-12-23-13-48-00.jpg,264.384,483.084,915.648,1029.024,MESCHA,1920,1080
task_2021_11_03-04_cescau4/2021-11-04-07-54-23.jpg,611.328,476.496,971.328,1002.024,MESHUP,1920,1080
task_20210615_Lab/2021-06-15-16-02-48.jpg,1289.088,279.396,1636.416,634.5,MESCHA,1920,1080
task_05-01-2021/2021-01-05-16-08-48.jpg,1343.04,561.408,1918.08,1074.7264,MESBLE,1920,1088
task_21-01-2021/2021-01-21-13-21-50.jpg,0.0,229.4592,673.536,748.544,MESCHA,1920,1088
task_2021_11_03-04_cescau4/2021-11-04-08-11-09.jpg,1589.76,582.768,1920.0,879.336,MESNON,1920,1080
task_20210616_Lab/2021-06-16-09-53-28.jpg,970.752,235.224,1545.216,466.668,MESCHA,1920,1080
task_20210526_UPS/20210526-141823_(41.0).jpg,823.488,191.0528,1918.08,1086.5856,PIEBAV,1920,1088
task_20210227/20210227-172954_(7.0).jpg,1115.328,603.84,1447.296,1088.0,VEREUR,1920,1088
task_18-01-2021/2021-01-18-13-49-05.jpg,434.304,578.7072,966.72,976.2624,MESBLE,1920,1088
task_20210615_Lab/2021-06-15-13-17-42.jpg,1022.784,219.672,1518.72,487.836,MESCHA,1920,1080
task_20210611_Lab/2021-06-11-14-01-38.jpg,434.496,262.98,643.2,750.6,MESCHA,1920,1080
task_20210205/20210205-125816_02(11.0).jpg,77.76,420.444,736.128,851.148,MESCHA,1920,1080
task_19-01-2021/2021-01-19-13-19-26.jpg,908.928,119.4624,1680.768,711.8784,MESCHA,1920,1088
task_20210624_balacet/2021-06-24-13-19-27.jpg,993.792,250.56,1593.984,592.056,MESCHA,1920,1080
task_05-01-2021/2021-01-05-17-21-40.jpg,1418.88,624.9472,1920.0,1084.3008,MESCHA,1920,1088
task_2021_11_03-04_cescau4/2021-11-03-09-19-05.jpg,957.504,449.712,1564.416,718.74,SITTOR,1920,1080
task_2021-03-01_10/20210301-100343_(11.0).jpg,999.552,347.1808,1441.536,829.6,VEREUR,1920,1088
task_20210523_UPS/20210523-173751_(27.0).jpg,472.512,422.5792,1356.48,1088.0,PIEBAV,1920,1088
task_20210217/20210217-170922_08(30.0).jpg,199.296,236.412,1070.016,684.18,MESCHA,1920,1080
task_2021-03-01_10/20210301-103751_(6.0).jpg,762.24,482.3104,1408.704,787.168,VEREUR,1920,1088
task_19-01-2021/2021-01-19-11-18-41.jpg,723.648,183.1104,1007.232,464.9024,MESNON,1920,1088
task_21-01-2021/2021-01-21-11-53-45.jpg,484.416,194.752,856.704,580.6656,MESBLE,1920,1088
task_20210616_Lab/2021-06-16-18-25-34.jpg,1119.552,231.444,1623.744,574.344,MESCHA,1920,1080
task_21-01-2021/2021-01-21-12-06-59.jpg,0.0,202.4768,586.56,792.9344,MESCHA,1920,1088
task_20211204_Orlu/2021-12-24-09-59-24.jpg,707.328,485.676,1350.336,743.688,MESCHA,1920,1080
task_20210624_balacet/2021-06-24-07-03-02.jpg,870.336,343.116,1144.32,536.112,CAMPAG,1920,1080
task_20210705-07_balacet/2021-07-06-10-49-30.jpg,599.04,279.72,1079.04,646.92,ROUGOR,1920,1080
task_20210616_Lab/2021-06-16-17-54-11.jpg,916.416,545.94,1420.032,1078.704,MESCHA,1920,1080
task_20210616_Lab/2021-06-16-18-06-45.jpg,1221.696,224.748,1799.424,746.928,MESCHA,1920,1080
task_2021_11_03-04_cescau4/2021-11-04-07-31-02.jpg,1278.72,935.604,1569.408,1080.0,MESNON,1920,1080
task_2021_11_03-04_cescau4/2021-11-03-12-39-52.jpg,737.472,517.86,1205.76,694.332,MESNON,1920,1080
task_20210616_Lab/2021-06-16-09-14-16.jpg,1457.856,314.928,1765.248,1009.8,MESCHA,1920,1080
task_20211204_Orlu/2021-12-24-08-32-28.jpg,620.544,527.256,1047.936,728.028,MESCHA,1920,1080
task_05-01-2021/2021-01-05-16-51-39.jpg,5.76,347.1808,569.28,781.4016,MESCHA,1920,1088
task_20210615_Lab/2021-06-15-08-34-26.jpg,1402.944,943.272,1732.8,1080.0,MESCHA,1920,1080
task_20210228/20210228-150720_(14.0).jpg,1015.104,324.0064,1454.976,684.896,VEREUR,1920,1088
task_20210615_Lab/2021-06-15-14-04-50.jpg,1343.04,277.56,1620.864,632.556,MESCHA,1920,1080
task_21-01-2021/2021-01-21-13-14-00.jpg,908.928,242.9504,1414.464,816.1088,MESCHA,1920,1088
task_2021_11_03-04_cescau4/2021-11-03-11-47-03.jpg,863.808,483.192,1735.488,1004.184,ROUGOR,1920,1080
task_20210705-07_balacet/2021-07-06-13-46-48.jpg,722.688,406.296,1013.376,617.976,ACCMOU,1920,1080
task_2021_11_03-04_cescau4/2021-11-03-12-25-04.jpg,1211.904,489.456,1822.848,716.688,SITTOR,1920,1080
task_20210624_balacet/2021-06-24-13-34-52.jpg,642.624,285.228,1173.312,659.556,ACCMOU,1920,1080
task_20211204_Orlu/2021-12-23-13-47-09.jpg,765.12,479.088,1233.6,732.132,MESCHA,1920,1080
task_06-01-2021/2021-01-06-11-59-49.jpg,266.304,694.4704,739.008,987.7952,ACCMOU,1920,1088
task_05-01-2021/2021-01-05-16-49-23.jpg,1325.76,634.7392,1792.704,1084.3008,MESCHA,1920,1088
task_21-01-2021/2021-01-21-14-01-59.jpg,602.112,169.6192,1480.128,648.2304,MESCHA,1920,1088
task_2021_11_03-04_cescau4/2021-11-03-10-26-39.jpg,667.584,411.48,1331.136,708.048,PINARB,1920,1080
task_20210615_Lab/2021-06-15-11-00-41.jpg,922.368,348.948,1692.288,686.664,MESCHA,1920,1080
task_05-01-2021/2021-01-05-17-08-53.jpg,1566.912,498.0864,1920.0,1061.1264,SITTOR,1920,1088
task_21-01-2021/2021-01-21-13-47-45.jpg,708.288,320.1984,1294.848,659.7632,MESCHA,1920,1088
task_2021-03-01_17/20210301-170256_(13.0).jpg,1339.2,698.3872,1918.08,1088.0,MESCHA,1920,1088
task_20210227/20210227-114436_(6.0).jpg,872.256,526.592,1287.168,837.3248,VEREUR,1920,1088
task_20211204_Orlu/2021-12-24-09-04-00.jpg,942.336,499.5,1361.472,739.476,MESCHA,1920,1080
task_2021_11_03-04_cescau4/2021-11-03-10-27-30.jpg,1181.952,405.216,1814.208,703.836,PINARB,1920,1080
task_2021_11_03-04_cescau4/2021-11-04-07-43-48.jpg,1430.592,480.492,1920.0,829.656,MESCHA,1920,1080
task_05-01-2021/2021-01-05-16-58-43.jpg,1146.24,325.9648,1449.216,663.68,SITTOR,1920,1088
task_20210615_Lab/2021-06-15-13-46-05.jpg,1238.784,335.448,1920.0,662.688,MESCHA,1920,1080
task_2021-03-01_15/20210301-151335_(5.0).jpg,669.696,501.568,953.28,783.2512,MESCHA,1920,1088
task_2021-03-01_11/20210301-114513_(8.0).jpg,393.6,526.592,1080.576,814.1504,MESCHA,1920,1088
task_20210228/20210228-140744_(7.0).jpg,937.92,765.952,1329.6,1084.3008,MESCHA,1920,1088
task_20210525_UPS/20210525-154225_(21.0).jpg,604.032,354.9056,1265.856,1088.0,PIEBAV,1920,1088
task_2021-03-01_09/20210301-090002_(13.0).jpg,488.256,40.3648,881.856,769.76,VEREUR,1920,1088
task_21-01-2021/2021-01-21-12-47-27.jpg,850.944,304.7488,1285.248,790.976,MESCHA,1920,1088
task_20210623_balacet/2021-06-23-15-02-41.jpg,1233.024,308.448,1920.0,933.552,MESCHA,1920,1080
task_20211204_Orlu/2021-12-24-10-53-39.jpg,436.8,476.496,1171.008,965.52,MESCHA,1920,1080
task_2021_11_03-04_cescau4/2021-11-03-10-59-00.jpg,924.672,447.444,1559.232,665.064,MESCHA,1920,1080
task_2021-03-01_09/20210301-090017_(10.0).jpg,576.96,435.9616,1111.488,708.0704,VEREUR,1920,1088
task_20210615_Lab/2021-06-15-13-57-10.jpg,1318.08,252.396,1580.352,651.888,MESCHA,1920,1080
task_19-01-2021/2021-01-19-10-42-59.jpg,3.84,179.3024,725.568,574.8992,MESCHA,1920,1088
task_20210227/20210227-140540_(5.0).jpg,633.024,513.1008,968.64,866.2656,MESBLE,1920,1088
task_19-01-2021/2021-01-19-10-54-01.jpg,644.544,154.1696,1555.392,831.5584,MESCHA,1920,1088
task_21-01-2021/2021-01-21-12-00-15.jpg,1005.312,275.808,1364.352,740.8192,MESNON,1920,1088
task_20210217/20210217-175223_01(16.0).jpg,931.584,268.704,1286.4,777.168,MESCHA,1920,1080
task_2021-03-01_09/20210301-091545_(18.0).jpg,629.184,160.0448,1835.136,740.8192,TOUTUR,1920,1088
task_2021-03-01_07/20210301-074456_(9.0).jpg,538.368,501.568,876.096,733.0944,VEREUR,1920,1088
task_2021-03-01_16/20210301-165834_(10.0).jpg,1078.656,476.4352,1335.36,713.8368,VEREUR,1920,1088
task_2021-03-01_17/20210301-173503_(17.0).jpg,1005.312,453.2608,1308.288,628.864,MESCHA,1920,1088
task_2021_11_03-04_cescau4/2021-11-03-11-13-17.jpg,1246.08,445.284,1526.016,665.172,MESNON,1920,1080
task_2021-03-01_08/20210301-082346_(11.0).jpg,1153.92,551.7248,1734.72,1088.0,MESCHA,1920,1088
task_2021_11_03-04_cescau4/2021-11-04-08-06-41.jpg,968.448,441.288,1517.568,707.076,MESCHA,1920,1080
task_20210615_Lab/2021-06-15-11-02-21.jpg,1250.496,308.448,1723.2,626.832,MESCHA,1920,1080
task_06-01-2021/2021-01-06-11-53-26.jpg,1429.824,430.1952,1920.0,1061.1264,MESCHA,1920,1088
task_20210623_balacet/2021-06-23-13-26-20.jpg,806.592,366.336,1017.024,582.444,ACCMOU,1920,1080
task_20210615_Lab/2021-06-15-10-57-54.jpg,1096.128,696.276,1665.408,1080.0,MESCHA,1920,1080
task_20210623_balacet/2021-06-23-10-54-53.jpg,913.152,330.912,1709.184,704.7,MESCHA,1920,1080
task_19-01-2021/2021-01-19-11-17-55.jpg,0.0,158.0864,750.72,630.8224,MESBLE,1920,1088
task_2021-03-01_09/20210301-091048_(5.0).jpg,679.296,380.0384,1107.648,682.9376,VEREUR,1920,1088
task_20210705-07_balacet/2021-07-06-07-54-15.jpg,196.992,364.5,863.232,808.164,MESNON,1920,1080
task_2021_11_03-04_cescau4/2021-11-04-07-57-50.jpg,977.472,531.36,1160.832,680.832,MESHUP,1920,1080
task_20210624_balacet/2021-06-24-17-14-00.jpg,1090.368,312.228,1673.088,707.832,MESCHA,1920,1080
task_2021_11_03-04_cescau4/2021-11-04-07-02-13.jpg,804.864,383.724,1407.168,712.476,PINARB,1920,1080
task_21-01-2021/2021-01-21-11-59-35.jpg,191.04,158.0864,1076.736,652.0384,MESCHA,1920,1088
task_20210611_Lab/2021-06-11-14-04-27.jpg,267.456,253.476,836.736,674.676,MESCHA,1920,1080
task_20211204_Orlu/2021-12-24-09-00-29.jpg,777.216,491.292,1284.288,711.288,MESCHA,1920,1080
task_2021-03-01_17/20210301-173604_(11.0).jpg,986.112,393.5296,1320.0,680.9792,VEREUR,1920,1088
task_2021_11_03-04_cescau4/2021-11-03-14-45-58.jpg,1295.616,493.992,1686.336,658.152,MESNON,1920,1080
task_20210228/20210228-151438_(7.0).jpg,266.304,449.4528,931.968,748.544,PINARB,1920,1088
task_2021_11_03-04_cescau4/2021-11-03-11-56-17.jpg,1101.888,475.416,1289.856,650.916,MESCHA,1920,1080
task_2021-03-01_17/20210301-172759_(13.0).jpg,629.184,489.9264,966.72,638.5472,MESCHA,1920,1088
task_20210616_Lab/2021-06-16-09-12-10.jpg,1482.624,256.716,1761.6,516.024,MESCHA,1920,1080
task_20210227/20210227-131013_(11.0).jpg,532.608,281.5744,1096.128,777.4848,VEREUR,1920,1088
task_20210615_Lab/2021-06-15-10-45-26.jpg,1275.456,254.34,1543.68,727.164,MESCHA,1920,1080
task_2021-03-01_18/20210301-182704_(6.0).jpg,690.816,432.0448,1107.648,690.6624,MESCHA,1920,1088
task_2021-03-01_12/20210301-122209_(8.0).jpg,330.048,410.8288,733.248,1045.4592,MESCHA,1920,1088
task_18-01-2021/2021-01-18-13-34-14.jpg,1153.92,335.648,1844.736,868.224,MESBLE,1920,1088
task_21-01-2021/2021-01-21-13-29-06.jpg,557.76,277.6576,1229.184,763.9936,MESCHA,1920,1088
task_20210624_balacet/2021-06-24-11-04-25.jpg,692.736,337.392,1140.48,711.72,MESCHA,1920,1080
task_05-01-2021/2021-01-05-17-06-37.jpg,1127.04,545.8496,1223.424,680.9792,MESCHA,1920,1088
task_20210616_Lab/2021-06-16-18-07-23.jpg,1332.48,216.54,1581.12,640.332,MESCHA,1920,1080
task_20210612_1_Lab/2021-06-12-06-33-15.jpg,495.936,296.784,1256.256,738.72,MESCHA,1920,1080
task_21-01-2021/2021-01-21-14-23-36.jpg,634.944,187.0272,1169.472,995.52,MESCHA,1920,1088
task_2021-03-01_15/20210301-150138_(10.0).jpg,646.464,480.352,937.92,636.5888,MESCHA,1920,1088
task_20210228/20210228-171138_(12.0).jpg,1109.568,619.2896,1688.448,1086.2592,MESCHA,1920,1088
task_20210228/20210228-142342_(5.0).jpg,1034.304,474.5856,1323.84,748.544,VEREUR,1920,1088
task_20210616_Lab/2021-06-16-18-50-33.jpg,998.784,245.916,1595.52,445.824,MESCHA,1920,1080
task_20210615_Lab/2021-06-15-13-46-10.jpg,918.528,161.784,1204.224,491.724,MESCHA,1920,1080
task_20210625_balacet/2021-06-25-06-00-18.jpg,1047.744,333.504,1244.736,578.556,MESCHA,1920,1080
task_2021-03-01_10/20210301-102239_(6.0).jpg,385.92,466.8608,777.6,995.52,MESCHA,1920,1088
task_2021_11_03-04_cescau4/2021-11-03-16-08-34.jpg,1153.536,462.888,1596.48,657.288,MESNON,1920,1080
task_20210615_Lab/2021-06-15-16-16-34.jpg,1146.24,169.452,1383.552,397.116,MESCHA,1920,1080
task_20210615_Lab/2021-06-15-13-39-26.jpg,1320.0,165.564,1779.264,619.056,MESCHA,1920,1080
task_06-01-2021/2021-01-06-11-40-58.jpg,1603.584,540.0832,1920.0,1086.1504,MESCHA,1920,1088
task_2021_11_03-04_cescau4/2021-11-03-11-26-37.jpg,1316.16,453.06,1512.0,673.272,MESNOI,1920,1080
task_19-01-2021/2021-01-19-12-01-09.jpg,438.144,3.6992,1076.736,545.9584,ROUGOR,1920,1088
task_18-01-2021/2021-01-18-14-16-16.jpg,563.52,185.0688,1130.88,696.4288,MESCHA,1920,1088
task_06-01-2021/2021-01-06-11-40-38.jpg,0.0,746.5856,98.496,1026.4192,MESNON,1920,1088
task_20210611_Lab/2021-06-11-17-20-01.jpg,852.864,228.636,1323.456,479.844,MESCHA,1920,1080
task_20210227/20210227-151021_(11.0).jpg,811.584,680.4352,1581.312,1088.0,MESCHA,1920,1088
task_20210526_UPS/20210526-091357_(11.0).jpg,707.712,413.1136,1237.056,1088.0,PIEBAV,1920,1088
task_05-01-2021/2021-01-05-16-40-53.jpg,995.712,501.568,1920.0,1086.2592,SITTOR,1920,1088
task_20210615_Lab/2021-06-15-13-47-19.jpg,1246.656,196.452,1534.08,505.224,MESCHA,1920,1080
task_05-01-2021/2021-01-05-17-12-39.jpg,0.0,441.728,580.992,1016.8448,SITTOR,1920,1088
task_20210205/20210205-122536_01(12.0).jpg,544.512,386.316,1428.672,830.304,VEREUR,1920,1080
task_2021-03-01_15/20210301-151557_(11.0).jpg,1061.376,686.7456,1362.432,1088.0,MESBLE,1920,1088
task_2021-03-01_17/20210301-170041_(11.0).jpg,405.312,762.0352,727.488,1088.0,MESCHA,1920,1088
task_20210525_UPS/20210525-164838_(31.0).jpg,715.968,271.8912,1792.704,1088.0,PIEBAV,1920,1088
task_06-01-2021/2021-01-06-10-56-52.jpg,356.928,698.3872,970.56,1082.3424,MESCHA,1920,1088
task_20210624_balacet/2021-06-24-11-22-49.jpg,1150.08,362.448,1402.944,651.888,ACCMOU,1920,1080
task_20210705-07_balacet/2021-07-06-11-08-27.jpg,1055.424,293.976,1528.128,696.168,ROUGOR,1920,1080
task_21-01-2021/2021-01-21-12-31-08.jpg,523.008,244.9088,1213.824,567.1744,MESCHA,1920,1088
task_2021_11_03-04_cescau4/2021-11-03-16-23-08.jpg,1356.864,491.076,1631.04,713.232,SITTOR,1920,1080
task_20211204_Orlu/2021-12-24-09-48-47.jpg,1343.04,537.624,1868.928,799.632,MESCHA,1920,1080
task_2021-03-01_10/20210301-104330_(9.0).jpg,463.104,432.0448,993.792,748.544,MESBLE,1920,1088
task_20210623_balacet/2021-06-23-12-07-49.jpg,663.936,184.896,1107.648,736.776,ROUGOR,1920,1080
task_18-01-2021/2021-01-18-14-33-28.jpg,1391.232,499.6096,1875.648,972.3456,MESCHA,1920,1088
task_2021_11_03-04_cescau4/2021-11-03-10-56-27.jpg,1335.168,439.128,1652.544,783.324,MESCHA,1920,1080
task_2021_11_03-04_cescau4/2021-11-03-15-02-27.jpg,1185.024,449.172,1895.808,761.724,PINARB,1920,1080
task_20210227/20210227-120250_(7.0).jpg,1088.448,611.5648,1505.088,862.3488,MESCHA,1920,1088
task_20210205/20210205-164741_03(40.0).jpg,912.576,581.688,1521.6,1044.684,MESCHA,1920,1080
task_20210623_balacet/2021-06-23-13-03-38.jpg,999.552,291.06,1389.312,603.612,MESCHA,1920,1080
task_18-01-2021/2021-01-18-13-48-54.jpg,401.472,491.8848,997.632,887.4816,MESBLE,1920,1088
task_20210217/20210217-162600_01(12.0).jpg,1007.04,493.668,1414.272,1080.0,MESCHA,1920,1080
task_21-01-2021/2021-01-21-14-14-22.jpg,465.024,131.104,879.936,646.272,MESCHA,1920,1088
task_20210616_Lab/2021-06-16-06-42-30.jpg,1386.432,269.46,1697.28,546.264,MESCHA,1920,1080
task_20210612_1_Lab/2021-06-12-06-02-18.jpg,1055.616,285.228,1254.336,493.668,MESCHA,1920,1080
task_20210616_Lab/2021-06-16-09-14-21.jpg,1326.336,240.624,1694.4,883.872,MESCHA,1920,1080
task_20210611_Lab/2021-06-11-15-30-48.jpg,861.312,264.924,1422.912,549.504,MESCHA,1920,1080
task_19-01-2021/2021-01-19-11-24-48.jpg,424.512,3.6992,1121.088,499.6096,MESCHA,1920,1088
task_19-01-2021/2021-01-19-10-58-40.jpg,652.224,123.3792,978.432,372.3136,MESNON,1920,1088
task_2021-03-01_13/20210301-134956_(5.0).jpg,611.712,437.92,931.968,785.2096,VEREUR,1920,1088
task_2021-03-01_14/20210301-145127_(12.0).jpg,737.088,472.6272,916.608,652.0384,MESCHA,1920,1088
task_2021_11_03-04_cescau4/2021-11-03-11-20-41.jpg,1217.664,472.176,1627.776,667.224,MESHUP,1920,1080
task_05-01-2021/2021-01-05-17-24-03.jpg,951.36,430.1952,1428.096,1074.6176,SITTOR,1920,1088
task_20210612_1_Lab/2021-06-12-04-56-50.jpg,899.328,277.56,1200.192,948.996,MESCHA,1920,1080
task_05-01-2021/2021-01-05-17-23-27.jpg,343.488,356.7552,729.408,756.2688,MESCHA,1920,1088
task_20210217/20210217-174346_01(12.0).jpg,811.968,1.188,1669.632,720.252,TOUTUR,1920,1080
task_18-01-2021/2021-01-18-14-06-12.jpg,264.384,304.7488,852.864,646.272,MESBLE,1920,1088
task_20210623_balacet/2021-06-23-14-39-43.jpg,349.248,347.004,760.32,893.052,MESCHA,1920,1080
task_20210612_1_Lab/2021-06-12-05-41-53.jpg,683.136,200.34,1040.064,792.72,MESCHA,1920,1080
task_2021-03-01_17/20210301-170310_(13.0).jpg,988.032,501.568,1206.144,719.6032,MESCHA,1920,1088
task_20211204_Orlu/2021-12-24-10-26-14.jpg,1212.672,489.348,1470.336,795.528,MESCHA,1920,1080
task_20210624_balacet/2021-06-24-13-21-03.jpg,1135.68,275.616,1489.92,662.256,MESCHA,1920,1080
task_20210705-07_balacet/2021-07-07-07-36-58.jpg,819.456,367.092,1220.16,653.832,SITTOR,1920,1080
task_2021-03-01_13/20210301-135727_(8.0).jpg,943.68,401.2544,1180.992,690.6624,VEREUR,1920,1088
task_2021_11_03-04_cescau4/2021-11-03-11-34-56.jpg,1158.912,451.116,1458.048,657.612,MESNON,1920,1080
task_2021-03-01_12/20210301-122949_(10.0).jpg,301.056,435.9616,795.072,1022.6112,MESCHA,1920,1088
task_20210623_balacet/2021-06-23-09-22-50.jpg,756.48,356.616,1033.536,573.264,MESCHA,1920,1080
task_20210526_UPS/20210526-091241_(20.0).jpg,770.304,369.376,1660.032,1084.6272,PIEBAV,1920,1088
task_20210612_1_Lab/2021-06-12-06-02-02.jpg,1192.512,538.056,1682.688,1080.0,MESCHA,1920,1080
task_20211204_Orlu/2021-12-24-09-57-33.jpg,698.688,510.192,1115.52,1059.696,MESCHA,1920,1080
task_2021_11_03-04_cescau4/2021-11-03-15-55-46.jpg,964.224,432.432,1594.176,703.296,MESCHA,1920,1080
task_21-01-2021/2021-01-21-13-17-38.jpg,727.488,258.4,1427.904,785.2096,MESCHA,1920,1088
task_20210612_1_Lab/2021-06-12-06-16-36.jpg,561.6,541.836,1835.136,1080.0,MESCHA,1920,1080
task_2021_11_03-04_cescau4/2021-11-03-14-34-50.jpg,1373.568,482.868,1568.448,665.172,MESCHA,1920,1080
task_20210705-07_balacet/2021-07-06-11-10-08.jpg,1049.664,392.364,1668.864,683.964,ROUGOR,1920,1080
task_2021-03-01_09/20210301-090952_(6.0).jpg,1132.8,397.3376,1628.736,752.4608,VEREUR,1920,1088
task_2021_11_03-04_cescau4/2021-11-03-14-56-11.jpg,1064.448,464.832,1264.704,669.708,MESNON,1920,1080
task_20210205/20210205-180907_01(36.0).jpg,214.464,467.856,1240.896,868.212,PINARB,1920,1080
task_21-01-2021/2021-01-21-12-34-25.jpg,526.848,279.616,854.784,601.8816,MESBLE,1920,1088
task_2021_11_03-04_cescau4/2021-11-03-15-41-49.jpg,1321.92,426.816,1590.336,662.364,MESNON,1920,1080
task_20211204_Orlu/2021-12-23-15-35-28.jpg,1273.728,436.104,1446.144,621.0,MESBLE,1920,1080
task_20210228/20210228-132820_(5.0).jpg,872.256,291.2576,1275.456,596.1152,MESBLE,1920,1088
task_21-01-2021/2021-01-21-13-53-26.jpg,0.0,50.048,885.696,443.6864,MESNON,1920,1088
task_19-01-2021/2021-01-19-11-38-23.jpg,463.104,67.3472,694.656,428.2368,MESCHA,1920,1088
task_2021_11_03-04_cescau4/2021-11-03-16-18-46.jpg,669.504,360.828,1047.552,903.204,MESCHA,1920,1080
task_20210624_balacet/2021-06-24-12-53-57.jpg,932.352,278.964,1332.864,608.688,MESCHA,1920,1080
task_20210526_UPS/20210526-160908_(22.0).jpg,1013.184,449.1264,1257.984,948.0832,ROUGOR,1920,1088
task_2021-03-01_12/20210301-123543_(5.0).jpg,621.312,449.4528,984.192,754.3104,VEREUR,1920,1088
task_2021-03-01_11/20210301-114517_(10.0).jpg,885.696,472.6272,1173.312,625.056,MESCHA,1920,1088
task_05-01-2021/2021-01-05-16-49-33.jpg,1105.728,480.352,1918.08,1059.0592,SITTOR,1920,1088
task_20211204_Orlu/2021-12-23-15-16-01.jpg,824.064,465.372,1304.832,659.556,MESNON,1920,1080
task_2021-03-01_14/20210301-142709_(6.0).jpg,984.192,376.1216,1202.304,704.1536,VEREUR,1920,1088
task_05-01-2021/2021-01-05-16-38-05.jpg,1109.568,408.8704,1553.472,1007.0528,SITTOR,1920,1088
task_19-01-2021/2021-01-19-11-14-24.jpg,1.92,109.7792,659.904,642.464,MESCHA,1920,1088
task_20210612_1_Lab/2021-06-12-05-06-23.jpg,1182.912,196.452,1499.328,794.664,MESCHA,1920,1080
task_20210611_Lab/2021-06-11-15-59-17.jpg,671.616,228.852,977.088,767.664,MESCHA,1920,1080
task_MOIDOM_ODJ/435.jpeg,366.9975,21.2005,464.265,115.9609,MOIDOM,675,389
task_2021-03-01_14/20210301-142728_(7.0).jpg,702.336,474.5856,980.352,692.6208,VEREUR,1920,1088
task_20210612_1_Lab/2021-06-12-05-41-41.jpg,642.624,177.228,936.0,786.996,MESCHA,1920,1080
task_2021_11_03-04_cescau4/2021-11-03-13-32-31.jpg,505.92,514.404,1234.368,848.448,MESCHA,1920,1080
task_2021-03-01_17/20210301-175932_(11.0).jpg,692.736,457.1776,1032.384,671.4048,MESCHA,1920,1088
task_20211204_Orlu/2021-12-23-15-24-24.jpg,822.912,504.144,1376.256,729.108,MESCHA,1920,1080
task_20210615_Lab/2021-06-15-09-22-05.jpg,430.272,233.172,1127.04,667.332,MESCHA,1920,1080
task_20210624_balacet/2021-06-24-13-28-57.jpg,841.344,335.448,1609.344,734.832,MESCHA,1920,1080
task_20210616_Lab/2021-06-16-09-18-13.jpg,1128.576,227.124,1399.488,520.344,VEREUR,1920,1080
task_20210615_Lab/2021-06-15-11-00-29.jpg,841.344,208.008,1094.208,458.892,MESBLE,1920,1080
task_19-01-2021/2021-01-19-11-19-28.jpg,1221.504,242.9504,1732.8,763.9936,MESCHA,1920,1088
task_21-01-2021/2021-01-21-11-52-23.jpg,518.4,274.5024,1322.88,616.5696,MESCHA,1920,1088
task_20210227/20210227-124500_(6.0).jpg,750.72,491.8848,991.872,737.0112,MESCHA,1920,1088
task_2021-03-01_17/20210301-170209_(7.0).jpg,735.168,474.5856,957.12,723.4112,VEREUR,1920,1088
task_05-01-2021/2021-01-05-16-09-39.jpg,1244.736,513.1008,1769.472,951.2384,MESBLE,1920,1088
task_20210611_Lab/2021-06-11-15-41-52.jpg,289.344,292.68,722.112,746.496,MESCHA,1920,1080
task_2021-03-01_14/20210301-144953_(10.0).jpg,196.8,491.8848,804.672,825.6832,MESCHA,1920,1088
task_2021_11_03-04_cescau4/2021-11-04-07-34-34.jpg,1052.928,472.068,1296.384,675.54,MESHUP,1920,1080
task_2021-03-01_10/20210301-100329_(19.0).jpg,951.36,474.5856,1669.248,779.4432,VEREUR,1920,1088
task_20210525_UPS/20210525-154405_(28.0).jpg,220.032,283.5328,1057.536,1084.3008,PIEBAV,1920,1088
task_2021-03-01_18/20210301-183633_(7.0).jpg,345.408,434.0032,818.304,877.7984,MESBLE,1920,1088
task_20210205/20210205-145711_03(15.0).jpg,318.72,631.044,738.048,1080.0,MESCHA,1920,1080
task_2021-03-01_10/20210301-101511_(13.0).jpg,945.6,441.728,1291.008,760.0768,MESBLE,1920,1088
task_20210615_Lab/2021-06-15-10-39-53.jpg,1094.208,278.748,1697.28,554.796,MESCHA,1920,1080
task_2021_11_03-04_cescau4/2021-11-03-11-56-12.jpg,1522.368,371.628,1920.0,730.62,MESCHA,1920,1080
task_2021-03-01_09/20210301-091110_(20.0).jpg,1001.472,628.864,1916.16,1088.0,VEREUR,1920,1088
task_20210420/20210420-100632_(9.0).jpg,303.552,0.0,1077.696,1084.6272,PIEBAV,1920,1088
task_20210623_balacet/2021-06-23-10-51-53.jpg,337.728,302.616,982.272,669.276,ACCMOU,1920,1080
task_2021_11_03-04_cescau4/2021-11-03-14-49-59.jpg,1268.736,484.056,1581.888,656.964,MESNON,1920,1080
task_20210611_Lab/2021-06-11-15-45-05.jpg,1022.976,299.376,1601.472,741.852,MESCHA,1920,1080
task_05-01-2021/2021-01-05-17-24-50.jpg,0.0,366.5472,420.672,926.1056,MESBLE,1920,1088
task_2021_11_03-04_cescau4/2021-11-03-16-16-26.jpg,1366.848,486.216,1586.112,652.968,MESNON,1920,1080
task_2021-03-01_13/20210301-135151_(13.0).jpg,1078.656,453.2608,1399.104,769.76,VEREUR,1920,1088
task_20210624_balacet/2021-06-24-09-59-41.jpg,711.744,183.708,1279.488,701.46,MESCHA,1920,1080
task_21-01-2021/2021-01-21-11-59-56.jpg,1186.752,252.6336,1920.0,910.5472,MESBLE,1920,1088
task_20210612_1_Lab/2021-06-12-04-21-54.jpg,567.36,289.116,868.416,599.724,MESCHA,1920,1080
task_05-01-2021/2021-01-05-16-08-37.jpg,1275.456,574.8992,1881.408,1088.0,SITTOR,1920,1088
task_21-01-2021/2021-01-21-11-57-52.jpg,889.536,601.8816,1603.584,1088.0,MESBLE,1920,1088
task_05-01-2021/2021-01-05-16-16-36.jpg,1105.728,578.7072,1219.584,688.704,PINARB,1920,1088
task_05-01-2021/2021-01-05-17-40-51.jpg,870.336,372.3136,1920.0,1076.576,ROUGOR,1920,1088
task_2021_11_03-04_cescau4/2021-11-03-12-13-21.jpg,1467.84,473.688,1872.0,805.896,MESCHA,1920,1080
task_20210625_balacet/2021-06-25-05-30-28.jpg,1055.616,360.504,1464.576,1014.66,MESCHA,1920,1080
task_20210612_1_Lab/2021-06-12-05-39-50.jpg,1101.888,225.396,1570.752,678.888,MESCHA,1920,1080
task_20210611_Lab/2021-06-11-16-00-00.jpg,1168.896,229.608,1727.04,650.16,MESCHA,1920,1080
task_20210227/20210227-113956_(5.0).jpg,679.296,478.3936,1051.776,850.816,MESBLE,1920,1088
task_2021_11_03-04_cescau4/2021-11-03-15-07-06.jpg,1317.312,477.9,1537.728,649.08,MESNON,1920,1080
task_20211204_Orlu/2021-12-23-13-51-22.jpg,1318.272,522.504,1874.304,836.46,MESNOI,1920,1080
task_MOIDOM_ODJ/317.jpeg,210.0693,153.36,467.0403,357.03,MOIDOM,599,450
task_20210623_balacet/2021-06-23-11-20-57.jpg,997.632,285.228,1348.8,642.276,MESCHA,1920,1080
task_2021_11_03-04_cescau4/2021-11-04-07-36-38.jpg,1111.296,366.552,1608.192,695.52,PINARB,1920,1080
task_2021-03-01_09/20210301-090542_(10.0).jpg,225.792,424.32,936.0,760.0768,VEREUR,1920,1088
task_20210616_Lab/2021-06-16-17-57-20.jpg,1254.336,250.236,1733.184,595.296,MESCHA,1920,1080
task_19-01-2021/2021-01-19-11-36-26.jpg,918.528,196.7104,1898.88,777.4848,MESCHA,1920,1088
task_20210205/20210205-131850_02(11.0).jpg,1288.32,553.284,1885.824,1080.0,MESCHA,1920,1080
task_2021-03-01_14/20210301-144729_(14.0).jpg,748.8,482.3104,1038.144,638.5472,MESCHA,1920,1088
task_21-01-2021/2021-01-21-13-03-05.jpg,960.96,273.8496,1690.368,798.7008,MESCHA,1920,1088
task_20210612_1_Lab/2021-06-12-06-37-38.jpg,1271.616,603.612,1644.096,1078.38,MESCHA,1920,1080
task_05-01-2021/2021-01-05-17-14-52.jpg,517.248,447.4944,1283.328,769.76,ACCMOU,1920,1088
task_2021-03-01_16/20210301-165820_(8.0).jpg,785.472,432.0448,1051.776,765.952,VEREUR,1920,1088
task_20210525_UPS/20210525-155703_(24.0).jpg,625.152,366.4384,1920.0,1088.0,PIEBAV,1920,1088
task_2021_11_03-04_cescau4/2021-11-03-16-13-36.jpg,1412.352,445.284,1620.096,670.356,MESNON,1920,1080
task_20210205/20210205-145229_02(75.0).jpg,641.28,376.812,1026.432,908.064,MESCHA,1920,1080
task_20210624_balacet/2021-06-24-10-01-02.jpg,877.248,328.32,1133.184,640.548,MESBLE,1920,1080
task_20211204_Orlu/2021-12-24-08-05-34.jpg,1031.424,486.756,1256.256,688.824,MESCHA,1920,1080
task_20210523_UPS/20210523-173427_(20.0).jpg,508.224,409.3056,1278.72,1086.5856,PIEBAV,1920,1088
task_06-01-2021/2021-01-06-11-48-29.jpg,1165.632,553.6832,1918.08,1036.1024,MESCHA,1920,1088
task_20210612_1_Lab/2021-06-12-05-11-28.jpg,1159.68,190.728,1657.536,611.388,MESCHA,1920,1080
task_2021_11_03-04_cescau4/2021-11-03-15-56-55.jpg,938.496,453.924,1217.472,702.54,MESNON,1920,1080
task_2021_11_03-04_cescau4/2021-11-03-15-41-10.jpg,1180.032,493.884,1606.464,663.444,MESNOI,1920,1080
task_20210615_Lab/2021-06-15-11-07-40.jpg,687.744,771.768,1391.616,1080.0,MESCHA,1920,1080
task_20210623_balacet/2021-06-23-11-30-18.jpg,883.776,248.616,1453.056,621.0,MESCHA,1920,1080
task_20210417_UPS/20210417-184258_(23.0).jpg,601.152,604.1664,1916.352,1088.0,PIEBAV,1920,1088
task_20210705-07_balacet/2021-07-07-07-55-54.jpg,585.792,68.688,1187.712,665.388,ACCMOU,1920,1080
task_20210615_Lab/2021-06-15-09-06-09.jpg,1144.32,202.284,1823.616,557.28,MESCHA,1920,1080
task_2021-03-01_15/20210301-151659_(24.0).jpg,733.248,445.536,1177.152,646.272,MESCHA,1920,1088
task_20210623_balacet/2021-06-23-12-07-22.jpg,777.6,279.396,1225.344,619.056,ROUGOR,1920,1080
task_20211204_Orlu/2021-12-24-11-03-15.jpg,1526.4,659.448,1543.296,689.904,MESBLE,1920,1080
task_20210417_UPS/20210417-092429_(6.0).jpg,895.296,831.5584,1497.408,1088.0,MESCHA,1920,1088
task_2021_11_03-04_cescau4/2021-11-03-13-33-27.jpg,1118.976,447.12,1394.88,838.296,MESCHA,1920,1080
task_05-01-2021/2021-01-05-17-34-53.jpg,1272.384,349.1392,1773.312,988.992,ACCMOU,1920,1088
task_20210705-07_balacet/2021-07-06-08-26-36.jpg,701.76,262.548,1096.512,621.324,ROUGOR,1920,1080
task_20210705-07_balacet/2021-07-06-10-46-07.jpg,1213.632,418.716,1604.544,814.644,ROUGOR,1920,1080
task_20210525_UPS/20210525-180858_(29.0).jpg,782.784,470.9952,1920.0,1087.0208,PIEBAV,1920,1088
task_19-01-2021/2021-01-19-11-15-59.jpg,459.264,78.9888,1119.168,501.568,MESCHA,1920,1088
task_21-01-2021/2021-01-21-12-49-19.jpg,708.288,341.4144,1366.272,694.4704,MESCHA,1920,1088
task_20211204_Orlu/2021-12-23-16-10-39.jpg,1051.008,474.768,1321.92,709.776,MESNON,1920,1080
task_2021_11_03-04_cescau4/2021-11-03-12-12-31.jpg,889.344,440.856,1417.344,708.588,MESCHA,1920,1080
task_20210205/20210205-160605_02(11.0).jpg,929.664,879.552,1441.92,1080.0,PINARB,1920,1080
task_20210417_UPS/20210417-175551_(17.0).jpg,4.608,431.1744,1401.024,1088.0,PIEBAV,1920,1088
task_MOIDOM_ODJ/1012.jpeg,89.19,84.3024,190.8,273.7392,MOIDOM,450,336
task_20211204_Orlu/2021-12-24-10-34-56.jpg,716.736,472.824,1283.328,746.928,MESCHA,1920,1080
task_20210611_Lab/2021-06-11-15-59-27.jpg,992.256,270.54,1610.688,790.452,MESCHA,1920,1080
task_2021_11_03-04_cescau4/2021-11-04-06-59-38.jpg,1641.984,679.428,1920.0,1080.0,SITTOR,1920,1080
task_20211204_Orlu/2021-12-24-09-13-08.jpg,735.552,473.472,1338.816,705.996,MESCHA,1920,1080
task_20210611_Lab/2021-06-11-13-57-20.jpg,732.288,293.328,1193.472,805.572,MESCHA,1920,1080
task_20210615_Lab/2021-06-15-16-16-34.jpg,1333.44,316.116,1806.144,613.332,MESCHA,1920,1080
task_2021_11_03-04_cescau4/2021-11-03-13-52-14.jpg,624.0,142.56,1389.12,1046.628,MESCHA,1920,1080
task_20210205/20210205-154013_03(19.0).jpg,540.672,348.408,982.848,906.12,PINARB,1920,1080
task_2021-03-01_07/20210301-075759_(5.0).jpg,943.68,408.9792,1427.904,806.4256,VEREUR,1920,1088
task_19-01-2021/2021-01-19-13-22-55.jpg,677.376,167.6608,1485.888,611.456,MESCHA,1920,1088
task_20211204_Orlu/2021-12-24-09-08-01.jpg,479.04,564.084,964.992,804.06,SITTOR,1920,1080
task_2021_11_03-04_cescau4/2021-11-03-11-31-46.jpg,1294.464,452.304,1572.288,919.512,MESHUP,1920,1080
task_20210616_Lab/2021-06-16-17-59-50.jpg,1056.0,365.688,1852.992,866.592,MESCHA,1920,1080
task_20210523_UPS/20210523-175808_(22.0).jpg,741.888,363.7184,1335.744,1080.928,PIEBAV,1920,1088
task_20210615_Lab/2021-06-15-09-06-41.jpg,1335.36,213.84,1611.264,727.164,MESCHA,1920,1080
task_20210612_1_Lab/2021-06-12-05-55-47.jpg,449.664,318.06,1169.472,692.388,MESCHA,1920,1080
task_20210612_1_Lab/2021-06-12-06-37-30.jpg,856.704,235.116,1271.616,476.28,MESCHA,1920,1080
task_20210611_Lab/2021-06-11-15-43-36.jpg,682.176,212.436,1269.696,609.012,MESCHA,1920,1080
task_20210227/20210227-124142_(5.0).jpg,910.848,570.9824,1092.288,783.2512,VEREUR,1920,1088
task_2021-03-01_07/20210301-075020_(6.0).jpg,1121.088,638.5472,1590.144,1088.0,VEREUR,1920,1088
task_20210616_Lab/2021-06-16-18-04-07.jpg,1166.4,217.296,1565.952,461.7,MESCHA,1920,1080
task_20210228/20210228-162006_(16.0).jpg,874.176,441.728,1707.84,798.7008,MESCHA,1920,1088
task_2021-03-01_13/20210301-135740_(12.0).jpg,708.288,399.296,1265.856,671.4048,VEREUR,1920,1088
task_2021_11_03-04_cescau4/2021-11-03-12-29-06.jpg,332.16,45.468,1916.928,1074.06,MESCHA,1920,1080
task_20210611_Lab/2021-06-11-16-50-20.jpg,1152.576,274.212,1772.928,646.38,MESCHA,1920,1080
task_20210523_UPS/20210523-174041_(17.0).jpg,633.792,413.1136,1290.24,1084.6272,PIEBAV,1920,1088
task_05-01-2021/2021-01-05-16-58-11.jpg,1127.04,387.6544,1464.576,810.3424,MESCHA,1920,1088
task_20210227/20210227-144856_(5.0).jpg,817.152,581.2096,1259.52,882.2592,MESCHA,1920,1088
task_20210417_UPS/20210417-154002_(12.0).jpg,715.968,532.4672,1275.456,833.408,MESCHA,1920,1088
task_2021_11_03-04_cescau4/2021-11-04-07-40-36.jpg,937.152,429.084,1417.152,685.908,PINARB,1920,1080
task_20210611_Lab/2021-06-11-15-34-35.jpg,605.184,180.36,1916.16,1078.92,MESCHA,1920,1080
task_20211204_Orlu/2021-12-24-08-27-07.jpg,1066.56,518.616,1313.664,731.052,MESCHA,1920,1080
task_2021-03-01_16/20210301-165945_(6.0).jpg,524.928,466.8608,907.008,686.7456,VEREUR,1920,1088
task_2021-03-01_10/20210301-102927_(15.0).jpg,822.144,598.0736,1468.416,1088.0,MESCHA,1920,1088
task_20211204_Orlu/2021-12-24-08-11-15.jpg,514.368,535.68,1007.616,741.42,MESCHA,1920,1080
task_18-01-2021/2021-01-18-13-45-32.jpg,1121.088,279.616,1761.792,933.8304,MESBLE,1920,1088
task_20210615_Lab/2021-06-15-10-02-10.jpg,1263.936,285.228,1763.712,651.888,MESCHA,1920,1080
task_20210227/20210227-165820_(7.0).jpg,852.864,551.7248,1267.776,727.328,VEREUR,1920,1088
task_20210616_Lab/2021-06-16-09-38-38.jpg,1188.864,242.136,1681.344,538.488,MESCHA,1920,1080
task_19-01-2021/2021-01-19-12-18-20.jpg,783.552,92.48,1061.376,445.536,ROUGOR,1920,1088
task_20210228/20210228-124801_(5.0).jpg,1130.88,653.9968,1373.952,1086.2592,MESBLE,1920,1088
task_2021-03-01_11/20210301-115320_(8.0).jpg,793.152,449.4528,1219.584,628.864,MESCHA,1920,1088
task_20210624_balacet/2021-06-24-09-21-42.jpg,191.808,296.892,831.744,747.144,MESCHA,1920,1080
task_2021_11_03-04_cescau4/2021-11-03-16-14-18.jpg,1198.656,281.664,1702.656,882.144,MESCHA,1920,1080
task_21-01-2021/2021-01-21-12-31-36.jpg,665.856,198.56,1321.92,696.4288,MESCHA,1920,1088
task_05-01-2021/2021-01-05-17-27-55.jpg,139.008,405.0624,841.344,831.5584,ACCMOU,1920,1088
task_2021_11_03-04_cescau4/2021-11-04-07-57-10.jpg,1119.552,534.168,1821.504,762.156,MESCHA,1920,1080
task_2021-03-01_14/20210301-142555_(10.0).jpg,804.672,399.296,1144.32,677.1712,MESCHA,1920,1088
task_05-01-2021/2021-01-05-17-15-20.jpg,1381.632,503.5264,1920.0,1084.3008,SITTOR,1920,1088
task_2021-03-01_13/20210301-132604_(13.0).jpg,422.592,482.3104,862.656,713.8368,MESCHA,1920,1088
task_20210616_Lab/2021-06-16-04-36-06.jpg,1126.272,218.7,1382.208,514.62,MESCHA,1920,1080
task_2021_11_03-04_cescau4/2021-11-03-15-18-33.jpg,1162.368,428.004,1492.416,887.544,MESCHA,1920,1080
task_2021_11_03-04_cescau4/2021-11-03-13-33-37.jpg,1159.488,475.2,1546.176,682.668,MESCHA,1920,1080
task_20210612_1_Lab/2021-06-12-05-41-46.jpg,561.6,171.396,893.376,796.608,MESCHA,1920,1080
task_20210227/20210227-145141_(5.0).jpg,1202.304,517.0176,1468.416,794.8928,PINARB,1920,1088
task_20210615_Lab/2021-06-15-13-58-20.jpg,818.112,258.228,1366.272,514.836,MESCHA,1920,1080
task_19-01-2021/2021-01-19-12-36-07.jpg,1117.248,135.6736,1847.808,592.1984,MESBLE,1920,1088
task_20210228/20210228-150944_(8.0).jpg,544.128,416.704,1196.352,729.2864,MESCHA,1920,1088
task_05-01-2021/2021-01-05-17-12-41.jpg,364.608,24.9152,501.696,215.968,MESNON,1920,1088
task_20210612_1_Lab/2021-06-12-05-42-54.jpg,810.432,211.896,1067.52,492.048,MESCHA,1920,1080
task_20210525_UPS/20210525-150329_(30.0).jpg,578.88,397.3376,1115.328,1088.0,PIEBAV,1920,1088
task_20210611_Lab/2021-06-11-15-53-52.jpg,853.824,300.888,1567.104,746.82,MESCHA,1920,1080
task_20210227/20210227-114528_(8.0).jpg,1020.864,526.592,1370.112,862.3488,VEREUR,1920,1088
task_2021-03-01_13/20210301-135644_(8.0).jpg,650.304,405.0624,1206.144,667.488,VEREUR,1920,1088
task_2021_11_03-04_cescau4/2021-11-03-14-51-06.jpg,893.568,432.216,1550.976,830.412,MESCHA,1920,1080
task_20210615_Lab/2021-06-15-10-39-05.jpg,1367.424,310.392,1593.024,502.524,MESCHA,1920,1080
task_2021-03-01_11/20210301-115201_(10.0).jpg,239.232,420.512,912.768,744.736,PINARB,1920,1088
task_20210525_UPS/20210525-135258_(34.0).jpg,761.856,486.336,1917.312,1079.0784,PIEBAV,1920,1088
task_18-01-2021/2021-01-18-14-16-23.jpg,696.576,540.192,1655.616,1088.0,MESCHA,1920,1088
task_20210526_UPS/20210526-091305_(27.0).jpg,825.408,295.392,1466.496,1088.0,PIEBAV,1920,1088
task_20211204_Orlu/2021-12-24-10-12-07.jpg,779.904,531.576,1196.544,710.964,MESNOI,1920,1080
task_20210417_UPS/20210417-130328_(21.0).jpg,980.352,628.864,1263.936,837.3248,MESCHA,1920,1088
task_20210615_Lab/2021-06-15-11-04-35.jpg,897.408,198.396,1304.448,435.78,MESCHA,1920,1080
task_2021_11_03-04_cescau4/2021-11-04-08-19-43.jpg,997.056,434.268,1413.12,708.048,PINARB,1920,1080
task_05-01-2021/2021-01-05-16-57-06.jpg,87.552,296.0448,286.656,564.2368,MESCHA,1920,1088
task_2021-03-01_07/20210301-074954_(8.0).jpg,852.864,565.216,1454.976,1086.2592,VEREUR,1920,1088
task_20210615_Lab/2021-06-15-08-33-38.jpg,1573.824,537.624,1920.0,1080.0,MESCHA,1920,1080
task_20211204_Orlu/2021-12-23-14-35-53.jpg,774.72,768.204,1069.248,1077.084,SITTOR,1920,1080
task_2021-03-01_11/20210301-115533_(8.0).jpg,403.392,729.2864,1009.152,1088.0,MESCHA,1920,1088
task_MOIDOM_ODJ/906.jpeg,213.36,214.29,430.26,341.46,MOIDOM,600,450
task_19-01-2021/2021-01-19-11-42-04.jpg,895.296,171.5776,1603.584,636.5888,MESBLE,1920,1088
task_2021_11_03-04_cescau4/2021-11-03-12-26-57.jpg,444.096,231.768,791.424,602.316,MESNON,1920,1080
task_2021_11_03-04_cescau4/2021-11-04-08-22-51.jpg,962.688,434.268,1388.544,694.224,PINARB,1920,1080
task_21-01-2021/2021-01-21-12-05-33.jpg,733.248,221.7344,1099.968,611.5648,MESBLE,1920,1088
task_20211204_Orlu/2021-12-24-08-46-53.jpg,633.792,499.716,1257.984,724.68,MESCHA,1920,1080
task_2021-03-01_07/20210301-074354_(6.0).jpg,526.848,460.9856,831.744,735.0528,VEREUR,1920,1088
task_20210624_balacet/2021-06-24-07-42-44.jpg,1061.376,327.672,1551.552,597.888,MESCHA,1920,1080
task_18-01-2021/2021-01-18-13-27-22.jpg,324.288,380.0384,986.112,839.2832,MESNON,1920,1088
task_20210526_UPS/20210526-150049_(49.0).jpg,922.176,211.9424,1918.08,1088.0,PIEBAV,1920,1088
task_21-01-2021/2021-01-21-12-03-53.jpg,897.408,158.0864,1752.192,572.9408,MESCHA,1920,1088
task_20211204_Orlu/2021-12-23-14-06-09.jpg,940.224,464.94,1159.104,750.06,MESCHA,1920,1080
task_20211204_Orlu/2021-12-23-13-20-29.jpg,809.088,328.32,1272.384,602.424,MESBLE,1920,1080
task_2021_11_03-04_cescau4/2021-11-04-06-53-57.jpg,1616.832,561.492,1920.0,1006.344,MESNON,1920,1080
task_20210611_Lab/2021-06-11-17-17-33.jpg,1115.904,263.088,1672.512,752.22,MESCHA,1920,1080
task_21-01-2021/2021-01-21-14-09-30.jpg,0.0,343.3728,665.856,968.5376,MESBLE,1920,1088
task_20210612_1_Lab/2021-06-12-05-42-15.jpg,584.64,219.672,1022.784,499.392,MESCHA,1920,1080
task_19-01-2021/2021-01-19-11-54-48.jpg,775.68,55.8144,1292.928,391.5712,MESCHA,1920,1088
task_2021_11_03-04_cescau4/2021-11-04-06-46-05.jpg,856.704,350.784,1318.848,805.788,PINARB,1920,1080
task_20210227/20210227-125219_(7.0).jpg,937.92,544.0,1354.56,760.0768,MESCHA,1920,1088
task_05-01-2021/2021-01-05-16-29-42.jpg,688.896,229.4592,1200.384,806.4256,ACCMOU,1920,1088
task_20210418_UPS/20210418-152303_(13.0).jpg,620.352,691.968,1111.872,951.8912,MESCHA,1920,1088
task_21-01-2021/2021-01-21-12-13-09.jpg,740.928,233.376,1142.4,605.7984,MESCHA,1920,1088
task_20210623_balacet/2021-06-23-10-42-00.jpg,669.696,293.004,1267.776,690.444,MESCHA,1920,1080
task_2021_11_03-04_cescau4/2021-11-03-11-28-13.jpg,1531.968,511.056,1841.472,866.7,SITTOR,1920,1080
task_2021-03-01_13/20210301-135754_(6.0).jpg,227.712,354.9056,889.536,870.0736,VEREUR,1920,1088
task_20210625_balacet/2021-06-25-05-35-26.jpg,812.352,314.172,1470.336,702.0,ACCMOU,1920,1080
task_20211204_Orlu/2021-12-23-15-50-54.jpg,1027.392,494.532,1250.304,676.512,MESCHA,1920,1080
task_20210525_UPS/20210525-154154_(40.0).jpg,156.288,223.6928,1397.184,1086.2592,PIEBAV,1920,1088
task_20210612_1_Lab/2021-06-12-06-21-20.jpg,714.048,225.396,930.048,538.056,MESCHA,1920,1080
task_2021_11_03-04_cescau4/2021-11-04-06-44-27.jpg,1114.56,678.24,1575.168,1078.92,MESCHA,1920,1080
task_20210616_Lab/2021-06-16-18-01-52.jpg,1568.256,288.576,1806.912,703.944,MESCHA,1920,1080
task_2021_11_03-04_cescau4/2021-11-03-14-28-04.jpg,604.608,473.688,1192.896,866.16,MESCHA,1920,1080
task_2021-03-01_13/20210301-134714_(7.0).jpg,771.84,434.0032,978.432,758.2272,VEREUR,1920,1088
task_19-01-2021/2021-01-19-11-38-12.jpg,650.304,144.5952,1343.04,769.76,MESCHA,1920,1088
task_20210217/20210217-180923_04(12.0).jpg,1089.024,708.804,1565.184,1080.0,MESCHA,1920,1080
task_2021_11_03-04_cescau4/2021-11-04-07-34-06.jpg,1086.144,448.308,1663.104,724.248,SITTOR,1920,1080
task_19-01-2021/2021-01-19-11-38-20.jpg,337.728,100.2048,721.728,459.136,MESCHA,1920,1088
task_2021-03-01_10/20210301-100149_(6.0).jpg,598.272,383.8464,930.048,964.6208,VEREUR,1920,1088
task_2021-03-01_10/20210301-103150_(13.0).jpg,932.16,565.216,1489.728,1088.0,MESCHA,1920,1088
task_2021_11_03-04_cescau4/2021-11-04-08-12-34.jpg,565.824,436.644,966.528,906.984,MESNON,1920,1080
task_20211204_Orlu/2021-12-24-09-11-02.jpg,545.088,504.36,1160.064,730.188,MESCHA,1920,1080
task_20210616_Lab/2021-06-16-09-21-32.jpg,1168.32,225.396,1475.904,721.116,MESCHA,1920,1080
task_2021-03-01_17/20210301-174908_(8.0).jpg,924.288,420.512,1271.616,636.5888,MESBLE,1920,1088
task_20210205/20210205-144455_01(12.0).jpg,958.08,439.452,1646.784,841.644,VEREUR,1920,1080
task_20211204_Orlu/2021-12-23-13-34-13.jpg,792.576,435.78,1334.208,713.34,MESCHA,1920,1080
task_21-01-2021/2021-01-21-12-14-09.jpg,472.704,244.9088,822.144,588.3904,MESCHA,1920,1088
task_20211204_Orlu/2021-12-23-13-45-10.jpg,818.112,457.596,1292.16,648.648,MESNON,1920,1080
task_2021_11_03-04_cescau4/2021-11-04-06-56-16.jpg,1422.912,503.496,1730.88,860.436,MESNOI,1920,1080
task_21-01-2021/2021-01-21-14-26-24.jpg,752.64,246.8672,1373.952,690.6624,MESBLE,1920,1088
task_20210612_1_Lab/2021-06-12-06-31-05.jpg,1132.608,231.336,1344.96,528.768,MESCHA,1920,1080
task_2021_11_03-04_cescau4/2021-11-03-13-56-48.jpg,1318.08,476.28,1571.712,831.816,MESHUP,1920,1080
task_20210523_UPS/20210523-173621_(17.0).jpg,531.264,354.2528,961.92,1073.312,PIEBAV,1920,1088
task_2021-03-01_17/20210301-172658_(14.0).jpg,685.056,399.296,1252.416,655.9552,VEREUR,1920,1088
task_2021-03-01_17/20210301-173551_(9.0).jpg,374.4,325.9648,903.168,866.2656,VEREUR,1920,1088
task_2021_11_03-04_cescau4/2021-11-03-14-28-41.jpg,701.184,531.684,1006.08,855.252,MESNON,1920,1080
task_2021_11_03-04_cescau4/2021-11-03-11-33-57.jpg,1467.84,528.012,1719.168,953.64,MESHUP,1920,1080
task_21-01-2021/2021-01-21-12-07-20.jpg,532.608,204.4352,1260.096,601.8816,MESCHA,1920,1088
task_06-01-2021/2021-01-06-12-07-18.jpg,640.704,445.536,1676.928,1088.0,MESCHA,1920,1088
task_20210624_balacet/2021-06-24-06-34-39.jpg,1563.456,867.888,1920.0,1080.0,MESCHA,1920,1080
task_20211204_Orlu/2021-12-23-14-10-05.jpg,1222.656,797.148,1595.904,1079.136,SITTOR,1920,1080
task_2021_11_03-04_cescau4/2021-11-03-13-12-44.jpg,638.208,3.78,1919.616,1073.628,MESCHA,1920,1080
task_20210612_1_Lab/2021-06-12-05-55-04.jpg,289.728,345.492,764.352,735.264,MESCHA,1920,1080
task_20210624_balacet/2021-06-24-13-29-39.jpg,1211.904,389.448,1526.4,850.608,MESCHA,1920,1080
task_20210705-07_balacet/2021-07-06-09-34-42.jpg,1243.968,412.452,1726.272,831.168,MESBLE,1920,1080
task_2021_11_03-04_cescau4/2021-11-04-06-55-19.jpg,1353.6,502.632,1893.504,727.056,MESNOI,1920,1080
task_2021-03-01_15/20210301-155331_(9.0).jpg,582.72,407.0208,1115.328,657.9136,MESCHA,1920,1088
task_20210616_Lab/2021-06-16-04-39-44.jpg,1221.312,800.388,1718.016,1080.0,MESCHA,1920,1080
task_2021-03-01_17/20210301-175909_(6.0).jpg,607.872,449.4528,887.616,968.5376,MESBLE,1920,1088
task_20210611_Lab/2021-06-11-15-40-59.jpg,706.944,270.324,986.88,588.708,MESCHA,1920,1080
task_20211204_Orlu/2021-12-24-08-10-14.jpg,786.624,471.204,1131.648,717.876,MESBLE,1920,1080
task_2021-03-01_17/20210301-172712_(15.0).jpg,1292.928,601.8816,1914.24,1088.0,MESCHA,1920,1088
task_20211204_Orlu/2021-12-23-14-23-38.jpg,666.24,452.844,1244.736,748.008,MESCHA,1920,1080
task_2021_11_03-04_cescau4/2021-11-04-07-46-35.jpg,818.304,413.856,1462.272,659.772,PINARB,1920,1080
task_20210228/20210228-124844_(12.0).jpg,665.856,424.32,1098.048,684.896,MESCHA,1920,1088
task_2021-03-01_09/20210301-091256_(6.0).jpg,779.712,457.1776,970.56,698.3872,VEREUR,1920,1088
task_20211204_Orlu/2021-12-24-10-46-01.jpg,304.704,526.824,775.488,1080.0,MESCHA,1920,1080
task_05-01-2021/2021-01-05-17-25-09.jpg,663.744,154.1696,796.992,349.1392,MESNON,1920,1088
task_2021-03-01_17/20210301-170023_(13.0).jpg,1084.416,574.8992,1630.656,1088.0,VEREUR,1920,1088
task_20210624_balacet/2021-06-24-10-49-23.jpg,1208.064,289.116,1904.64,684.72,MESCHA,1920,1080
task_2021_11_03-04_cescau4/2021-11-03-12-23-24.jpg,896.256,497.88,1676.352,878.688,MESCHA,1920,1080
task_20210624_balacet/2021-06-24-11-23-28.jpg,1146.24,352.728,1370.112,621.0,ACCMOU,1920,1080
task_20210523_UPS/20210523-174003_(12.0).jpg,148.032,407.3472,1132.608,1082.7776,PIEBAV,1920,1088
task_2021_11_03-04_cescau4/2021-11-04-07-12-23.jpg,885.12,464.508,1307.136,682.56,MESNON,1920,1080
task_20210616_Lab/2021-06-16-18-05-33.jpg,888.0,176.04,1408.704,458.136,MESCHA,1920,1080
task_20210611_Lab/2021-06-11-15-41-52.jpg,768.768,238.68,1263.744,465.588,MESCHA,1920,1080
task_20210612_1_Lab/2021-06-12-06-02-22.jpg,677.376,246.672,1038.144,549.612,MESCHA,1920,1080
task_20210615_Lab/2021-06-15-09-00-29.jpg,1051.776,233.172,1576.512,514.836,MESCHA,1920,1080
task_20210417_UPS/20210417-113358_(12.0).jpg,692.736,642.464,1242.816,1051.552,MESCHA,1920,1088
task_05-01-2021/2021-01-05-17-35-06.jpg,1094.592,445.6448,1910.4,968.5376,ACCMOU,1920,1088
task_18-01-2021/2021-01-18-13-27-14.jpg,249.024,453.2608,891.456,866.2656,MESNON,1920,1088
task_19-01-2021/2021-01-19-11-10-42.jpg,245.184,19.1488,802.752,582.624,MESCHA,1920,1088
task_2021-03-01_11/20210301-115903_(13.0).jpg,841.344,447.4944,1069.056,640.5056,MESCHA,1920,1088
task_20210616_Lab/2021-06-16-06-56-00.jpg,1113.216,206.172,1369.728,462.672,VEREUR,1920,1080
task_20210616_Lab/2021-06-16-04-40-11.jpg,1440.0,367.632,1767.552,1048.572,MESCHA,1920,1080
task_2021-03-01_10/20210301-100320_(11.0).jpg,1017.024,378.08,1671.168,789.0176,VEREUR,1920,1088
task_2021-03-01_09/20210301-094726_(10.0).jpg,156.288,428.2368,744.96,949.28,MESCHA,1920,1088
task_2021_11_03-04_cescau4/2021-11-04-08-12-55.jpg,569.472,351.432,1116.672,758.268,PINARB,1920,1080
task_20210523_UPS/20210523-174153_(55.0).jpg,26.496,223.3664,1918.08,1086.5856,PIEBAV,1920,1088
task_20210616_Lab/2021-06-16-05-32-58.jpg,1201.728,297.0,1646.4,488.808,MESCHA,1920,1080
task_21-01-2021/2021-01-21-14-44-40.jpg,783.552,277.6576,1314.048,883.6736,MESBLE,1920,1088
task_2021-03-01_17/20210301-174025_(13.0).jpg,740.928,403.104,1188.672,680.9792,MESCHA,1920,1088
task_20210705-07_balacet/2021-07-07-07-43-05.jpg,218.496,393.228,826.368,774.252,MESNON,1920,1080
task_20210523_UPS/20210523-174035_(17.0).jpg,49.344,382.6496,1106.112,1084.6272,PIEBAV,1920,1088
task_2021-03-01_10/20210301-103634_(8.0).jpg,1038.144,472.6272,1399.104,812.192,MESBLE,1920,1088
task_20210205/20210205-145711_01(15.0).jpg,1033.92,476.064,1917.888,937.116,VEREUR,1920,1080
task_2021-03-01_12/20210301-123948_(10.0).jpg,926.208,410.8288,1333.44,918.3808,MESCHA,1920,1088
task_20210705-07_balacet/2021-07-05-11-18-39.jpg,1252.8,444.636,1838.016,709.992,MESNON,1920,1080
task_18-01-2021/2021-01-18-14-38-00.jpg,1.92,370.3552,418.752,777.4848,MESBLE,1920,1088
task_2021_11_03-04_cescau4/2021-11-03-15-24-08.jpg,1377.792,518.4,1598.592,734.4,MESNON,1920,1080
task_20211204_Orlu/2021-12-23-14-45-11.jpg,780.096,427.032,1352.256,715.932,MESCHA,1920,1080
task_05-01-2021/2021-01-05-16-33-58.jpg,224.256,473.28,614.784,847.9872,MESNON,1920,1088
task_2021_11_03-04_cescau4/2021-11-04-06-45-06.jpg,1324.032,489.456,1848.384,1039.068,PINARB,1920,1080
task_2021_11_03-04_cescau4/2021-11-03-11-46-07.jpg,1056.0,522.396,1395.648,1016.388,MESNON,1920,1080
task_20210615_Lab/2021-06-15-15-49-39.jpg,1175.232,372.06,1796.544,908.496,MESCHA,1920,1080
task_20210612_1_Lab/2021-06-12-06-09-23.jpg,1187.904,291.816,1438.08,595.188,MESCHA,1920,1080
task_2021-03-01_13/20210301-135450_(18.0).jpg,754.56,472.6272,1127.04,748.544,VEREUR,1920,1088
task_05-01-2021/2021-01-05-17-18-13.jpg,1013.184,574.8992,1263.936,673.2544,MESCHA,1920,1088
task_20210415_UPS/20210415-102325_(6.0).jpg,523.392,596.1152,1046.592,906.4128,MESCHA,1920,1088
task_18-01-2021/2021-01-18-14-09-14.jpg,1111.488,515.0592,1920.0,1059.168,MESCHA,1920,1088
task_2021-03-01_12/20210301-120641_(8.0).jpg,1053.696,430.1952,1325.76,870.0736,MESCHA,1920,1088
task_2021_11_03-04_cescau4/2021-11-04-07-48-47.jpg,1015.296,419.04,1643.328,753.948,PINARB,1920,1080
task_18-01-2021/2021-01-18-14-24-32.jpg,831.744,11.424,1379.712,655.9552,MESBLE,1920,1088
task_20210624_balacet/2021-06-24-10-30-06.jpg,995.712,265.896,1223.424,615.168,MESCHA,1920,1080
task_2021_11_03-04_cescau4/2021-11-04-07-41-34.jpg,972.48,410.076,1372.416,743.04,PINARB,1920,1080
task_2021_11_03-04_cescau4/2021-11-03-11-44-04.jpg,1550.4,591.84,1920.0,1080.0,MESNON,1920,1080
task_2021-03-01_11/20210301-112159_(10.0).jpg,833.664,578.7072,1553.472,1084.3008,MESCHA,1920,1088
task_20210612_1_Lab/2021-06-12-07-06-25.jpg,872.256,291.06,1117.248,530.28,MESCHA,1920,1080
task_20210227/20210227-153324_(5.0).jpg,466.944,549.7664,991.872,945.3632,MESCHA,1920,1088
task_20211204_Orlu/2021-12-23-14-14-35.jpg,555.84,419.364,1025.856,755.244,MESCHA,1920,1080
task_MOIDOM_ODJ/2161.jpeg,259.6725,274.4928,324.54,382.0176,MOIDOM,675,432
task_20210526_UPS/20210526-114535_(59.0).jpg,872.832,418.7712,1918.08,1086.5856,PIEBAV,1920,1088
task_2021_11_03-04_cescau4/2021-11-04-07-43-48.jpg,1036.608,504.468,1246.272,695.412,MESNOI,1920,1080
task_06-01-2021/2021-01-06-12-07-57.jpg,960.96,528.5504,1702.08,1068.8512,MESCHA,1920,1088
task_21-01-2021/2021-01-21-12-09-19.jpg,1188.672,241.1008,1599.744,708.0704,MESNON,1920,1088
task_20210616_Lab/2021-06-16-05-29-20.jpg,907.2,643.68,1123.392,1068.012,MESCHA,1920,1080
task_2021-03-01_15/20210301-153750_(15.0).jpg,671.616,486.1184,908.928,648.2304,MESCHA,1920,1088
task_2021-03-01_13/20210301-135845_(8.0).jpg,988.032,405.0624,1393.152,679.1296,VEREUR,1920,1088
task_2021-03-01_14/20210301-140045_(15.0).jpg,739.008,445.536,1200.192,634.7392,MESBLE,1920,1088
task_05-01-2021/2021-01-05-17-34-27.jpg,573.12,432.1536,1337.28,808.384,ACCMOU,1920,1088
task_20211204_Orlu/2021-12-23-13-24-20.jpg,298.368,393.444,857.28,840.348,MESCHA,1920,1080
task_05-01-2021/2021-01-05-17-23-21.jpg,199.68,445.2096,1012.224,825.248,ACCMOU,1920,1088
task_20210227/20210227-163510_(5.0).jpg,999.552,559.4496,1412.544,792.9344,MESBLE,1920,1088
task_21-01-2021/2021-01-21-14-26-05.jpg,5.76,90.5216,814.272,765.952,MESCHA,1920,1088
task_20211204_Orlu/2021-12-24-09-58-01.jpg,918.528,502.74,1248.192,1016.928,SITTOR,1920,1080
task_20211204_Orlu/2021-12-23-13-33-10.jpg,764.16,449.496,1226.112,684.72,MESCHA,1920,1080
task_2021_11_03-04_cescau4/2021-11-03-15-11-52.jpg,1342.848,600.264,1689.216,1080.0,MESCHA,1920,1080
task_20210217/20210217-154122_03(11.0).jpg,936.576,649.512,1506.432,1080.0,MESCHA,1920,1080
task_2021-03-01_15/20210301-150248_(9.0).jpg,1364.352,783.2512,1916.16,1088.0,MESCHA,1920,1088
task_20210615_Lab/2021-06-15-11-07-49.jpg,1269.696,256.284,1439.616,526.5,MESCHA,1920,1080
task_2021-03-01_10/20210301-100500_(13.0).jpg,746.88,368.3968,1063.296,750.5024,VEREUR,1920,1088
task_21-01-2021/2021-01-21-12-33-38.jpg,0.0,202.4768,729.408,756.2688,MESCHA,1920,1088
task_19-01-2021/2021-01-19-12-17-45.jpg,1383.552,410.8288,1920.0,897.056,ROUGOR,1920,1088
task_20210523_UPS/20210523-173921_(27.0).jpg,779.712,367.5264,1189.632,1084.6272,PIEBAV,1920,1088
task_20210612_1_Lab/2021-06-12-04-46-29.jpg,1238.784,215.784,1709.76,644.112,MESCHA,1920,1080
task_20210705-07_balacet/2021-07-06-10-28-15.jpg,759.552,395.712,1017.984,597.348,MESNON,1920,1080
task_20210205/20210205-144055_04(28.0).jpg,390.912,380.592,1250.304,866.268,VEREUR,1920,1080
task_2021_11_03-04_cescau4/2021-11-04-08-16-19.jpg,1005.696,510.84,1290.624,688.824,MESCHA,1920,1080
task_21-01-2021/2021-01-21-13-46-08.jpg,262.464,175.4944,1186.752,657.9136,MESCHA,1920,1088
task_20210616_Lab/2021-06-16-09-07-36.jpg,1033.152,170.856,1694.208,603.72,MESCHA,1920,1080
task_2021-03-01_10/20210301-103618_(6.0).jpg,459.264,397.3376,908.928,748.544,PINARB,1920,1088
task_20210525_UPS/20210525-111915_(11.0).jpg,360.96,601.8816,930.048,856.5824,MESCHA,1920,1088
task_19-01-2021/2021-01-19-11-26-11.jpg,771.84,61.5808,1107.648,486.1184,MESCHA,1920,1088
task_05-01-2021/2021-01-05-16-45-15.jpg,369.6,545.8496,624.384,765.8432,MESCHA,1920,1088
task_2021_11_03-04_cescau4/2021-11-03-11-47-36.jpg,1223.808,540.0,1464.768,947.376,MESNOI,1920,1080
task_20210615_Lab/2021-06-15-09-24-45.jpg,507.456,213.84,1163.712,671.22,MESCHA,1920,1080
task_20211204_Orlu/2021-12-24-08-13-28.jpg,729.216,433.404,1254.144,738.396,MESCHA,1920,1080
task_2021_11_03-04_cescau4/2021-11-04-06-40-30.jpg,916.992,448.524,1234.944,722.088,SITTOR,1920,1080
task_05-01-2021/2021-01-05-17-31-19.jpg,1067.136,416.5952,1431.744,929.9136,MESNON,1920,1088
task_20210615_Lab/2021-06-15-13-38-28.jpg,1325.76,238.896,1536.0,549.612,MESCHA,1920,1080
task_19-01-2021/2021-01-19-10-42-33.jpg,1312.128,333.6896,1916.16,872.032,ROUGOR,1920,1088
task_2021-03-01_09/20210301-090436_(17.0).jpg,185.28,407.0208,816.192,870.0736,VEREUR,1920,1088
task_05-01-2021/2021-01-05-16-27-20.jpg,966.72,451.4112,1495.488,1088.0,SITTOR,1920,1088
task_21-01-2021/2021-01-21-13-00-50.jpg,202.56,250.6752,825.984,611.5648,MESCHA,1920,1088
task_2021_11_03-04_cescau4/2021-11-04-07-44-46.jpg,853.248,532.872,1108.224,685.368,MESCHA,1920,1080
task_18-01-2021/2021-01-18-13-49-13.jpg,787.392,422.4704,1354.56,680.9792,MESBLE,1920,1088
task_2021-03-01_14/20210301-144528_(11.0).jpg,1072.896,540.192,1454.976,1088.0,MESCHA,1920,1088
task_20210616_Lab/2021-06-16-09-07-31.jpg,1565.568,322.704,1791.36,636.66,MESCHA,1920,1080
task_20210612_1_Lab/2021-06-12-06-32-05.jpg,1053.696,271.728,1379.712,636.444,MESCHA,1920,1080
task_20210615_Lab/2021-06-15-13-46-38.jpg,879.936,0.0,1026.624,152.064,MESCHA,1920,1080
task_2021_11_03-04_cescau4/2021-11-03-12-40-42.jpg,1012.992,443.772,1330.944,691.848,MESCHA,1920,1080
task_2021_11_03-04_cescau4/2021-11-04-07-37-27.jpg,758.4,380.808,1288.32,706.644,PINARB,1920,1080
task_05-01-2021/2021-01-05-17-11-39.jpg,922.368,370.2464,1200.384,752.352,MESCHA,1920,1088
task_20210624_balacet/2021-06-24-13-34-23.jpg,1086.336,402.948,1381.632,761.832,MESCHA,1920,1080
task_21-01-2021/2021-01-21-12-12-21.jpg,638.784,248.7168,1188.672,642.464,MESCHA,1920,1088
task_20210616_Lab/2021-06-16-09-10-08.jpg,1466.496,272.052,1790.976,547.452,MESCHA,1920,1080
task_2021_11_03-04_cescau4/2021-11-03-11-40-55.jpg,842.688,476.064,1449.408,743.472,MESCHA,1920,1080
task_05-01-2021/2021-01-05-17-14-02.jpg,1434.432,451.8464,1916.16,911.5264,MESCHA,1920,1088
task_20210227/20210227-124534_(6.0).jpg,1132.8,588.3904,1508.928,1088.0,VEREUR,1920,1088
task_21-01-2021/2021-01-21-13-29-22.jpg,478.656,283.5328,1072.896,613.5232,MESCHA,1920,1088
task_21-01-2021/2021-01-21-11-57-40.jpg,930.048,185.0688,1570.752,794.8928,MESCHA,1920,1088
task_20211204_Orlu/2021-12-23-14-47-07.jpg,984.768,248.94,1295.808,740.34,MESCHA,1920,1080
task_2021_11_03-04_cescau4/2021-11-03-10-23-56.jpg,988.992,482.004,1625.472,766.044,SITTOR,1920,1080
task_2021_11_03-04_cescau4/2021-11-03-11-40-40.jpg,1066.944,515.16,1489.728,718.092,MESNON,1920,1080
task_05-01-2021/2021-01-05-17-23-05.jpg,0.0,403.104,629.184,914.464,ACCMOU,1920,1088
task_19-01-2021/2021-01-19-12-01-24.jpg,337.728,22.9568,1078.656,528.5504,ROUGOR,1920,1088
task_2021_11_03-04_cescau4/2021-11-03-12-04-53.jpg,893.568,473.688,1437.696,864.756,MESNON,1920,1080
task_20210615_Lab/2021-06-15-10-01-52.jpg,1420.224,285.228,1642.176,497.448,MESCHA,1920,1080
task_20210416_UPS/20210416-104256_(8.0).jpg,638.784,706.112,1017.024,1010.9696,MESCHA,1920,1088
task_21-01-2021/2021-01-21-13-47-38.jpg,1233.024,393.5296,1817.856,1086.2592,MESCHA,1920,1088
task_21-01-2021/2021-01-21-12-47-51.jpg,239.232,229.4592,1013.184,630.8224,MESCHA,1920,1088
task_20211204_Orlu/2021-12-23-14-26-09.jpg,247.68,496.908,887.616,975.888,MESCHA,1920,1080
task_2021-03-01_14/20210301-143525_(8.0).jpg,166.08,412.7872,808.512,816.1088,MESCHA,1920,1088
task_20210525_UPS/20210525-154317_(35.0).jpg,272.064,395.3792,895.296,1088.0,PIEBAV,1920,1088
task_2021_11_03-04_cescau4/2021-11-03-15-51-59.jpg,1392.576,469.476,1643.904,663.876,MESCHA,1920,1080
task_20211204_Orlu/2021-12-23-14-12-56.jpg,961.344,457.164,1324.224,749.52,MESCHA,1920,1080
task_20210417_UPS/20210417-154919_(5.0).jpg,1132.8,667.488,1717.44,1057.3184,MESCHA,1920,1088
task_2021_11_03-04_cescau4/2021-11-04-07-41-42.jpg,989.184,393.012,1348.992,729.972,PINARB,1920,1080
task_2021_11_03-04_cescau4/2021-11-04-08-21-55.jpg,1426.56,517.86,1693.248,721.332,MESNON,1920,1080
task_20211204_Orlu/2021-12-23-14-12-37.jpg,484.608,486.216,950.976,778.572,MESCHA,1920,1080
task_20211204_Orlu/2021-12-24-10-14-23.jpg,235.776,542.16,982.08,861.516,MESCHA,1920,1080
task_20210705-07_balacet/2021-07-06-11-45-10.jpg,999.168,404.784,1232.448,666.36,ACCMOU,1920,1080
task_20210217/20210217-134835_01(11.0).jpg,1221.504,616.572,1705.344,1080.0,MESCHA,1920,1080
task_20210624_balacet/2021-06-24-14-09-33.jpg,941.76,254.34,1356.672,476.28,ACCMOU,1920,1080
task_20210526_UPS/20210526-085246_(40.0).jpg,669.696,242.2976,1918.08,1088.0,PIEBAV,1920,1088
task_2021-03-01_13/20210301-135559_(18.0).jpg,712.128,486.1184,1246.656,694.4704,VEREUR,1920,1088
task_20210612_1_Lab/2021-06-12-06-11-45.jpg,331.968,281.34,787.392,698.22,MESCHA,1920,1080
task_05-01-2021/2021-01-05-17-19-44.jpg,876.48,393.0944,1857.216,1002.048,SITTOR,1920,1088
task_20210615_Lab/2021-06-15-09-57-51.jpg,1132.8,236.952,1539.84,729.108,MESCHA,1920,1080
task_2021-03-01_11/20210301-112830_(11.0).jpg,845.184,601.8816,1399.104,1086.2592,MESCHA,1920,1088
task_20211204_Orlu/2021-12-24-10-58-14.jpg,1003.392,503.388,1341.504,770.04,MESCHA,1920,1080
task_20211204_Orlu/2021-12-23-14-17-21.jpg,1180.416,485.892,1386.816,722.628,MESNOI,1920,1080
task_20210612_1_Lab/2021-06-12-05-44-51.jpg,1208.064,233.172,1740.672,667.332,MESCHA,1920,1080
task_2021-03-01_18/20210301-181847_(8.0).jpg,536.448,468.7104,916.608,648.2304,MESCHA,1920,1088
task_20210615_Lab/2021-06-15-10-01-31.jpg,1020.864,206.172,1524.48,441.504,MESCHA,1920,1080
task_20210419_UPS/20210419-150216_(7.0).jpg,954.24,919.5776,1652.544,1088.0,PIEBAV,1920,1088
task_05-01-2021/2021-01-05-16-38-32.jpg,1167.552,339.456,1920.0,841.2416,MESCHA,1920,1088
task_2021_11_03-04_cescau4/2021-11-03-16-16-13.jpg,1669.824,577.044,1920.0,1078.596,MESNON,1920,1080
task_06-01-2021/2021-01-06-10-55-46.jpg,1055.616,640.5056,1458.816,1088.0,MESNON,1920,1088
task_2021_11_03-04_cescau4/2021-11-03-11-48-55.jpg,977.472,435.78,1541.952,722.736,MESCHA,1920,1080
task_2021_11_03-04_cescau4/2021-11-04-06-41-40.jpg,1050.816,459.108,1592.448,705.672,MESCHA,1920,1080
task_2021_11_03-04_cescau4/2021-11-03-11-22-13.jpg,575.424,430.704,1079.424,799.74,MESNON,1920,1080
task_20210611_Lab/2021-06-11-16-49-55.jpg,913.152,323.352,1630.08,678.024,MESCHA,1920,1080
task_20211204_Orlu/2021-12-24-09-16-58.jpg,1023.936,518.4,1231.104,707.076,MESCHA,1920,1080
task_20210612_1_Lab/2021-06-12-05-56-26.jpg,841.344,325.728,1636.416,690.444,MESCHA,1920,1080
task_20210624_balacet/2021-06-24-11-39-14.jpg,995.328,315.468,1552.512,614.736,MESCHA,1920,1080
task_20210615_Lab/2021-06-15-13-27-52.jpg,1342.272,252.072,1687.68,657.288,MESCHA,1920,1080
task_2021_11_03-04_cescau4/2021-11-03-15-24-59.jpg,1195.008,479.52,1660.224,658.692,MESNOI,1920,1080
task_20210612_1_Lab/2021-06-12-06-02-15.jpg,874.176,235.116,1401.024,588.168,MESCHA,1920,1080
task_20211204_Orlu/2021-12-23-16-06-55.jpg,968.832,490.32,1188.096,711.828,MESCHA,1920,1080
task_20210611_Lab/2021-06-11-17-21-45.jpg,1041.984,196.992,1493.952,654.372,MESCHA,1920,1080
task_20210705-07_balacet/2021-07-06-15-37-12.jpg,750.528,117.72,1277.184,706.536,ROUGOR,1920,1080
task_21-01-2021/2021-01-21-12-07-08.jpg,0.0,200.5184,656.064,682.9376,MESBLE,1920,1088
task_18-01-2021/2021-01-18-13-41-55.jpg,21.312,360.672,758.4,839.2832,MESCHA,1920,1088
task_20210228/20210228-141530_(9.0).jpg,266.304,428.2368,1015.104,742.7776,PINARB,1920,1088
task_20210623_balacet/2021-06-23-13-52-29.jpg,1088.448,293.004,1350.72,707.832,ACCMOU,1920,1080
task_20210612_1_Lab/2021-06-12-06-25-56.jpg,831.744,570.78,1661.376,1080.0,MESCHA,1920,1080
task_20210615_Lab/2021-06-15-13-48-42.jpg,1165.632,225.396,1487.808,441.504,MESCHA,1920,1080
task_19-01-2021/2021-01-19-13-32-31.jpg,1084.416,115.5456,1673.088,653.9968,MESCHA,1920,1088
task_20210623_balacet/2021-06-23-11-09-35.jpg,680.256,299.376,1047.552,641.088,MESCHA,1920,1080
task_05-01-2021/2021-01-05-17-18-32.jpg,725.568,445.6448,1593.984,810.3424,SITTOR,1920,1088
task_2021_11_03-04_cescau4/2021-11-03-14-58-15.jpg,1225.728,479.952,1531.2,643.788,MESNON,1920,1080
task_20210228/20210228-154445_(6.0).jpg,183.36,474.5856,781.632,835.3664,MESCHA,1920,1088
task_2021-03-01_12/20210301-123648_(5.0).jpg,659.904,478.3936,1070.976,740.8192,VEREUR,1920,1088
task_20210705-07_balacet/2021-07-07-08-59-11.jpg,1139.712,396.144,1462.464,843.696,ACCMOU,1920,1080
task_05-01-2021/2021-01-05-17-21-25.jpg,974.592,403.104,1690.368,883.5648,MESBLE,1920,1088
task_2021-03-01_13/20210301-135526_(20.0).jpg,1269.696,632.7808,1916.16,1088.0,MESCHA,1920,1088
task_20210612_1_Lab/2021-06-12-05-00-43.jpg,1260.096,231.228,1767.552,736.776,MESCHA,1920,1080
task_2021-03-01_10/20210301-105552_(11.0).jpg,218.112,432.0448,810.432,955.0464,MESCHA,1920,1088
task_2021_11_03-04_cescau4/2021-11-03-15-35-03.jpg,1347.072,461.268,1732.8,817.884,SITTOR,1920,1080
task_05-01-2021/2021-01-05-17-40-57.jpg,1391.232,453.2608,1920.0,1003.3536,ACCMOU,1920,1088
task_20210205/20210205-145141_05(14.0).jpg,720.96,536.22,1920.0,1025.676,MESCHA,1920,1080
task_20210611_Lab/2021-06-11-13-58-41.jpg,686.784,215.568,975.168,811.296,MESCHA,1920,1080
task_2021_11_03-04_cescau4/2021-11-03-16-09-51.jpg,1106.112,438.264,1728.96,682.236,MESCHA,1920,1080
task_20210227/20210227-114215_(8.0).jpg,1225.344,646.272,1549.632,1088.0,MESCHA,1920,1088
task_20210615_Lab/2021-06-15-11-02-12.jpg,594.432,260.172,1294.848,636.444,MESCHA,1920,1080
task_2021-03-01_13/20210301-135422_(17.0).jpg,947.52,437.92,1238.784,719.6032,VEREUR,1920,1088
task_2021_11_03-04_cescau4/2021-11-03-15-05-16.jpg,1459.584,552.528,1920.0,848.988,PINARB,1920,1080
task_20210616_Lab/2021-06-16-06-56-47.jpg,1417.536,227.988,1643.328,534.6,MESCHA,1920,1080
task_18-01-2021/2021-01-18-13-34-34.jpg,740.928,430.1952,1433.856,1076.576,MESNON,1920,1088
task_05-01-2021/2021-01-05-16-20-06.jpg,959.04,339.456,1578.624,765.952,MESCHA,1920,1088
task_2021_11_03-04_cescau4/2021-11-03-12-43-59.jpg,615.744,427.032,1063.104,848.232,MESCHA,1920,1080
task_20210217/20210217-174401_01(13.0).jpg,0.0,61.884,1616.448,750.6,TOUTUR,1920,1080
task_20210612_1_Lab/2021-06-12-06-21-40.jpg,389.76,258.228,957.12,518.724,MESCHA,1920,1080
task_19-01-2021/2021-01-19-12-25-16.jpg,702.144,0.0,1323.456,470.6688,MESCHA,1920,1088
task_06-01-2021/2021-01-06-11-21-33.jpg,960.96,725.3696,1422.144,1020.6528,SITTOR,1920,1088
task_20210611_Lab/2021-06-11-16-43-29.jpg,314.88,281.988,1095.744,672.948,MESCHA,1920,1080
task_20210612_1_Lab/2021-06-12-05-37-52.jpg,1186.752,221.508,1815.744,594.0,MESCHA,1920,1080
task_20210412/20210412-120340_(5.0).jpg,1070.016,625.6,1362.24,881.7152,MESCHA,1920,1088
task_20210705-07_balacet/2021-07-06-14-27-40.jpg,1030.656,213.624,1431.552,766.8,ROUGOR,1920,1080
task_06-01-2021/2021-01-06-11-09-50.jpg,934.08,605.7984,1537.92,1088.0,SITTOR,1920,1088
task_2021-03-01_08/20210301-085615_(13.0).jpg,320.448,501.568,793.152,953.088,MESCHA,1920,1088
task_18-01-2021/2021-01-18-13-15-35.jpg,100.416,474.5856,897.408,866.2656,MESNON,1920,1088
task_21-01-2021/2021-01-21-13-26-50.jpg,820.224,275.808,1240.704,756.2688,MESNON,1920,1088
task_20211204_Orlu/2021-12-24-09-16-51.jpg,480.384,445.392,1154.304,796.392,MESCHA,1920,1080
task_06-01-2021/2021-01-06-12-04-41.jpg,712.128,627.0144,1422.144,1043.8272,SITTOR,1920,1088
task_2021-03-01_13/20210301-134836_(7.0).jpg,949.44,432.0448,1171.392,727.328,VEREUR,1920,1088
task_06-01-2021/2021-01-06-11-56-40.jpg,1163.712,586.432,1757.952,966.5792,MESCHA,1920,1088
task_2021-03-01_13/20210301-135654_(7.0).jpg,746.88,420.512,1248.576,704.1536,VEREUR,1920,1088
task_20210616_Lab/2021-06-16-06-56-16.jpg,1083.648,270.648,1736.64,550.908,MESCHA,1920,1080
task_20210228/20210228-162837_(11.0).jpg,740.928,405.0624,1244.736,737.0112,MESCHA,1920,1088
task_2021-03-01_17/20210301-173318_(8.0).jpg,590.592,453.2608,991.872,682.9376,MESCHA,1920,1088
task_20211204_Orlu/2021-12-24-07-50-03.jpg,1085.76,527.688,1824.0,859.356,SITTOR,1920,1080
task_20210228/20210228-125024_(7.0).jpg,505.536,383.8464,1107.648,688.704,MESCHA,1920,1088
task_20210612_1_Lab/2021-06-12-06-02-18.jpg,1211.136,673.92,1671.936,1080.0,MESCHA,1920,1080
task_20210611_Lab/2021-06-11-17-15-02.jpg,735.936,288.792,978.24,691.956,MESCHA,1920,1080
task_2021_11_03-04_cescau4/2021-11-04-08-17-30.jpg,1079.04,440.532,1569.216,702.324,MESCHA,1920,1080
task_2021_11_03-04_cescau4/2021-11-03-14-54-22.jpg,1315.584,464.184,1563.264,648.216,MESCHA,1920,1080
task_20211204_Orlu/2021-12-23-14-32-18.jpg,1070.784,430.92,1728.768,738.936,MESCHA,1920,1080
task_20210705-07_balacet/2021-07-07-08-16-34.jpg,1181.76,500.04,1741.632,740.016,MESNON,1920,1080
task_2021-03-01_16/20210301-161550_(10.0).jpg,416.832,466.8608,841.344,748.544,MESCHA,1920,1088
task_21-01-2021/2021-01-21-12-29-36.jpg,0.0,150.3616,604.032,704.1536,MESCHA,1920,1088
task_20210526_UPS/20210526-150128_(40.0).jpg,288.384,166.464,1773.888,982.2464,PIEBAV,1920,1088
task_20210616_Lab/2021-06-16-04-42-47.jpg,1189.248,183.6,1600.512,538.056,MESCHA,1920,1080
task_20210228/20210228-150731_(6.0).jpg,785.472,397.3376,1372.032,775.5264,VEREUR,1920,1088
task_05-01-2021/2021-01-05-17-25-04.jpg,0.0,487.968,903.168,1088.0,ACCMOU,1920,1088
task_2021-03-01_17/20210301-174144_(8.0).jpg,1009.152,484.16,1208.064,644.3136,MESCHA,1920,1088
task_20211204_Orlu/2021-12-24-09-21-44.jpg,899.328,492.912,1176.384,748.872,MESCHA,1920,1080
task_20210611_Lab/2021-06-11-18-51-08.jpg,555.264,226.26,1081.728,453.492,MESCHA,1920,1080
task_21-01-2021/2021-01-21-13-21-13.jpg,0.0,295.0656,744.96,850.816,MESCHA,1920,1088
task_21-01-2021/2021-01-21-12-12-52.jpg,787.392,223.6928,1462.656,709.92,MESCHA,1920,1088
task_2021-03-01_16/20210301-165932_(6.0).jpg,418.752,430.1952,901.248,686.7456,VEREUR,1920,1088
task_2021_11_03-04_cescau4/2021-11-03-16-09-43.jpg,1056.384,421.956,1610.688,845.424,MESHUP,1920,1080
task_19-01-2021/2021-01-19-13-01-56.jpg,793.152,38.4064,1447.296,513.2096,ROUGOR,1920,1088
task_20210611_Lab/2021-06-11-15-06-42.jpg,1219.968,242.136,1770.24,672.84,MESCHA,1920,1080
task_2021-03-01_12/20210301-123613_(5.0).jpg,667.776,453.2608,1047.744,744.736,VEREUR,1920,1088
task_20210419_UPS/20210419-071529_(12.0).jpg,622.272,581.8624,1557.696,1084.6272,PIEBAV,1920,1088
task_20210615_Lab/2021-06-15-15-48-24.jpg,1211.904,240.84,1620.864,694.332,MESCHA,1920,1080
task_20210705-07_balacet/2021-07-06-11-50-03.jpg,1056.384,376.812,1726.272,749.844,MESNON,1920,1080
task_2021_11_03-04_cescau4/2021-11-04-07-13-51.jpg,1307.712,452.304,1671.744,668.952,MESNOI,1920,1080
task_05-01-2021/2021-01-05-16-06-06.jpg,1180.992,617.3312,1920.0,1088.0,MESCHA,1920,1088
task_2021_11_03-04_cescau4/2021-11-04-06-51-35.jpg,787.2,385.776,1586.304,792.612,PINARB,1920,1080
task_20210217/20210217-162758_01(13.0).jpg,554.112,357.804,963.84,684.18,VEREUR,1920,1080
task_20210705-07_balacet/2021-07-06-16-09-01.jpg,213.12,409.32,897.024,748.332,MESBLE,1920,1080
task_18-01-2021/2021-01-18-13-50-11.jpg,1425.984,511.2512,1811.904,972.3456,MESBLE,1920,1088
task_05-01-2021/2021-01-05-17-07-50.jpg,434.112,435.8528,1109.568,1088.0,MESCHA,1920,1088
task_2021_11_03-04_cescau4/2021-11-03-11-47-41.jpg,1466.112,527.796,1769.28,798.552,SITTOR,1920,1080
task_21-01-2021/2021-01-21-13-01-58.jpg,748.8,268.0832,1592.064,709.92,MESCHA,1920,1088
task_2021-03-01_10/20210301-103253_(9.0).jpg,218.112,480.352,735.168,1088.0,MESCHA,1920,1088
task_2021_11_03-04_cescau4/2021-11-03-12-07-51.jpg,1619.136,626.616,1920.0,1065.096,MESNON,1920,1080
task_20211204_Orlu/2021-12-24-10-01-32.jpg,355.776,571.86,885.696,939.924,MESNON,1920,1080
task_20210615_Lab/2021-06-15-09-08-06.jpg,1127.04,196.452,1385.472,499.392,MESCHA,1920,1080
task_MOIDOM_ODJ/1423.jpeg,161.1225,208.665,218.7,341.46,MOIDOM,675,450
task_20210705-07_balacet/2021-07-05-15-57-59.jpg,734.016,188.244,1059.456,903.528,ROUGOR,1920,1080
task_05-01-2021/2021-01-05-16-52-38.jpg,653.76,449.1264,1507.968,1088.0,MESCHA,1920,1088
task_2021-03-01_10/20210301-103517_(6.0).jpg,538.368,407.0208,1171.392,763.9936,PINARB,1920,1088
task_2021_11_03-04_cescau4/2021-11-03-11-42-55.jpg,861.504,624.024,1188.672,1080.0,MESNOI,1920,1080
task_2021-03-01_10/20210301-103233_(10.0).jpg,1221.504,468.7104,1507.008,711.8784,MESCHA,1920,1088
task_MOIDOM_ODJ/1385.jpeg,131.937,99.36,382.6173,321.93,MOIDOM,663,450
task_2021_11_03-04_cescau4/2021-11-04-07-39-30.jpg,769.92,559.656,1362.624,1080.0,MESNON,1920,1080
task_2021_11_03-04_cescau4/2021-11-03-15-44-53.jpg,967.488,469.368,1490.496,913.356,MESHUP,1920,1080
task_20210205/20210205-152152_01(57.0).jpg,36.096,503.928,1098.624,1078.812,MESCHA,1920,1080
task_20210525_UPS/20210525-155906_(16.0).jpg,362.88,322.048,1038.144,1088.0,PIEBAV,1920,1088
task_20210615_Lab/2021-06-15-13-47-15.jpg,710.208,339.228,1175.232,893.052,MESCHA,1920,1080
task_2021-03-01_11/20210301-112340_(10.0).jpg,279.744,393.5296,779.712,968.5376,MESBLE,1920,1088
task_20210615_Lab/2021-06-15-11-13-43.jpg,584.64,431.892,1480.128,819.72,MESCHA,1920,1080
task_20210417_UPS/20210417-133301_(7.0).jpg,924.288,858.5408,1460.736,1084.3008,MESCHA,1920,1088
task_20210523_UPS/20210523-173411_(48.0).jpg,829.824,389.6128,1867.968,1088.0,PIEBAV,1920,1088
task_20210611_Lab/2021-06-11-15-31-44.jpg,1047.936,219.24,1743.552,571.86,MESCHA,1920,1080
task_20210616_Lab/2021-06-16-04-48-56.jpg,1251.456,204.66,1534.08,760.212,MESCHA,1920,1080
task_2021_11_03-04_cescau4/2021-11-03-11-31-14.jpg,1374.336,501.444,1671.168,704.808,MESNON,1920,1080
task_20210612_1_Lab/2021-06-12-04-41-52.jpg,1148.16,217.728,1800.384,590.112,MESCHA,1920,1080
task_20210615_Lab/2021-06-15-11-13-43.jpg,802.752,246.672,1132.8,431.892,MESCHA,1920,1080
task_2021_11_03-04_cescau4/2021-11-03-14-46-05.jpg,1100.544,330.48,1605.696,756.432,MESCHA,1920,1080
task_05-01-2021/2021-01-05-16-47-17.jpg,941.76,354.9056,1644.096,1088.0,MESCHA,1920,1088
task_2021_11_03-04_cescau4/2021-11-03-11-14-07.jpg,899.328,601.668,1324.032,1079.244,MESHUP,1920,1080
task_2021-03-01_17/20210301-175330_(7.0).jpg,552.0,480.352,1115.328,754.3104,MESCHA,1920,1088
task_20210523_UPS/20210523-175416_(12.0).jpg,394.752,418.7712,1185.792,1084.6272,PIEBAV,1920,1088
task_06-01-2021/2021-01-06-11-32-24.jpg,7.68,771.7184,61.824,875.9488,MESCHA,1920,1088
task_05-01-2021/2021-01-05-16-41-18.jpg,0.0,325.9648,595.968,784.448,MESCHA,1920,1088
task_2021_11_03-04_cescau4/2021-11-03-14-57-22.jpg,1235.328,444.096,1509.312,630.72,MESNON,1920,1080
task_2021_11_03-04_cescau4/2021-11-03-11-44-53.jpg,747.264,432.864,1352.448,772.092,ROUGOR,1920,1080
task_21-01-2021/2021-01-21-12-27-58.jpg,216.192,117.504,1113.408,642.464,MESCHA,1920,1088
task_2021-03-01_11/20210301-110027_(12.0).jpg,474.816,472.6272,976.512,657.9136,MESCHA,1920,1088
task_2021_11_03-04_cescau4/2021-11-04-08-37-03.jpg,1115.328,468.288,1452.288,668.304,SITTOR,1920,1080
task_2021-03-01_16/20210301-160911_(8.0).jpg,227.712,434.0032,762.24,885.5232,MESCHA,1920,1088
task_2021-03-01_14/20210301-140646_(10.0).jpg,385.92,491.8848,783.552,964.6208,MESCHA,1920,1088
task_20210624_balacet/2021-06-24-06-56-37.jpg,600.192,418.392,843.264,648.0,CAMPAG,1920,1080
task_2021-03-01_14/20210301-142915_(7.0).jpg,748.8,432.0448,1300.608,661.7216,MESCHA,1920,1088
task_2021_11_03-04_cescau4/2021-11-03-15-20-25.jpg,1305.408,518.508,1659.456,841.752,MESNOI,1920,1080
task_2021-03-01_18/20210301-184156_(5.0).jpg,299.136,480.352,735.168,924.1472,MESBLE,1920,1088
task_2021-03-01_16/20210301-165843_(10.0).jpg,860.736,466.8608,1362.432,694.4704,VEREUR,1920,1088
task_20210227/20210227-155133_(7.0).jpg,1119.168,640.5056,1609.344,1086.2592,MESCHA,1920,1088
task_2021_11_03-04_cescau4/2021-11-03-12-14-12.jpg,864.0,361.26,1191.168,735.156,MESCHA,1920,1080
task_2021-03-01_09/20210301-095750_(9.0).jpg,1028.544,682.9376,1487.808,1088.0,MESBLE,1920,1088
task_2021_11_03-04_cescau4/2021-11-04-07-30-12.jpg,1681.536,653.292,1920.0,1078.056,MESNON,1920,1080
task_20210624_balacet/2021-06-24-15-08-35.jpg,1077.504,350.136,1457.28,986.904,MESCHA,1920,1080
task_2021-03-01_08/20210301-085558_(5.0).jpg,584.64,364.5888,899.328,812.192,VEREUR,1920,1088
task_2021-03-01_16/20210301-165936_(12.0).jpg,453.504,486.1184,1041.984,690.6624,VEREUR,1920,1088
task_20210615_Lab/2021-06-15-14-06-00.jpg,1161.6,289.116,1808.064,572.724,MESCHA,1920,1080
task_20210611_Lab/2021-06-11-13-57-51.jpg,960.0,198.504,1434.432,813.24,MESCHA,1920,1080
task_2021-03-01_12/20210301-125441_(8.0).jpg,273.984,441.728,760.32,889.44,MESCHA,1920,1088
task_20210228/20210228-121026_(5.0).jpg,578.88,470.6688,1061.376,742.7776,MESCHA,1920,1088
task_20210624_balacet/2021-06-24-09-05-20.jpg,1101.888,293.004,1734.72,759.888,MESCHA,1920,1080
task_21-01-2021/2021-01-21-13-23-30.jpg,885.696,314.432,1398.912,1063.0848,MESCHA,1920,1088
task_05-01-2021/2021-01-05-16-49-23.jpg,1233.024,231.4176,1427.904,428.2368,MESCHA,1920,1088
task_2021_11_03-04_cescau4/2021-11-03-15-57-36.jpg,1259.904,468.612,1541.568,645.3,MESNON,1920,1080
task_2021-03-01_14/20210301-144542_(13.0).jpg,542.208,497.6512,943.68,738.8608,MESBLE,1920,1088
task_20210623_balacet/2021-06-23-17-00-46.jpg,179.52,383.616,754.56,966.384,MESCHA,1920,1080
task_2021_11_03-04_cescau4/2021-11-03-12-12-04.jpg,838.08,385.884,1489.152,698.328,PINARB,1920,1080
task_2021_11_03-04_cescau4/2021-11-03-14-56-34.jpg,1339.008,470.772,1597.44,676.296,MESCHA,1920,1080
task_20210612_1_Lab/2021-06-12-06-24-47.jpg,860.736,327.672,1632.576,738.72,MESCHA,1920,1080
task_20211204_Orlu/2021-12-24-09-38-34.jpg,776.832,495.72,1006.08,736.992,MESBLE,1920,1080
task_2021-03-01_10/20210301-100253_(8.0).jpg,1036.224,350.9888,1671.168,744.736,VEREUR,1920,1088
task_2021-03-01_17/20210301-173922_(16.0).jpg,941.76,364.5888,1333.44,690.6624,VEREUR,1920,1088
task_05-01-2021/2021-01-05-17-23-14.jpg,0.0,285.3824,229.632,835.3664,ACCMOU,1920,1088
task_2021_11_03-04_cescau4/2021-11-04-08-07-20.jpg,1104.576,494.424,1639.488,917.46,SITTOR,1920,1080
task_20210616_Lab/2021-06-16-06-56-12.jpg,1164.864,272.268,1827.072,643.788,MESCHA,1920,1080
task_21-01-2021/2021-01-21-12-21-43.jpg,445.824,185.0688,1263.936,586.432,MESCHA,1920,1088
task_20210623_balacet/2021-06-23-15-52-22.jpg,905.088,370.116,1420.224,711.72,MESCHA,1920,1080
task_2021_11_03-04_cescau4/2021-11-03-13-35-42.jpg,1698.048,472.284,1920.0,887.22,MESCHA,1920,1080
task_20210418_UPS/20210418-113834_(7.0).jpg,1106.112,817.1968,1538.688,1086.5856,MESCHA,1920,1088
task_20210615_Lab/2021-06-15-10-59-39.jpg,1331.52,254.34,1773.312,663.444,MESCHA,1920,1080
task_20210611_Lab/2021-06-11-14-24-43.jpg,1231.296,245.916,1497.024,593.136,MESBLE,1920,1080
task_20210616_Lab/2021-06-16-09-14-32.jpg,1061.568,148.068,1375.488,529.848,MESCHA,1920,1080
task_21-01-2021/2021-01-21-13-44-16.jpg,1142.4,416.704,1514.88,758.2272,MESBLE,1920,1088
task_2021_11_03-04_cescau4/2021-11-03-15-22-59.jpg,1143.936,423.36,1347.264,658.692,MESCHA,1920,1080
task_2021-03-01_13/20210301-135209_(8.0).jpg,353.088,455.2192,731.328,1028.3776,MESBLE,1920,1088
task_20210615_Lab/2021-06-15-09-07-37.jpg,706.368,260.172,1360.512,547.668,MESCHA,1920,1080
task_20210227/20210227-172138_(21.0).jpg,472.704,258.4,1233.024,993.5616,TOUTUR,1920,1088
task_2021_11_03-04_cescau4/2021-11-04-07-04-05.jpg,1009.728,442.368,1285.824,762.372,PINARB,1920,1080
task_20210611_Lab/2021-06-11-17-14-52.jpg,356.928,256.392,678.912,719.28,MESCHA,1920,1080
task_2021-03-01_12/20210301-124336_(8.0).jpg,281.856,445.536,791.232,899.0144,MESCHA,1920,1088
task_06-01-2021/2021-01-06-12-12-55.jpg,1206.144,594.1568,1920.0,1041.8688,ACCMOU,1920,1088
task_20210228/20210228-141618_(5.0).jpg,1119.168,489.9264,1453.056,1088.0,VEREUR,1920,1088
task_20211204_Orlu/2021-12-23-14-45-59.jpg,640.704,479.088,1331.136,895.86,MESCHA,1920,1080
task_2021-03-01_08/20210301-080709_(10.0).jpg,385.92,487.968,740.928,1014.8864,MESCHA,1920,1088
task_20210612_1_Lab/2021-06-12-06-19-57.jpg,617.472,304.56,1047.744,916.272,MESCHA,1920,1080
task_20210615_Lab/2021-06-15-09-27-51.jpg,1020.864,227.34,1495.488,460.836,MESCHA,1920,1080
task_2021-03-01_14/20210301-144504_(12.0).jpg,490.176,443.6864,1119.168,821.8752,MESCHA,1920,1088
task_2021-03-01_13/20210301-132921_(10.0).jpg,424.512,434.0032,1020.864,729.2864,MESCHA,1920,1088
task_20210611_Lab/2021-06-11-14-13-06.jpg,1225.728,228.852,1732.224,724.032,MESCHA,1920,1080
task_20210615_Lab/2021-06-15-13-16-16.jpg,1146.24,360.504,1580.352,794.664,MESCHA,1920,1080
task_20210616_Lab/2021-06-16-18-02-40.jpg,682.752,239.868,1151.808,683.316,MESCHA,1920,1080
task_20210705-07_balacet/2021-07-07-08-22-01.jpg,639.168,333.396,1171.584,606.744,ACCMOU,1920,1080
task_20210611_Lab/2021-06-11-14-00-47.jpg,0.0,3.024,1916.16,1080.0,MESBLE,1920,1080
task_2021_11_03-04_cescau4/2021-11-03-16-11-50.jpg,965.76,457.056,1538.688,658.044,PINARB,1920,1080
task_20210611_Lab/2021-06-11-14-00-42.jpg,1307.136,236.412,1559.616,852.984,MESCHA,1920,1080
task_20211204_Orlu/2021-12-23-13-29-52.jpg,429.12,128.088,1001.472,505.44,SITTOR,1920,1080
task_20210227/20210227-134400_(8.0).jpg,962.88,530.5088,1294.848,742.7776,MESCHA,1920,1088
task_2021-03-01_09/20210301-091626_(44.0).jpg,102.336,279.616,1499.328,800.6592,TOUTUR,1920,1088
task_2021-03-01_17/20210301-174112_(8.0).jpg,1167.552,364.5888,1418.304,775.5264,MESCHA,1920,1088
task_2021_11_03-04_cescau4/2021-11-04-06-54-25.jpg,833.472,433.512,1401.6,794.34,PINARB,1920,1080
task_20210611_Lab/2021-06-11-17-20-06.jpg,672.576,192.996,951.36,803.736,MESCHA,1920,1080
task_20210615_Lab/2021-06-15-13-43-34.jpg,1304.448,265.896,1684.608,688.5,MESCHA,1920,1080
task_2021-03-01_15/20210301-150244_(15.0).jpg,550.08,447.4944,1117.248,711.8784,MESCHA,1920,1088
task_2021-03-01_15/20210301-152711_(15.0).jpg,254.784,443.6864,849.024,787.168,MESCHA,1920,1088
task_20210615_Lab/2021-06-15-11-00-54.jpg,1155.84,281.34,1813.824,649.944,MESCHA,1920,1080
task_18-01-2021/2021-01-18-14-27-24.jpg,127.296,295.0656,901.248,758.2272,MESCHA,1920,1088
task_2021-03-01_09/20210301-095413_(18.0).jpg,1105.728,580.6656,1630.656,1088.0,MESCHA,1920,1088
task_20210414/20210414-190118_(6.0).jpg,947.52,671.4048,1248.576,912.6144,MESCHA,1920,1088
task_2021-03-01_17/20210301-172721_(14.0).jpg,534.528,395.3792,850.944,982.0288,MESCHA,1920,1088
task_2021_11_03-04_cescau4/2021-11-04-07-44-21.jpg,594.816,550.26,1143.36,898.668,MESNON,1920,1080
task_2021-03-01_12/20210301-124822_(11.0).jpg,397.632,426.2784,829.824,789.0176,MESCHA,1920,1088
task_20211204_Orlu/2021-12-23-14-41-42.jpg,258.432,498.636,909.504,890.46,MESCHA,1920,1080
task_2021_11_03-04_cescau4/2021-11-03-14-58-32.jpg,1297.152,379.944,1329.408,469.152,MESCHA,1920,1080
task_20210615_Lab/2021-06-15-09-05-34.jpg,1121.088,289.116,1640.256,543.78,MESCHA,1920,1080
task_21-01-2021/2021-01-21-13-53-45.jpg,636.864,289.2992,1092.288,644.3136,MESCHA,1920,1088
task_2021-03-01_13/20210301-135336_(14.0).jpg,683.136,449.4528,937.92,798.7008,VEREUR,1920,1088
task_20211204_Orlu/2021-12-24-09-03-35.jpg,693.312,569.16,1325.376,857.088,MESCHA,1920,1080
task_2021_11_03-04_cescau4/2021-11-03-12-52-48.jpg,1025.856,0.0,1918.656,1079.676,MESCHA,1920,1080
task_20210615_Lab/2021-06-15-11-04-18.jpg,1148.16,347.004,1646.016,840.996,MESCHA,1920,1080
task_21-01-2021/2021-01-21-13-01-12.jpg,872.256,356.864,1522.56,810.3424,MESCHA,1920,1088
task_18-01-2021/2021-01-18-13-53-08.jpg,1485.888,403.104,1920.0,978.2208,MESNON,1920,1088
task_20210615_Lab/2021-06-15-16-13-09.jpg,1278.528,428.004,1656.0,1080.0,MESCHA,1920,1080
task_20211204_Orlu/2021-12-23-16-01-26.jpg,803.904,501.552,1004.352,705.564,MESBLE,1920,1080
task_2021_11_03-04_cescau4/2021-11-04-07-24-48.jpg,1221.504,338.364,1449.408,692.28,MESHUP,1920,1080
task_20210227/20210227-143940_(8.0).jpg,1117.248,706.112,1727.04,1088.0,VEREUR,1920,1088
task_20210612_1_Lab/2021-06-12-05-07-32.jpg,1333.44,433.836,1717.44,896.94,MESCHA,1920,1080
task_20210612_1_Lab/2021-06-12-06-26-08.jpg,308.736,213.84,891.456,522.612,MESCHA,1920,1080
task_05-01-2021/2021-01-05-17-06-40.jpg,0.0,408.8704,459.264,949.28,MESCHA,1920,1088
task_2021-03-01_13/20210301-135318_(13.0).jpg,750.72,434.0032,960.96,769.76,VEREUR,1920,1088
task_18-01-2021/2021-01-18-13-45-40.jpg,1188.672,376.1216,1727.04,929.9136,MESBLE,1920,1088
task_21-01-2021/2021-01-21-13-53-29.jpg,245.184,187.0272,557.76,621.1392,MESBLE,1920,1088
task_19-01-2021/2021-01-19-11-10-14.jpg,57.984,165.8112,1005.312,534.3168,MESCHA,1920,1088
task_19-01-2021/2021-01-19-11-23-13.jpg,3.84,21.1072,854.784,663.68,MESCHA,1920,1088
task_20210615_Lab/2021-06-15-13-48-28.jpg,1244.736,264.06,1769.472,453.168,MESCHA,1920,1080
task_20210616_Lab/2021-06-16-05-37-44.jpg,1184.64,243.54,1459.392,437.724,MESCHA,1920,1080
task_2021-03-01_14/20210301-144556_(11.0).jpg,914.688,455.2192,1362.432,814.1504,MESCHA,1920,1088
task_20210217/20210217-143559_06(16.0).jpg,715.584,266.76,1474.56,594.216,MESCHA,1920,1080
task_2021-03-01_07/20210301-074037_(10.0).jpg,1148.16,544.0,1916.16,1024.4608,MESCHA,1920,1088
task_05-01-2021/2021-01-05-17-01-02.jpg,1294.464,494.9312,1920.0,925.9968,MESCHA,1920,1088
task_20210705-07_balacet/2021-07-07-07-14-56.jpg,1183.104,37.908,1786.752,507.06,SITTOR,1920,1080
task_2021_11_03-04_cescau4/2021-11-03-12-28-06.jpg,1164.096,463.428,1831.104,691.308,MESCHA,1920,1080
task_20211204_Orlu/2021-12-24-07-57-42.jpg,681.792,510.732,1018.944,769.932,MESCHA,1920,1080
task_2021-03-01_09/20210301-090504_(5.0).jpg,679.296,405.0624,1011.264,680.9792,VEREUR,1920,1088
task_18-01-2021/2021-01-18-14-06-44.jpg,54.144,520.8256,656.064,1088.0,MESNON,1920,1088
task_2021-03-01_09/20210301-091520_(16.0).jpg,0.0,0.0,480.576,675.2128,MESCHA,1920,1088
task_20210615_Lab/2021-06-15-16-16-45.jpg,547.968,235.116,1098.048,688.5,MESCHA,1920,1080
task_2021-03-01_12/20210301-123003_(10.0).jpg,1063.296,511.2512,1470.336,928.064,MESCHA,1920,1088
task_2021_11_03-04_cescau4/2021-11-04-07-00-09.jpg,880.32,495.396,1248.192,700.38,MESNON,1920,1080
task_2021-03-01_13/20210301-135450_(18.0).jpg,1350.72,366.4384,1615.104,621.1392,MESCHA,1920,1088
task_20210526_UPS/20210526-161128_(20.0).jpg,787.392,456.7424,1238.976,851.36,ROUGOR,1920,1088
task_05-01-2021/2021-01-05-15-58-14.jpg,1067.136,389.6128,1354.56,596.1152,MESCHA,1920,1088
task_19-01-2021/2021-01-19-11-31-10.jpg,1.92,277.6576,995.712,941.5552,MESBLE,1920,1088
task_20210615_Lab/2021-06-15-15-56-39.jpg,1190.592,296.784,1451.136,636.444,MESCHA,1920,1080
task_20210228/20210228-171527_(13.0).jpg,185.28,474.5856,984.192,767.8016,MESCHA,1920,1088
task_20210217/20210217-142920_01(13.0).jpg,755.904,283.716,1233.216,716.472,VEREUR,1920,1080
task_2021-03-01_15/20210301-151124_(14.0).jpg,561.6,435.9616,928.128,648.2304,MESBLE,1920,1088
task_2021-03-01_13/20210301-135155_(12.0).jpg,1053.696,428.2368,1370.112,762.0352,VEREUR,1920,1088
task_20211204_Orlu/2021-12-24-07-32-20.jpg,990.912,518.94,1179.072,702.972,MESBLE,1920,1080
task_20210526_UPS/20210526-162122_(36.0).jpg,331.968,280.2688,1918.08,957.5488,PIEBAV,1920,1088
task_20211204_Orlu/2021-12-23-14-13-07.jpg,857.664,479.952,1224.768,697.68,MESBLE,1920,1080
task_20210217/20210217-134612_01(25.0).jpg,130.752,279.504,819.648,855.684,MESCHA,1920,1080
task_2021-03-01_15/20210301-151610_(13.0).jpg,783.552,478.3936,1094.208,669.4464,MESCHA,1920,1088
task_20211204_Orlu/2021-12-24-10-45-09.jpg,658.176,489.672,948.48,864.108,MESCHA,1920,1080
task_2021-03-01_09/20210301-090213_(12.0).jpg,447.744,621.1392,673.536,902.9312,MESCHA,1920,1088
task_20210217/20210217-154036_03(17.0).jpg,1372.416,230.58,1518.144,478.332,MESBLE,1920,1080
task_05-01-2021/2021-01-05-16-24-51.jpg,1343.04,532.3584,1912.32,1080.4928,SITTOR,1920,1088
task_2021_11_03-04_cescau4/2021-11-04-06-37-27.jpg,838.656,388.26,1361.856,683.532,MESCHA,1920,1080
task_2021-03-01_09/20210301-091536_(21.0).jpg,546.048,140.6784,1163.712,835.3664,TOUTUR,1920,1088
task_2021_11_03-04_cescau4/2021-11-04-08-16-45.jpg,1382.976,851.148,1762.368,1080.0,PINARB,1920,1080
task_20210525_UPS/20210525-180904_(17.0).jpg,756.864,567.6096,1920.0,1088.0,PIEBAV,1920,1088
task_2021-03-01_09/20210301-092307_(14.0).jpg,605.952,250.6752,1918.08,760.0768,TOUTUR,1920,1088
task_2021_11_03-04_cescau4/2021-11-04-07-40-18.jpg,1192.32,486.324,1558.848,658.584,MESCHA,1920,1080
task_2021_11_03-04_cescau4/2021-11-03-11-42-49.jpg,1469.568,568.836,1920.0,1027.62,MESNON,1920,1080
task_20210624_balacet/2021-06-24-12-27-04.jpg,1198.272,331.56,1651.776,839.052,MESCHA,1920,1080
task_20210615_Lab/2021-06-15-13-38-49.jpg,993.792,233.172,1337.28,435.78,MESCHA,1920,1080
task_20211204_Orlu/2021-12-24-10-22-18.jpg,1028.16,524.232,1226.496,758.376,MESNON,1920,1080
task_20210228/20210228-141055_(10.0).jpg,988.032,374.1632,1323.84,985.9456,MESCHA,1920,1088
task_2021_11_03-04_cescau4/2021-11-04-07-54-47.jpg,881.664,452.736,1204.992,701.028,MESCHA,1920,1080
task_20211204_Orlu/2021-12-24-09-44-03.jpg,685.632,496.26,1060.608,754.164,MESCHA,1920,1080
task_2021-03-01_16/20210301-165950_(37.0).jpg,1306.368,870.0736,1918.08,1088.0,MESBLE,1920,1088
task_20210615_Lab/2021-06-15-10-31-24.jpg,300.096,330.696,1267.968,1080.0,MESCHA,1920,1080
task_20211204_Orlu/2021-12-23-14-53-20.jpg,916.224,504.252,1325.376,806.544,SITTOR,1920,1080
task_20210615_Lab/2021-06-15-16-16-45.jpg,1289.088,310.284,1545.6,1003.104,MESCHA,1920,1080
task_20210228/20210228-152427_(13.0).jpg,258.624,418.5536,905.088,694.4704,PINARB,1920,1088
task_20210227/20210227-150251_(6.0).jpg,1221.504,578.7072,1688.448,943.4048,MESBLE,1920,1088
task_20210623_balacet/2021-06-23-11-18-53.jpg,1165.632,337.392,1910.4,800.496,MESCHA,1920,1080
task_2021-03-01_14/20210301-142705_(10.0).jpg,976.512,426.2784,1308.288,698.3872,VEREUR,1920,1088
task_20210612_1_Lab/2021-06-12-06-33-23.jpg,1053.696,246.672,1676.928,605.556,MESCHA,1920,1080
task_20210611_Lab/2021-06-11-16-49-06.jpg,1099.968,175.068,1815.36,696.816,MESCHA,1920,1080
task_21-01-2021/2021-01-21-14-07-21.jpg,227.712,434.0032,611.712,619.2896,MESCHA,1920,1088
task_2021-03-01_13/20210301-135413_(11.0).jpg,598.272,370.3552,1059.456,752.4608,VEREUR,1920,1088
task_20211204_Orlu/2021-12-24-09-36-55.jpg,775.68,401.112,1334.208,772.308,MESCHA,1920,1080
task_2021_11_03-04_cescau4/2021-11-04-07-09-49.jpg,1427.712,503.712,1643.52,698.652,MESNON,1920,1080
task_2021-03-01_15/20210301-151836_(12.0).jpg,229.632,447.4944,733.248,1055.36,MESCHA,1920,1088
task_20210623_balacet/2021-06-23-12-01-14.jpg,360.192,339.552,718.656,810.648,MESCHA,1920,1080
task_20211204_Orlu/2021-12-23-14-19-31.jpg,370.368,517.968,883.968,825.228,MESCHA,1920,1080
task_2021_11_03-04_cescau4/2021-11-04-07-37-31.jpg,1366.656,445.608,1677.696,842.94,MESCHA,1920,1080
task_20210227/20210227-163556_(9.0).jpg,1090.368,611.5648,1640.256,870.0736,MESCHA,1920,1088
task_2021_11_03-04_cescau4/2021-11-04-08-13-37.jpg,549.312,370.116,1129.92,911.196,PINARB,1920,1080
task_20210705-07_balacet/2021-07-06-08-20-35.jpg,388.8,359.964,834.624,640.44,MESNON,1920,1080
task_20210523_UPS/20210523-185919_(38.0).jpg,830.976,295.392,1918.08,1088.0,PIEBAV,1920,1088
task_20210526_UPS/20210526-150822_(28.0).jpg,620.352,578.1632,1250.304,913.92,MESCHA,1920,1088
task_20210227/20210227-140230_(6.0).jpg,513.408,499.6096,966.72,796.7424,MESCHA,1920,1088
task_2021-03-01_09/20210301-090627_(5.0).jpg,698.496,395.3792,1148.16,698.3872,VEREUR,1920,1088
task_20210623_balacet/2021-06-23-16-40-16.jpg,922.368,348.948,1462.656,723.276,MESCHA,1920,1080
task_2021_11_03-04_cescau4/2021-11-03-16-14-12.jpg,1041.792,413.532,1650.816,679.536,MESCHA,1920,1080
task_2021_11_03-04_cescau4/2021-11-03-14-53-48.jpg,1315.2,509.112,1634.304,690.876,MESNON,1920,1080
task_2021-03-01_17/20210301-170100_(17.0).jpg,1159.68,395.3792,1771.392,700.3456,MESCHA,1920,1088
task_20210227/20210227-142632_(5.0).jpg,1238.784,561.408,1607.424,823.8336,MESBLE,1920,1088
task_20210616_Lab/2021-06-16-18-02-54.jpg,1336.704,228.96,1809.408,506.628,MESCHA,1920,1080
task_20210227/20210227-172025_(5.0).jpg,588.672,623.0976,1107.648,987.7952,MESCHA,1920,1088
task_2021_11_03-04_cescau4/2021-11-03-11-26-47.jpg,1152.96,464.508,1577.856,651.24,MESNON,1920,1080
task_19-01-2021/2021-01-19-13-01-50.jpg,1228.416,7.616,1867.968,816.1088,ROUGOR,1920,1088
task_2021-03-01_15/20210301-150133_(12.0).jpg,451.584,424.32,1022.784,727.328,MESCHA,1920,1088
task_MOIDOM_ODJ/533.jpeg,216.66,197.19,316.32,317.79,MOIDOM,600,450
task_18-01-2021/2021-01-18-13-33-22.jpg,631.104,364.5888,1086.336,860.4992,MESBLE,1920,1088
task_20210205/20210205-125632_01(18.0).jpg,811.968,484.92,1487.424,807.516,VEREUR,1920,1080
task_20210705-07_balacet/2021-07-06-15-25-40.jpg,1168.704,386.208,1749.312,815.4,ROUGOR,1920,1080
task_2021-03-01_12/20210301-124828_(11.0).jpg,582.72,599.9232,1404.864,1088.0,MESCHA,1920,1088
task_20210615_Lab/2021-06-15-10-34-06.jpg,1275.456,293.004,1829.376,669.276,MESCHA,1920,1080
task_2021-03-01_09/20210301-090509_(7.0).jpg,1105.728,399.296,1402.944,1088.0,MOIDOM,1920,1088
task_2021_11_03-04_cescau4/2021-11-03-15-03-20.jpg,571.2,519.588,1056.96,861.3,MESNON,1920,1080
task_20211204_Orlu/2021-12-24-09-20-57.jpg,912.192,492.264,1114.176,838.188,MESBLE,1920,1080
task_05-01-2021/2021-01-05-16-46-13.jpg,1408.704,547.9168,1920.0,1088.0,SITTOR,1920,1088
task_20210612_1_Lab/2021-06-12-07-07-51.jpg,486.336,240.84,1020.864,653.832,MESCHA,1920,1080
task_05-01-2021/2021-01-05-16-06-02.jpg,1518.72,612.7616,1914.24,1082.2336,MESBLE,1920,1088
task_2021_11_03-04_cescau4/2021-11-04-07-14-43.jpg,1257.984,810.324,1601.088,1080.0,MESNON,1920,1080
task_2021-03-01_11/20210301-114756_(9.0).jpg,249.024,455.2192,712.128,1086.0416,MESCHA,1920,1088
task_2021_11_03-04_cescau4/2021-11-04-07-17-13.jpg,1124.544,476.496,1431.936,991.44,PINARB,1920,1080
task_05-01-2021/2021-01-05-17-22-10.jpg,810.432,405.0624,1680.768,856.5824,SITTOR,1920,1088
task_2021-03-01_15/20210301-154059_(6.0).jpg,397.632,405.0624,795.072,833.408,MESCHA,1920,1088
task_19-01-2021/2021-01-19-10-57-04.jpg,63.744,59.6224,951.36,518.8672,MESCHA,1920,1088
task_20210615_Lab/2021-06-15-13-56-19.jpg,1219.584,318.06,1709.76,759.888,MESCHA,1920,1080
task_19-01-2021/2021-01-19-13-34-03.jpg,0.0,219.776,791.232,684.896,MESBLE,1920,1088
task_20210623_balacet/2021-06-23-13-11-08.jpg,1146.24,254.34,1817.856,638.388,ACCMOU,1920,1080
task_20210525_UPS/20210525-154324_(30.0).jpg,339.648,358.7136,980.352,1088.0,PIEBAV,1920,1088
task_05-01-2021/2021-01-05-17-34-14.jpg,233.472,553.6832,1177.152,1088.0,ACCMOU,1920,1088
task_2021_11_03-04_cescau4/2021-11-03-12-25-47.jpg,1512.96,536.004,1920.0,892.836,MESNON,1920,1080
task_19-01-2021/2021-01-19-13-36-22.jpg,793.152,0.0,1547.712,555.6416,ROUGOR,1920,1088
task_20210624_balacet/2021-06-24-12-50-55.jpg,243.264,331.56,818.304,798.552,MESCHA,1920,1080
task_20210526_UPS/20210526-150952_(12.0).jpg,1094.592,369.8112,1678.848,868.768,MESCHA,1920,1088
task_19-01-2021/2021-01-19-11-26-09.jpg,1167.552,144.5952,1916.16,742.7776,MESCHA,1920,1088
task_19-01-2021/2021-01-19-10-36-51.jpg,192.96,113.696,1294.848,1086.2592,MESCHA,1920,1088
task_18-01-2021/2021-01-18-13-45-34.jpg,1140.48,270.0416,1808.064,891.2896,MESBLE,1920,1088
task_20211204_Orlu/2021-12-23-13-44-13.jpg,629.376,549.936,1092.288,792.936,MESNON,1920,1080
task_2021-03-01_10/20210301-100424_(9.0).jpg,602.112,435.9616,1005.312,812.192,VEREUR,1920,1088
task_20210705-07_balacet/2021-07-05-15-26-50.jpg,322.368,391.176,834.816,621.0,MESNON,1920,1080
task_19-01-2021/2021-01-19-11-02-13.jpg,0.0,78.9888,723.648,735.0528,MESCHA,1920,1088
task_18-01-2021/2021-01-18-13-44-08.jpg,0.0,472.6272,426.432,1020.6528,MESNON,1920,1088
task_19-01-2021/2021-01-19-11-40-49.jpg,712.128,125.2288,1215.744,709.92,MESCHA,1920,1088
task_19-01-2021/2021-01-19-11-38-14.jpg,656.064,188.9856,1099.968,816.1088,MESCHA,1920,1088
task_20211204_Orlu/2021-12-23-14-21-47.jpg,843.84,487.404,1059.456,806.76,MESCHA,1920,1080
task_2021_11_03-04_cescau4/2021-11-04-07-21-10.jpg,1239.744,468.288,1753.536,661.932,MESNON,1920,1080
task_20210705-07_balacet/2021-07-07-08-13-08.jpg,926.592,350.784,1163.136,643.248,ACCMOU,1920,1080
task_20211204_Orlu/2021-12-24-09-11-48.jpg,956.352,484.38,1407.168,1079.136,MESCHA,1920,1080
task_2021_11_03-04_cescau4/2021-11-03-15-12-03.jpg,1458.816,488.592,1643.328,681.804,MESNON,1920,1080
task_20210616_Lab/2021-06-16-09-08-57.jpg,1263.936,169.992,1792.512,511.488,MESCHA,1920,1080
task_20210615_Lab/2021-06-15-16-01-39.jpg,1072.896,217.728,1564.992,474.336,MESCHA,1920,1080
task_20210217/20210217-135115_06(84.0).jpg,619.776,304.992,951.552,728.136,MESCHA,1920,1080
task_20210227/20210227-143841_(11.0).jpg,750.72,530.5088,1020.864,758.2272,MESCHA,1920,1088
task_20210612_1_Lab/2021-06-12-07-08-55.jpg,1099.968,258.228,1690.368,657.612,MESCHA,1920,1080
task_20210415_UPS/20210415-095333_(7.0).jpg,706.368,667.488,1072.896,1012.928,MESCHA,1920,1088
task_2021_11_03-04_cescau4/2021-11-04-07-17-33.jpg,1505.856,559.332,1920.0,853.308,MESNON,1920,1080
task_05-01-2021/2021-01-05-16-38-03.jpg,1094.592,472.6272,1920.0,1084.3008,SITTOR,1920,1088
task_20210624_balacet/2021-06-24-12-54-11.jpg,990.144,293.328,1456.512,625.644,MESCHA,1920,1080
task_20211204_Orlu/2021-12-23-13-21-42.jpg,850.176,375.408,1363.2,634.392,MESBLE,1920,1080
task_20210612_1_Lab/2021-06-12-06-51-04.jpg,1082.88,243.216,1302.72,507.168,MESCHA,1920,1080
task_20210615_Lab/2021-06-15-09-26-40.jpg,1092.288,157.896,1441.536,433.836,MESCHA,1920,1080
task_21-01-2021/2021-01-21-12-06-14.jpg,5.76,86.7136,463.104,713.8368,MESCHA,1920,1088
task_2021_11_03-04_cescau4/2021-11-03-13-49-33.jpg,714.048,459.756,1145.088,710.748,MESNON,1920,1080
task_05-01-2021/2021-01-05-16-23-07.jpg,667.776,569.1328,1896.96,1043.6096,SITTOR,1920,1088
task_2021-03-01_09/20210301-093829_(10.0).jpg,287.616,380.0384,822.144,850.816,MESCHA,1920,1088
task_20210611_Lab/2021-06-11-18-32-14.jpg,1223.04,239.22,1737.216,606.744,MESCHA,1920,1080
task_20210227/20210227-170247_(5.0).jpg,688.896,426.2784,988.032,850.816,VEREUR,1920,1088
task_20211204_Orlu/2021-12-24-09-13-54.jpg,405.696,300.78,614.016,605.016,MESCHA,1920,1080
task_21-01-2021/2021-01-21-13-05-35.jpg,395.712,727.328,1920.0,1088.0,MESCHA,1920,1088
task_2021_11_03-04_cescau4/2021-11-03-11-09-54.jpg,995.52,399.816,1239.936,682.452,MESHUP,1920,1080
task_20210525_UPS/20210525-150321_(45.0).jpg,580.8,407.0208,1107.648,1086.2592,PIEBAV,1920,1088
task_05-01-2021/2021-01-05-17-10-19.jpg,808.512,484.16,1256.256,964.7296,SITTOR,1920,1088
task_2021-03-01_17/20210301-175017_(13.0)(1).jpg,721.728,460.9856,905.088,657.9136,MESCHA,1920,1088
task_20211204_Orlu/2021-12-23-15-41-10.jpg,1076.16,506.088,1380.864,970.488,MESCHA,1920,1080
task_19-01-2021/2021-01-19-12-49-39.jpg,285.696,123.2704,947.52,648.2304,MESCHA,1920,1088
task_2021-03-01_14/20210301-142155_(10.0).jpg,910.848,489.9264,1186.752,634.7392,MESCHA,1920,1088
task_2021_11_03-04_cescau4/2021-11-03-10-28-35.jpg,964.032,436.428,1482.432,838.62,PINARB,1920,1080
task_20210523_UPS/20210523-174310_(11.0).jpg,331.968,397.8816,1096.704,1084.6272,PIEBAV,1920,1088
task_21-01-2021/2021-01-21-12-18-11.jpg,0.0,270.0416,580.8,744.736,MESCHA,1920,1088
task_20210705-07_balacet/2021-07-07-08-48-35.jpg,321.408,370.656,781.632,781.272,MESNON,1920,1080
task_2021-03-01_07/20210301-074708_(5.0).jpg,501.696,412.7872,824.064,754.3104,VEREUR,1920,1088
task_20210611_Lab/2021-06-11-15-10-11.jpg,1081.536,280.044,1381.248,885.276,MESCHA,1920,1080
task_19-01-2021/2021-01-19-11-53-13.jpg,1213.824,96.9408,1692.48,577.6192,MESCHA,1920,1088
task_19-01-2021/2021-01-19-10-44-04.jpg,422.592,239.1424,1244.736,721.5616,MESNON,1920,1088
task_2021-03-01_10/20210301-100230_(9.0).jpg,999.552,393.5296,1559.232,845.0496,VEREUR,1920,1088
task_19-01-2021/2021-01-19-11-53-28.jpg,1015.104,156.128,1848.576,605.7984,MESCHA,1920,1088
task_18-01-2021/2021-01-18-14-06-48.jpg,1.92,528.5504,692.736,1088.0,MESNON,1920,1088
task_20210523_UPS/20210523-173739_(35.0).jpg,74.112,206.2848,1286.4,1088.0,PIEBAV,1920,1088
task_2021_11_03-04_cescau4/2021-11-04-07-53-40.jpg,903.744,545.724,1393.344,912.924,MESHUP,1920,1080
task_21-01-2021/2021-01-21-14-19-25.jpg,858.816,380.0384,1557.312,1086.2592,MESCHA,1920,1088
task_20210611_Lab/2021-06-11-14-30-48.jpg,391.296,239.004,451.584,332.424,MESCHA,1920,1080
task_21-01-2021/2021-01-21-12-52-08.jpg,907.008,356.864,1456.896,769.76,MESCHA,1920,1088
task_2021_11_03-04_cescau4/2021-11-04-07-55-31.jpg,1650.816,513.432,1920.0,775.872,MESNON,1920,1080
task_2021-03-01_12/20210301-120158_(10.0).jpg,397.824,417.3568,753.6,1011.9488,MESCHA,1920,1088
task_20210217/20210217-134400_01(13.0).jpg,847.296,326.268,1470.336,750.492,MESCHA,1920,1080
task_20210705-07_balacet/2021-07-07-07-55-20.jpg,957.888,392.904,1440.96,803.412,ACCMOU,1920,1080
task_2021-03-01_09/20210301-091621_(51.0).jpg,3.84,424.4288,1757.952,1088.0,TOUTUR,1920,1088
task_2021-03-01_12/20210301-120337_(8.0).jpg,1034.304,455.2192,1312.128,638.5472,MESCHA,1920,1088
task_05-01-2021/2021-01-05-17-18-13.jpg,0.0,497.6512,673.536,955.0464,SITTOR,1920,1088
task_20210615_Lab/2021-06-15-13-49-33.jpg,1265.856,240.84,1605.504,649.944,MESCHA,1920,1080
task_20210615_Lab/2021-06-15-08-34-26.jpg,1017.024,188.784,1570.752,541.836,MESCHA,1920,1080
task_2021-03-01_08/20210301-085743_(9.0).jpg,515.328,426.2784,1020.864,767.8016,MESCHA,1920,1088
task_20211204_Orlu/2021-12-24-10-14-54.jpg,1056.192,739.908,1424.064,1080.0,MESCHA,1920,1080
task_20210227/20210227-170647_(8.0).jpg,1182.912,706.112,1678.848,1088.0,VEREUR,1920,1088
task_20210417_UPS/20210417-090316_(20.0).jpg,1124.928,760.0768,1410.624,1082.3424,MESCHA,1920,1088
task_21-01-2021/2021-01-21-14-02-32.jpg,1034.304,370.3552,1451.136,702.1952,MESCHA,1920,1088
task_05-01-2021/2021-01-05-17-12-04.jpg,1330.752,512.0128,1920.0,1032.1856,ACCMOU,1920,1088
task_05-01-2021/2021-01-05-16-49-11.jpg,440.064,441.728,727.488,742.7776,SITTOR,1920,1088
task_21-01-2021/2021-01-21-13-27-43.jpg,596.352,312.4736,1468.416,742.7776,MESCHA,1920,1088
task_20210612_1_Lab/2021-06-12-04-42-23.jpg,793.152,375.948,1663.488,804.276,MESCHA,1920,1080
task_20210418_UPS/20210418-134526_(11.0).jpg,758.976,612.2176,1214.208,874.0992,MESCHA,1920,1088
task_20210228/20210228-120836_(11.0).jpg,295.296,113.696,926.208,671.4048,MESCHA,1920,1088
task_2021_11_03-04_cescau4/2021-11-03-11-35-43.jpg,1011.264,437.4,1354.752,678.132,MESNON,1920,1080
task_2021-03-01_14/20210301-144711_(20.0).jpg,671.616,354.9056,1109.568,752.4608,VEREUR,1920,1088
task_20210611_Lab/2021-06-11-13-55-28.jpg,277.056,196.56,840.576,557.064,MESCHA,1920,1080
task_20211204_Orlu/2021-12-24-10-28-41.jpg,520.32,521.424,1260.672,855.252,MESCHA,1920,1080
task_20211204_Orlu/2021-12-24-11-01-35.jpg,1337.28,0.972,1741.632,432.216,SITTOR,1920,1080
task_20210205/20210205-161530_01(31.0).jpg,1366.08,906.12,1701.888,1080.0,MESCHA,1920,1080
task_20210217/20210217-140242_03(11.0).jpg,296.64,254.016,859.008,624.996,MESCHA,1920,1080
task_20210418_UPS/20210418-144724_(9.0).jpg,705.792,672.928,1214.208,879.7568,MESCHA,1920,1088
task_20210616_Lab/2021-06-16-09-08-38.jpg,661.248,393.984,1454.4,1080.0,MESCHA,1920,1080
task_20210611_Lab/2021-06-11-15-54-48.jpg,815.808,264.924,1168.704,769.5,MESCHA,1920,1080
task_19-01-2021/2021-01-19-12-17-51.jpg,725.568,1.7408,1620.864,565.216,ROUGOR,1920,1088
task_2021-03-01_10/20210301-100551_(10.0).jpg,866.496,677.1712,1350.72,1088.0,MESCHA,1920,1088
task_20210611_Lab/2021-06-11-13-58-45.jpg,927.744,162.432,1233.216,858.708,MESCHA,1920,1080
task_19-01-2021/2021-01-19-11-01-44.jpg,266.304,129.1456,1013.184,526.592,MESNON,1920,1088
task_20210705-07_balacet/2021-07-06-14-36-22.jpg,1255.488,348.84,1807.488,845.64,ACCMOU,1920,1080
task_20210612_1_Lab/2021-06-12-07-03-54.jpg,1289.088,281.34,1723.2,779.22,MESCHA,1920,1080
task_19-01-2021/2021-01-19-10-57-20.jpg,563.52,208.2432,1318.08,592.1984,MESNON,1920,1088
task_20210612_1_Lab/2021-06-12-06-33-19.jpg,795.072,269.784,1362.432,675.0,MESCHA,1920,1080
task_18-01-2021/2021-01-18-13-21-22.jpg,700.416,522.784,1495.488,1086.2592,MESNON,1920,1088
task_2021_11_03-04_cescau4/2021-11-03-11-26-09.jpg,1093.824,451.116,1462.656,698.112,MESNOI,1920,1080
task_20210623_balacet/2021-06-23-16-07-28.jpg,1155.84,397.116,1804.224,794.664,ACCMOU,1920,1080
task_2021_11_03-04_cescau4/2021-11-03-11-23-39.jpg,1078.464,428.76,1411.776,700.272,MESNON,1920,1080
task_21-01-2021/2021-01-21-13-17-03.jpg,416.832,264.1664,839.424,607.648,MESNON,1920,1088
task_21-01-2021/2021-01-21-13-18-01.jpg,117.696,183.1104,1028.544,623.0976,MESCHA,1920,1088
task_2021-03-01_13/20210301-134809_(9.0).jpg,939.84,445.536,1491.648,704.1536,VEREUR,1920,1088
task_20210615_Lab/2021-06-15-10-48-44.jpg,1026.432,192.996,1335.168,567.756,MESCHA,1920,1080
task_05-01-2021/2021-01-05-16-54-26.jpg,1289.856,660.8512,1920.0,1065.0432,MESNON,1920,1088
task_2021_11_03-04_cescau4/2021-11-03-11-45-54.jpg,846.336,502.74,1198.656,703.62,MESNON,1920,1080
task_20210414/20210414-132653_(9.0).jpg,991.872,713.8368,1327.68,1037.952,MESCHA,1920,1088
task_2021-03-01_17/20210301-170232_(5.0).jpg,1417.536,1008.4672,1720.512,1087.5648,MESCHA,1920,1088
task_2021_11_03-04_cescau4/2021-11-03-14-40-22.jpg,1090.176,461.376,1543.872,708.48,SITTOR,1920,1080
task_05-01-2021/2021-01-05-17-12-12.jpg,630.912,352.9472,1098.048,817.9584,ACCMOU,1920,1088
task_20210228/20210228-144049_(10.0).jpg,850.944,445.536,1356.672,835.3664,MESCHA,1920,1088
task_20210616_Lab/2021-06-16-09-12-03.jpg,950.976,339.12,1528.704,1078.056,MESCHA,1920,1080
task_19-01-2021/2021-01-19-13-15-39.jpg,955.2,123.2704,1302.528,478.3936,MESBLE,1920,1088
task_20210523_UPS/20210523-173455_(26.0).jpg,161.28,424.4288,1081.536,1086.5856,PIEBAV,1920,1088
task_20210525_UPS/20210525-154431_(54.0).jpg,445.824,408.9792,1234.944,1088.0,PIEBAV,1920,1088
task_2021-03-01_13/20210301-134750_(12.0).jpg,714.048,428.2368,1084.416,708.0704,VEREUR,1920,1088
task_20210525_UPS/20210525-172444_(11.0).jpg,660.672,409.1968,1112.256,1088.0,PIEBAV,1920,1088
task_20210228/20210228-114526_(11.0).jpg,1.92,198.56,659.904,847.008,MESCHA,1920,1088
task_2021-03-01_13/20210301-135359_(20.0).jpg,557.76,397.3376,1265.856,760.0768,VEREUR,1920,1088
task_2021-03-01_09/20210301-090021_(14.0).jpg,1366.272,599.9232,1528.32,895.2064,MESCHA,1920,1088
task_20210615_Lab/2021-06-15-16-17-00.jpg,686.976,173.34,1240.704,615.168,MESCHA,1920,1080
task_2021-03-01_15/20210301-151129_(8.0).jpg,652.224,470.6688,1069.056,677.1712,MESCHA,1920,1088
task_21-01-2021/2021-01-21-13-25-42.jpg,1022.784,300.832,1503.168,794.8928,MESCHA,1920,1088
task_20210616_Lab/2021-06-16-04-40-06.jpg,1099.776,251.64,1511.616,559.98,MESCHA,1920,1080
task_20210228/20210228-140333_(11.0).jpg,715.968,219.776,1483.968,563.2576,PINARB,1920,1088
task_2021_11_03-04_cescau4/2021-11-04-06-56-44.jpg,1058.496,495.504,1468.608,692.172,MESNON,1920,1080
task_2021-03-01_17/20210301-175325_(9.0).jpg,793.152,435.9616,1279.488,628.864,MESCHA,1920,1088
task_20210615_Lab/2021-06-15-08-32-01.jpg,598.272,190.728,1221.504,497.448,MESBLE,1920,1080
task_20211204_Orlu/2021-12-24-10-44-07.jpg,971.52,462.78,1478.016,771.228,MESNON,1920,1080
task_2021-03-01_13/20210301-131936_(12.0).jpg,573.12,389.6128,928.128,868.224,MESCHA,1920,1088
task_21-01-2021/2021-01-21-14-07-16.jpg,245.184,24.9152,611.712,366.4384,MESCHA,1920,1088
task_05-01-2021/2021-01-05-16-39-52.jpg,1300.608,515.0592,1920.0,1088.0,SITTOR,1920,1088
task_20210526_UPS/20210526-133849_(26.0).jpg,923.904,424.4288,1910.592,1088.0,PIEBAV,1920,1088
task_2021-03-01_08/20210301-085501_(5.0).jpg,675.456,385.8048,910.848,775.5264,VEREUR,1920,1088
task_20211204_Orlu/2021-12-24-08-54-51.jpg,392.832,390.852,632.832,699.192,MESBLE,1920,1080
task_20211204_Orlu/2021-12-23-13-18-06.jpg,483.072,303.696,1165.248,747.468,MESCHA,1920,1080
task_21-01-2021/2021-01-21-12-43-53.jpg,1038.144,362.6304,1622.784,762.0352,MESCHA,1920,1088
task_18-01-2021/2021-01-18-14-14-03.jpg,1281.408,484.16,1920.0,1001.2864,MESCHA,1920,1088
task_21-01-2021/2021-01-21-12-04-17.jpg,241.152,158.0864,814.272,599.9232,MESBLE,1920,1088
task_2021_11_03-04_cescau4/2021-11-04-07-19-14.jpg,765.696,572.508,1194.048,1080.0,MESNON,1920,1080
task_20210615_Lab/2021-06-15-13-52-20.jpg,1300.608,221.508,1549.632,468.612,MESCHA,1920,1080
task_2021_11_03-04_cescau4/2021-11-03-11-26-30.jpg,990.912,418.716,1297.92,657.72,MESCHA,1920,1080
task_2021-03-01_10/20210301-103522_(5.0).jpg,461.184,459.136,984.192,841.1328,PINARB,1920,1088
task_2021-03-01_15/20210301-154534_(19.0).jpg,495.936,625.056,692.736,941.4464,MESBLE,1920,1088
task_20210228/20210228-141145_(8.0).jpg,272.064,403.104,771.84,926.1056,MESCHA,1920,1088
task_2021_11_03-04_cescau4/2021-11-04-07-36-07.jpg,822.144,378.648,1354.176,750.6,PINARB,1920,1080
task_06-01-2021/2021-01-06-11-41-03.jpg,1061.376,451.4112,1321.92,636.5888,MESNON,1920,1088
task_2021_11_03-04_cescau4/2021-11-03-15-18-37.jpg,544.128,525.312,1039.104,838.296,MESNON,1920,1080
task_2021_11_03-04_cescau4/2021-11-03-15-20-04.jpg,809.856,551.772,1018.176,957.636,MESNOI,1920,1080
task_05-01-2021/2021-01-05-17-12-37.jpg,208.512,424.32,769.92,1041.8688,SITTOR,1920,1088
task_20210612_1_Lab/2021-06-12-06-10-03.jpg,1279.296,362.448,1771.392,721.332,MESCHA,1920,1080
task_MOIDOM_ODJ/1676.jpeg,356.34,183.51,432.0,335.43,MOIDOM,600,450
task_2021-03-01_10/20210301-103038_(23.0).jpg,1107.648,574.8992,1916.16,1088.0,VEREUR,1920,1088
task_2021-03-01_12/20210301-123439_(5.0).jpg,370.56,459.136,931.968,750.5024,VEREUR,1920,1088
task_21-01-2021/2021-01-21-13-50-32.jpg,926.208,366.4384,1536.0,987.7952,MESCHA,1920,1088
task_2021-03-01_08/20210301-080703_(7.0).jpg,355.008,462.944,744.96,1051.552,MESCHA,1920,1088
task_20210612_1_Lab/2021-06-12-05-01-42.jpg,1121.088,206.172,1813.824,572.724,MESCHA,1920,1080
task_05-01-2021/2021-01-05-17-18-51.jpg,1059.456,487.968,1916.16,1009.12,MESCHA,1920,1088
task_2021-03-01_13/20210301-134600_(12.0).jpg,407.232,466.8608,895.488,686.7456,MESCHA,1920,1088
task_20210228/20210228-115442_(6.0).jpg,658.56,393.6384,966.912,846.5728,MESBLE,1920,1088
task_2021-03-01_17/20210301-172200_(8.0).jpg,768.0,489.9264,939.84,644.3136,MESBLE,1920,1088
task_20211204_Orlu/2021-12-23-13-37-27.jpg,803.136,409.644,1027.776,807.084,MESCHA,1920,1080
task_20210228/20210228-115731_(9.0).jpg,368.64,447.4944,1026.624,792.9344,MESCHA,1920,1088
task_20210228/20210228-135102_(10.0).jpg,960.96,378.08,1370.112,603.84,MESCHA,1920,1088
task_20210217/20210217-135834_04(23.0).jpg,1.152,0.972,1258.752,840.888,MESCHA,1920,1080
task_19-01-2021/2021-01-19-11-21-12.jpg,395.712,46.1312,864.576,443.6864,MESCHA,1920,1088
task_20210228/20210228-160523_(7.0).jpg,586.56,403.104,887.616,785.2096,MESCHA,1920,1088
task_2021-03-01_07/20210301-074903_(7.0).jpg,569.28,414.7456,928.128,760.0768,VEREUR,1920,1088
task_05-01-2021/2021-01-05-16-48-36.jpg,1430.208,570.9824,1918.08,1034.144,MESNON,1920,1088
task_20210615_Lab/2021-06-15-13-38-43.jpg,1096.128,209.952,1234.944,549.612,MESCHA,1920,1080
task_2021_11_03-04_cescau4/2021-11-03-12-03-21.jpg,1025.088,452.844,1570.56,679.644,SITTOR,1920,1080
task_20210615_Lab/2021-06-15-13-49-07.jpg,657.984,202.284,1294.848,551.556,MESCHA,1920,1080
task_20210227/20210227-131149_(5.0).jpg,916.608,640.5056,1507.008,1088.0,VEREUR,1920,1088
task_05-01-2021/2021-01-05-16-04-01.jpg,341.568,327.9232,874.176,762.144,MESCHA,1920,1088
task_2021-03-01_17/20210301-174140_(14.0).jpg,1001.472,459.136,1198.272,655.9552,MESCHA,1920,1088
task_2021-03-01_16/20210301-165907_(6.0).jpg,775.68,470.6688,1028.544,760.0768,VEREUR,1920,1088
task_2021_11_03-04_cescau4/2021-11-03-11-05-16.jpg,1149.504,497.88,1386.624,723.816,PINARB,1920,1080
task_20210612_1_Lab/2021-06-12-06-22-56.jpg,808.512,206.172,1169.472,541.836,MESCHA,1920,1080
task_05-01-2021/2021-01-05-17-05-16.jpg,808.512,505.376,1908.48,951.2384,SITTOR,1920,1088
task_2021-03-01_08/20210301-085333_(5.0).jpg,569.28,407.0208,1057.536,804.4672,VEREUR,1920,1088
task_20210616_Lab/2021-06-16-18-52-14.jpg,1344.384,146.232,1692.672,534.06,MESBLE,1920,1080
task_2021_11_03-04_cescau4/2021-11-03-13-57-41.jpg,931.392,463.104,1326.336,711.396,MESCHA,1920,1080
task_20210611_Lab/2021-06-11-14-47-28.jpg,722.88,262.98,1350.912,600.696,MESCHA,1920,1080
task_20210227/20210227-131738_(7.0).jpg,681.216,460.9856,951.36,958.8544,VEREUR,1920,1088
task_20210227/20210227-172530_(11.0).jpg,1099.968,729.2864,1779.264,1088.0,MESCHA,1920,1088
task_05-01-2021/2021-01-05-16-57-06.jpg,1208.064,403.104,1918.08,1009.0112,SITTOR,1920,1088
task_2021_11_03-04_cescau4/2021-11-03-16-23-27.jpg,1090.56,322.38,1691.904,1080.0,MESCHA,1920,1080
task_2021_11_03-04_cescau4/2021-11-04-07-04-27.jpg,987.648,458.244,1172.544,701.568,MESHUP,1920,1080
task_20210228/20210228-145058_(6.0).jpg,889.536,399.296,1277.376,704.1536,MESCHA,1920,1088
task_20211204_Orlu/2021-12-24-09-14-48.jpg,687.168,471.744,1044.672,742.5,MESCHA,1920,1080
task_19-01-2021/2021-01-19-11-25-32.jpg,220.032,1.7408,1105.728,528.5504,MESCHA,1920,1088
task_21-01-2021/2021-01-21-13-06-47.jpg,376.32,370.3552,1105.728,833.408,MESBLE,1920,1088
task_2021_11_03-04_cescau4/2021-11-03-11-33-57.jpg,1015.296,522.936,1209.216,683.856,MESNON,1920,1080
task_05-01-2021/2021-01-05-17-23-47.jpg,0.0,422.3616,899.328,931.872,ACCMOU,1920,1088
task_20210612_1_Lab/2021-06-12-06-28-32.jpg,775.68,229.284,1418.304,553.5,MESCHA,1920,1080
task_2021-03-01_07/20210301-075605_(6.0).jpg,538.368,407.0208,905.088,814.1504,VEREUR,1920,1088
task_21-01-2021/2021-01-21-12-51-30.jpg,654.144,360.672,1564.992,835.3664,MESCHA,1920,1088
task_20210616_Lab/2021-06-16-04-44-33.jpg,917.376,251.532,1561.152,643.788,MESCHA,1920,1080
task_05-01-2021/2021-01-05-17-21-59.jpg,395.52,372.3136,733.248,870.0736,MESCHA,1920,1088
task_20210217/20210217-154036_05(17.0).jpg,759.168,398.628,1094.016,686.664,VEREUR,1920,1080
task_05-01-2021/2021-01-05-17-35-32.jpg,860.736,532.3584,1622.976,1026.4192,ACCMOU,1920,1088
task_05-01-2021/2021-01-05-17-04-30.jpg,154.368,419.7504,461.184,776.7232,MESCHA,1920,1088
task_19-01-2021/2021-01-19-12-49-37.jpg,1159.872,42.3232,1698.048,464.9024,MESCHA,1920,1088
task_2021-03-01_09/20210301-091314_(9.0).jpg,675.456,408.9792,1001.472,752.4608,VEREUR,1920,1088
task_20210611_Lab/2021-06-11-14-39-50.jpg,652.608,270.54,1331.904,596.916,MESCHA,1920,1080
task_21-01-2021/2021-01-21-12-43-31.jpg,1034.304,325.9648,1445.376,816.1088,MESCHA,1920,1088
task_21-01-2021/2021-01-21-12-45-47.jpg,28.992,0.0,872.256,470.6688,MESCHA,1920,1088
task_05-01-2021/2021-01-05-17-21-14.jpg,743.04,92.9152,1835.136,964.2944,ACCMOU,1920,1088
task_21-01-2021/2021-01-21-12-34-23.jpg,324.288,291.2576,903.168,731.136,MESBLE,1920,1088
task_20210526_UPS/20210526-163441_(18.0).jpg,1098.624,282.1184,1713.216,847.552,MESCHA,1920,1088
task_2021-03-01_13/20210301-135001_(12.0).jpg,580.8,443.6864,989.952,715.6864,VEREUR,1920,1088
task_05-01-2021/2021-01-05-17-41-18.jpg,0.0,368.3968,411.072,1005.2032,ACCMOU,1920,1088
task_20211204_Orlu/2021-12-24-10-56-29.jpg,697.728,495.828,1078.08,806.544,MESBLE,1920,1080
task_20210611_Lab/2021-06-11-17-26-37.jpg,1226.688,246.888,1763.712,796.932,MESCHA,1920,1080
task_20211204_Orlu/2021-12-23-15-47-54.jpg,756.672,543.348,1156.992,1065.96,SITTOR,1920,1080
task_20210611_Lab/2021-06-11-17-15-24.jpg,342.144,162.756,1646.208,1079.136,MESCHA,1920,1080
task_20210612_1_Lab/2021-06-12-06-19-08.jpg,1096.128,345.06,1398.912,825.552,MESCHA,1920,1080
task_20211204_Orlu/2021-12-23-13-15-48.jpg,1072.896,460.296,1890.048,1029.78,MESCHA,1920,1080
task_20210217/20210217-131257_07(14.0).jpg,965.376,2.052,1389.504,510.192,MESCHA,1920,1080
task_18-01-2021/2021-01-18-13-49-16.jpg,1312.128,509.2928,1750.272,1086.2592,MESBLE,1920,1088
task_2021-03-01_08/20210301-081847_(9.0).jpg,162.048,424.32,808.512,816.1088,MESCHA,1920,1088
task_20210624_balacet/2021-06-24-07-08-07.jpg,250.944,298.728,768.0,815.94,MESCHA,1920,1080
task_20211204_Orlu/2021-12-23-15-40-11.jpg,1157.568,459.432,1485.888,691.092,MESBLE,1920,1080
task_21-01-2021/2021-01-21-13-20-58.jpg,428.352,511.2512,1331.52,1088.0,MESCHA,1920,1088
task_20210416_UPS/20210416-184230_(5.0).jpg,472.704,657.9136,947.52,1088.0,MESCHA,1920,1088
task_2021_11_03-04_cescau4/2021-11-03-12-52-53.jpg,1448.064,599.4,1920.0,1080.0,MESCHA,1920,1080
task_2021-03-01_15/20210301-154010_(10.0).jpg,484.416,434.0032,1003.584,696.4288,MESCHA,1920,1088
task_2021-03-01_14/20210301-142405_(21.0).jpg,654.144,322.048,936.0,667.488,MESCHA,1920,1088
task_2021_11_03-04_cescau4/2021-11-04-07-48-52.jpg,1008.96,441.288,1479.936,690.336,SITTOR,1920,1080
task_2021-03-01_10/20210301-103741_(9.0).jpg,878.016,347.1808,1213.824,796.7424,VEREUR,1920,1088
task_20210616_Lab/2021-06-16-05-34-18.jpg,1212.48,277.668,1759.488,553.932,MESCHA,1920,1080
task_20210625_balacet/2021-06-25-05-56-55.jpg,831.744,740.664,1177.152,1080.0,MESCHA,1920,1080
task_06-01-2021/2021-01-06-12-10-43.jpg,0.0,821.8752,463.104,1088.0,ACCMOU,1920,1088
task_20210615_Lab/2021-06-15-10-38-56.jpg,706.56,192.564,909.312,525.42,MESCHA,1920,1080
task_2021_11_03-04_cescau4/2021-11-03-15-21-06.jpg,1500.288,442.152,1920.0,761.4,MESNON,1920,1080
task_2021_11_03-04_cescau4/2021-11-03-16-20-13.jpg,1110.912,490.212,1257.408,667.332,MESHUP,1920,1080
task_19-01-2021/2021-01-19-11-00-12.jpg,212.352,22.9568,1171.392,634.7392,MESCHA,1920,1088
task_20210624_balacet/2021-06-24-10-54-49.jpg,931.968,329.616,1177.152,640.332,ACCMOU,1920,1080
task_2021-03-01_09/20210301-095754_(7.0).jpg,1045.824,549.7664,1427.904,829.6,MESBLE,1920,1088
task_20210228/20210228-125544_(9.0).jpg,903.168,381.888,1072.896,625.056,VEREUR,1920,1088
task_20210612_1_Lab/2021-06-12-06-38-17.jpg,316.416,302.616,1140.48,671.22,MESCHA,1920,1080
task_2021_11_03-04_cescau4/2021-11-03-11-33-11.jpg,1191.552,794.34,1526.208,1080.0,MESHUP,1920,1080
task_2021-03-01_17/20210301-174025_(13.0).jpg,333.888,100.2048,515.328,383.8464,MESBLE,1920,1088
task_2021_11_03-04_cescau4/2021-11-04-07-30-01.jpg,1099.2,517.212,1324.8,677.592,MESNON,1920,1080
task_20211204_Orlu/2021-12-24-07-33-03.jpg,758.784,560.844,1275.072,830.412,MESBLE,1920,1080
task_20210611_Lab/2021-06-11-16-17-41.jpg,1043.52,236.412,1419.072,600.696,MESCHA,1920,1080
task_2021_11_03-04_cescau4/2021-11-04-06-48-36.jpg,1232.064,465.048,1856.064,715.932,SITTOR,1920,1080
task_2021-03-01_09/20210301-092302_(15.0).jpg,436.224,281.5744,1918.08,845.0496,TOUTUR,1920,1088
task_2021_11_03-04_cescau4/2021-11-03-11-40-30.jpg,1259.52,460.836,1551.36,816.588,SITTOR,1920,1080
task_20211204_Orlu/2021-12-24-10-28-13.jpg,520.32,492.372,773.376,1054.296,SITTOR,1920,1080
task_20210615_Lab/2021-06-15-11-12-35.jpg,774.336,211.356,1257.984,522.18,MESCHA,1920,1080
task_20210615_Lab/2021-06-15-13-37-32.jpg,1082.496,209.952,1428.096,520.668,MESCHA,1920,1080
task_2021-03-01_13/20210301-135223_(14.0).jpg,422.592,509.2928,744.96,1049.5936,MESBLE,1920,1088
task_20211204_Orlu/2021-12-24-07-58-05.jpg,673.344,480.06,1080.768,713.34,MESBLE,1920,1080
task_20210612_1_Lab/2021-06-12-05-42-37.jpg,999.552,148.284,1331.52,817.776,MESCHA,1920,1080
task_05-01-2021/2021-01-05-17-11-38.jpg,104.256,399.296,845.184,852.7744,MESCHA,1920,1088
task_05-01-2021/2021-01-05-17-19-17.jpg,0.0,376.1216,555.84,935.68,MESCHA,1920,1088
task_20210526_UPS/20210526-133931_(23.0).jpg,703.872,325.7472,1916.16,1088.0,PIEBAV,1920,1088
task_18-01-2021/2021-01-18-13-53-48.jpg,808.512,235.2256,1483.968,569.1328,MESNON,1920,1088
task_20210624_balacet/2021-06-24-08-55-13.jpg,1070.976,293.004,1568.832,659.556,ACCMOU,1920,1080
task_20211204_Orlu/2021-12-24-09-27-31.jpg,1018.752,491.94,1262.4,735.696,MESCHA,1920,1080
task_20210616_Lab/2021-06-16-05-30-43.jpg,1232.64,132.192,1763.712,475.524,MESCHA,1920,1080
task_2021_11_03-04_cescau4/2021-11-03-11-34-47.jpg,1492.032,448.2,1920.0,876.528,SITTOR,1920,1080
task_20211204_Orlu/2021-12-23-15-06-29.jpg,966.144,520.128,1180.032,772.2,MESBLE,1920,1080
task_2021_11_03-04_cescau4/2021-11-03-16-32-57.jpg,1278.336,462.456,1896.192,660.42,MESCHA,1920,1080
task_20210414/20210414-083804_(5.0).jpg,760.32,682.9376,1250.496,904.8896,MESCHA,1920,1088
task_MOIDOM_ODJ/435.jpeg,419.2425,230.5992,489.4425,275.1008,MOIDOM,675,389
task_21-01-2021/2021-01-21-13-02-02.jpg,708.288,312.4736,1462.656,688.704,MESCHA,1920,1088
task_20211204_Orlu/2021-12-23-13-44-28.jpg,856.512,429.84,1258.176,737.964,MESBLE,1920,1080
task_2021-03-01_11/20210301-115453_(5.0).jpg,862.656,374.1632,1439.616,752.4608,MESCHA,1920,1088
task_18-01-2021/2021-01-18-13-48-29.jpg,1206.144,536.2752,1725.12,899.0144,MESBLE,1920,1088
task_2021_11_03-04_cescau4/2021-11-03-12-43-24.jpg,1183.488,525.204,1506.048,909.576,MESCHA,1920,1080
task_20210227/20210227-162746_(5.0).jpg,1180.992,823.8336,1622.784,1088.0,MESCHA,1920,1088
task_2021_11_03-04_cescau4/2021-11-03-11-50-10.jpg,1541.952,828.252,1918.08,1080.0,MESCHA,1920,1080
task_20210615_Lab/2021-06-15-11-05-38.jpg,1470.336,337.392,1806.144,948.996,MESCHA,1920,1080
task_2021-03-01_13/20210301-135137_(16.0).jpg,1070.976,447.4944,1323.84,762.0352,VEREUR,1920,1088
task_21-01-2021/2021-01-21-12-52-24.jpg,0.0,721.4528,1489.728,1088.0,MESCHA,1920,1088
task_05-01-2021/2021-01-05-16-39-00.jpg,11.52,487.3152,1232.256,999.0016,ROUGOR,1920,1088
task_06-01-2021/2021-01-06-11-47-21.jpg,285.696,717.7536,1134.72,1088.0,MESBLE,1920,1088
task_19-01-2021/2021-01-19-11-27-05.jpg,951.36,24.9152,1524.48,484.16,MESCHA,1920,1088
task_20210525_UPS/20210525-154221_(27.0).jpg,582.72,327.9232,1485.888,1086.2592,PIEBAV,1920,1088
task_2021_11_03-04_cescau4/2021-11-03-15-17-27.jpg,1483.776,453.708,1724.16,696.816,MESCHA,1920,1080
task_05-01-2021/2021-01-05-17-29-10.jpg,266.304,397.4464,744.96,767.8016,MESBLE,1920,1088
task_20210623_balacet/2021-06-23-17-06-20.jpg,922.368,377.892,1165.632,717.444,MESCHA,1920,1080
task_20210624_balacet/2021-06-24-13-18-32.jpg,1147.776,273.78,1791.552,669.708,MESCHA,1920,1080
task_19-01-2021/2021-01-19-13-22-52.jpg,459.264,111.8464,1339.2,619.2896,MESCHA,1920,1088
task_05-01-2021/2021-01-05-17-27-15.jpg,11.712,511.2512,1049.856,1018.6944,ACCMOU,1920,1088
task_20210217/20210217-174333_01(14.0).jpg,817.728,111.24,1916.16,629.1,TOUTUR,1920,1080
task_20210217/20210217-135948_02(50.0).jpg,8.448,252.936,807.936,593.136,MESCHA,1920,1080
task_2021-03-01_17/20210301-174329_(11.0).jpg,750.72,399.296,1152.0,617.3312,MESCHA,1920,1088
task_20210227/20210227-135825_(13.0).jpg,1.92,570.9824,578.88,1086.2592,MESBLE,1920,1088
task_2021_11_03-04_cescau4/2021-11-03-14-37-43.jpg,1532.16,637.524,1830.72,1079.136,MESNON,1920,1080
task_20210523_UPS/20210523-175516_(24.0).jpg,284.544,303.008,1043.52,788.6912,PIEBAV,1920,1088
task_2021-03-01_12/20210301-123109_(5.0).jpg,273.984,385.8048,843.264,881.7152,VEREUR,1920,1088
task_20210523_UPS/20210523-173423_(23.0).jpg,618.432,500.3712,1267.392,1084.6272,PIEBAV,1920,1088
task_05-01-2021/2021-01-05-16-54-02.jpg,216.576,410.9376,830.592,816.1088,MESCHA,1920,1088
task_2021-03-01_18/20210301-180227_(9.0).jpg,864.576,381.888,1289.088,694.4704,MESCHA,1920,1088
task_20210615_Lab/2021-06-15-13-22-56.jpg,1043.904,609.444,1809.984,1080.0,MESCHA,1920,1080
task_2021-03-01_11/20210301-114432_(12.0).jpg,355.008,304.7488,991.872,937.6384,PINARB,1920,1088
task_19-01-2021/2021-01-19-11-37-28.jpg,912.768,177.344,1694.208,557.4912,MESCHA,1920,1088
task_20210612_1_Lab/2021-06-12-06-35-02.jpg,403.392,225.396,1076.736,567.0,MESCHA,1920,1080
task_2021_11_03-04_cescau4/2021-11-03-14-16-38.jpg,1429.056,443.232,1814.016,689.04,MESCHA,1920,1080
task_20210616_Lab/2021-06-16-18-14-34.jpg,915.072,248.508,1451.904,609.984,MESCHA,1920,1080
task_06-01-2021/2021-01-06-10-50-21.jpg,1315.968,563.2576,1910.4,960.8128,MESCHA,1920,1088
task_20210612_1_Lab/2021-06-12-05-55-04.jpg,1275.84,672.948,1695.552,1080.0,MESCHA,1920,1080
task_06-01-2021/2021-01-06-11-15-33.jpg,279.744,740.8192,934.08,1088.0,MESNON,1920,1088
task_20210227/20210227-151408_(5.0).jpg,610.176,528.8768,1161.216,1033.7088,MESCHA,1920,1088
task_18-01-2021/2021-01-18-13-17-13.jpg,1124.928,476.4352,1601.664,783.2512,MESBLE,1920,1088
task_20210611_Lab/2021-06-11-16-33-26.jpg,750.912,273.888,1001.28,654.696,MESCHA,1920,1080
task_2021-03-01_13/20210301-134121_(8.0).jpg,756.48,459.136,1024.704,821.8752,VEREUR,1920,1088
task_MOIDOM_ODJ/318.jpeg,242.3223,177.975,338.2602,282.195,MOIDOM,597,450
task_20210611_Lab/2021-06-11-17-20-15.jpg,913.728,236.628,1217.664,765.396,MESCHA,1920,1080
task_05-01-2021/2021-01-05-16-18-28.jpg,1015.872,301.2672,1826.688,997.4784,SITTOR,1920,1088
task_20210612_1_Lab/2021-06-12-05-39-29.jpg,515.328,252.396,864.576,821.664,MESCHA,1920,1080
task_2021-03-01_10/20210301-104236_(12.0).jpg,872.256,457.1776,1107.648,644.3136,MESBLE,1920,1088
task_2021_11_03-04_cescau4/2021-11-03-16-05-20.jpg,700.8,528.552,1124.544,1062.504,MESHUP,1920,1080
task_20210227/20210227-144008_(12.0).jpg,847.104,601.8816,1431.744,806.4256,VEREUR,1920,1088
task_20210612_1_Lab/2021-06-12-05-49-29.jpg,1188.672,204.228,1655.616,586.224,MESCHA,1920,1080
task_2021-03-01_12/20210301-120138_(10.0).jpg,328.128,453.2608,816.192,752.4608,MESCHA,1920,1088
task_20210526_UPS/20210526-085339_(40.0).jpg,715.2,8.9216,1307.136,893.0304,PIEBAV,1920,1088
task_20210624_balacet/2021-06-24-11-37-51.jpg,974.4,276.372,1616.448,634.824,MESCHA,1920,1080
task_19-01-2021/2021-01-19-10-42-43.jpg,1497.408,109.7792,1918.08,918.3808,ROUGOR,1920,1088
task_2021_11_03-04_cescau4/2021-11-04-06-39-15.jpg,866.688,299.592,1223.04,718.416,MESCHA,1920,1080
task_2021_11_03-04_cescau4/2021-11-03-12-23-06.jpg,1166.976,552.096,1719.552,766.26,MESNOI,1920,1080
task_20210612_1_Lab/2021-06-12-06-34-50.jpg,1279.296,752.22,1632.576,1080.0,MESCHA,1920,1080
task_06-01-2021/2021-01-06-11-14-41.jpg,696.576,698.3872,1273.536,1032.1856,ACCMOU,1920,1088
task_2021_11_03-04_cescau4/2021-11-03-15-51-25.jpg,1399.872,473.796,1569.6,648.324,MESNON,1920,1080
task_2021-03-01_10/20210301-103828_(15.0).jpg,854.784,407.0208,1090.368,698.3872,VEREUR,1920,1088
task_20210615_Lab/2021-06-15-15-49-20.jpg,733.056,180.036,1230.336,469.044,MESCHA,1920,1080
task_20210526_UPS/20210526-085506_(15.0).jpg,518.016,369.376,1204.8,1088.0,PIEBAV,1920,1088
task_05-01-2021/2021-01-05-17-20-21.jpg,1078.656,420.512,1649.856,918.3808,SITTOR,1920,1088
task_19-01-2021/2021-01-19-11-54-32.jpg,1289.088,117.504,1634.496,532.4672,MESCHA,1920,1088
task_20210616_Lab/2021-06-16-04-39-12.jpg,909.504,273.888,1584.576,617.652,MESCHA,1920,1080
task_20210616_Lab/2021-06-16-09-15-17.jpg,518.4,228.312,1150.848,638.712,MESCHA,1920,1080
task_2021-03-01_14/20210301-142919_(13.0).jpg,1306.368,596.1152,1918.08,1088.0,VEREUR,1920,1088
task_20210227/20210227-134522_(8.0).jpg,1092.288,524.7424,1456.896,825.792,MESCHA,1920,1088
task_05-01-2021/2021-01-05-16-45-49.jpg,1.92,298.8736,605.952,893.248,ROUGOR,1920,1088
task_2021_11_03-04_cescau4/2021-11-04-08-19-37.jpg,1091.52,489.348,1588.416,659.34,MESNON,1920,1080
task_2021-03-01_08/20210301-084411_(8.0).jpg,430.272,540.192,737.088,1086.2592,MESCHA,1920,1088
task_20210615_Lab/2021-06-15-13-58-01.jpg,1142.4,267.84,1624.704,673.056,MESCHA,1920,1080
task_20210616_Lab/2021-06-16-18-20-49.jpg,1392.0,208.872,1689.024,630.936,MESCHA,1920,1080
task_05-01-2021/2021-01-05-17-15-43.jpg,739.008,472.6272,1686.528,897.056,MESCHA,1920,1088
task_20210615_Lab/2021-06-15-10-40-09.jpg,832.32,122.58,1282.176,458.676,MESCHA,1920,1080
task_20211204_Orlu/2021-12-24-10-50-16.jpg,1186.176,483.192,1438.08,818.208,MESBLE,1920,1080
task_2021_11_03-04_cescau4/2021-11-03-15-19-24.jpg,1321.344,477.576,1518.144,663.876,MESNON,1920,1080
task_2021_11_03-04_cescau4/2021-11-04-07-32-51.jpg,948.864,396.36,1209.216,780.3,PINARB,1920,1080
task_20210611_Lab/2021-06-11-15-45-20.jpg,992.64,272.052,1359.552,630.72,MESCHA,1920,1080
task_05-01-2021/2021-01-05-17-24-52.jpg,376.32,393.5296,995.712,810.3424,MESBLE,1920,1088
task_20210217/20210217-130412_02(11.0).jpg,0.0,0.0,578.304,648.432,MESCHA,1920,1080
task_18-01-2021/2021-01-18-13-16-01.jpg,173.76,360.672,764.16,754.3104,MESNON,1920,1088
task_2021_11_03-04_cescau4/2021-11-04-07-30-07.jpg,1104.96,444.096,1643.904,674.136,SITTOR,1920,1080
task_05-01-2021/2021-01-05-16-58-43.jpg,1065.216,213.248,1231.872,322.048,MESBLE,1920,1088
task_05-01-2021/2021-01-05-16-10-55.jpg,545.664,159.6096,696.576,427.4752,MESNON,1920,1088
task_20210616_Lab/2021-06-16-04-42-24.jpg,1205.76,279.072,1673.664,579.204,MESCHA,1920,1080
task_20210615_Lab/2021-06-15-10-38-56.jpg,1240.128,179.28,1714.752,497.556,MESCHA,1920,1080
task_20210616_Lab/2021-06-16-05-33-17.jpg,972.864,316.872,1434.624,673.596,MESCHA,1920,1080
task_20210227/20210227-120538_(6.0).jpg,1026.624,517.0176,1592.064,928.064,VEREUR,1920,1088
task_20210705-07_balacet/2021-07-07-07-20-32.jpg,1002.624,434.7,1820.928,869.076,ACCMOU,1920,1080
task_20210409/20210409-123240_(6.0).jpg,1515.648,125.0112,1714.944,358.3872,MESCHA,1920,1088
task_20210205/20210205-122041_01(20.0).jpg,979.008,585.468,1333.824,1059.804,VEREUR,1920,1080
task_20210616_Lab/2021-06-16-09-10-35.jpg,974.4,278.316,1701.312,623.376,MESCHA,1920,1080
task_06-01-2021/2021-01-06-11-49-21.jpg,345.408,729.2864,1395.264,1076.576,MESCHA,1920,1088
task_19-01-2021/2021-01-19-11-38-18.jpg,297.216,171.5776,839.424,588.3904,MESCHA,1920,1088
task_19-01-2021/2021-01-19-12-39-03.jpg,893.568,225.6512,1447.296,935.68,MESCHA,1920,1088
task_18-01-2021/2021-01-18-13-45-15.jpg,488.256,316.2816,1152.0,750.5024,MESBLE,1920,1088
task_20210624_balacet/2021-06-24-09-39-02.jpg,995.712,265.896,1460.736,638.388,MESCHA,1920,1080
task_21-01-2021/2021-01-21-13-51-32.jpg,1107.648,389.6128,1609.344,964.6208,MESCHA,1920,1088
task_05-01-2021/2021-01-05-17-27-30.jpg,440.064,468.8192,841.344,939.5968,ACCMOU,1920,1088
task_20210612_1_Lab/2021-06-12-06-29-11.jpg,367.296,168.372,989.76,521.208,MESCHA,1920,1080
task_20210417_UPS/20210417-135134_(18.0).jpg,1142.4,659.328,1322.88,886.176,MESCHA,1920,1088
task_20210417_UPS/20210417-142338_(12.0).jpg,492.096,636.5888,1105.728,958.8544,MESCHA,1920,1088
task_20210227/20210227-143454_(7.0).jpg,999.552,792.9344,1323.84,1086.2592,MESBLE,1920,1088
task_20210227/20210227-120546_(7.0).jpg,1038.144,518.8672,1597.824,893.248,VEREUR,1920,1088
task_2021-03-01_12/20210301-123454_(5.0).jpg,476.736,432.0448,937.92,754.3104,VEREUR,1920,1088
task_2021_11_03-04_cescau4/2021-11-03-16-17-17.jpg,565.824,489.672,1197.696,750.6,PINARB,1920,1080
task_20210615_Lab/2021-06-15-13-34-45.jpg,1134.72,194.508,1456.896,445.392,MESCHA,1920,1080
task_19-01-2021/2021-01-19-11-36-19.jpg,737.088,92.48,1032.384,515.0592,MESCHA,1920,1088
task_21-01-2021/2021-01-21-12-40-56.jpg,673.536,275.808,1557.312,694.4704,MESCHA,1920,1088
task_2021_11_03-04_cescau4/2021-11-04-07-42-40.jpg,636.48,330.696,1843.2,1080.0,MESCHA,1920,1080
task_21-01-2021/2021-01-21-14-18-40.jpg,721.728,273.8496,1275.456,632.7808,MESCHA,1920,1088
task_20210414/20210414-181335_(5.0).jpg,1070.976,636.5888,1329.6,939.5968,MESCHA,1920,1088
task_20210623_balacet/2021-06-23-11-59-08.jpg,1127.04,333.504,1416.384,802.44,ACCMOU,1920,1080
task_20210611_Lab/2021-06-11-14-49-41.jpg,1199.04,217.404,1802.496,665.172,MESCHA,1920,1080
task_20211204_Orlu/2021-12-24-08-45-04.jpg,655.104,557.388,1058.304,1078.164,MESCHA,1920,1080
task_2021-03-01_07/20210301-075043_(9.0).jpg,1105.728,491.8848,1846.656,1088.0,VEREUR,1920,1088
task_2021_11_03-04_cescau4/2021-11-03-12-01-30.jpg,1344.96,487.404,1773.696,730.188,MESCHA,1920,1080
task_18-01-2021/2021-01-18-13-44-43.jpg,295.296,426.2784,1013.184,810.3424,MESNON,1920,1088
task_20210227/20210227-115519_(5.0).jpg,634.944,563.2576,1142.4,789.0176,MESCHA,1920,1088
task_20210228/20210228-162302_(12.0).jpg,233.472,534.3168,1022.784,798.7008,MESCHA,1920,1088
task_18-01-2021/2021-01-18-13-24-34.jpg,623.232,408.9792,1287.168,646.272,MESNON,1920,1088
task_2021-03-01_14/20210301-142952_(5.0).jpg,903.168,356.864,1373.952,669.4464,VEREUR,1920,1088
task_21-01-2021/2021-01-21-14-09-42.jpg,3.84,293.1072,625.344,831.4496,MESBLE,1920,1088
task_20210623_balacet/2021-06-23-09-38-15.jpg,573.12,356.616,937.728,667.332,MESCHA,1920,1080
task_2021_11_03-04_cescau4/2021-11-03-15-18-18.jpg,1057.92,465.372,1548.672,682.02,MESNON,1920,1080
task_20210525_UPS/20210525-154313_(37.0).jpg,241.152,0.0,1159.68,825.792,PIEBAV,1920,1088
task_20210612_1_Lab/2021-06-12-06-07-54.jpg,887.616,242.784,1541.76,570.78,MESCHA,1920,1080
task_21-01-2021/2021-01-21-12-13-58.jpg,1250.496,260.3584,1920.0,814.1504,MESNON,1920,1088
task_2021_11_03-04_cescau4/2021-11-03-12-09-57.jpg,793.344,460.728,1140.48,713.556,MESNON,1920,1080
task_05-01-2021/2021-01-05-17-24-40.jpg,337.728,358.8224,1038.144,833.5168,MESBLE,1920,1088
task_20210612_1_Lab/2021-06-12-06-37-38.jpg,501.696,314.172,947.52,781.164,MESCHA,1920,1080
task_2021-03-01_13/20210301-135033_(9.0).jpg,746.88,488.0768,997.632,765.952,VEREUR,1920,1088
task_20210419_UPS/20210419-084833_(15.0).jpg,906.816,803.9232,1580.352,1088.0,PIEBAV,1920,1088
task_20210217/20210217-162758_01(13.0).jpg,1106.112,820.8,1472.256,1080.0,MESBLE,1920,1080
task_20210624_balacet/2021-06-24-11-36-22.jpg,178.752,284.904,803.904,1045.116,MESCHA,1920,1080
task_20210228/20210228-160425_(7.0).jpg,795.072,445.536,1057.536,715.6864,MESCHA,1920,1088
task_2021-03-01_16/20210301-164851_(20.0).jpg,550.08,410.8288,804.672,717.6448,MESCHA,1920,1088
task_19-01-2021/2021-01-19-10-53-39.jpg,729.408,96.288,1634.496,688.704,MESCHA,1920,1088
task_2021_11_03-04_cescau4/2021-11-04-07-11-33.jpg,1063.68,456.192,1282.944,677.808,MESCHA,1920,1080
task_06-01-2021/2021-01-06-11-10-57.jpg,619.392,623.0976,1229.184,1076.576,MESCHA,1920,1088
task_20210228/20210228-151851_(11.0).jpg,814.272,366.4384,1015.104,688.704,MESCHA,1920,1088
task_20210611_Lab/2021-06-11-17-00-54.jpg,1013.184,261.684,1629.504,559.764,MESCHA,1920,1080
task_21-01-2021/2021-01-21-13-14-14.jpg,802.752,242.9504,1402.944,754.3104,MESCHA,1920,1088
task_05-01-2021/2021-01-05-17-13-33.jpg,650.304,383.8464,1352.64,831.4496,MESCHA,1920,1088
task_20210623_balacet/2021-06-23-10-11-10.jpg,1051.776,341.172,1439.616,717.444,ACCMOU,1920,1080
task_2021_11_03-04_cescau4/2021-11-03-10-27-04.jpg,1241.856,440.532,1492.8,697.68,PINARB,1920,1080
task_2021_11_03-04_cescau4/2021-11-03-16-16-22.jpg,902.208,636.876,1300.608,1080.0,MESNON,1920,1080
task_20210419_UPS/20210419-151822_(9.0).jpg,1356.48,581.8624,1815.744,955.6992,MESCHA,1920,1088
task_20210205/20210205-164534_07(11.0).jpg,1.92,3.024,607.104,338.904,MESCHA,1920,1080
task_20210624_balacet/2021-06-24-10-43-39.jpg,1015.104,325.728,1287.168,956.772,ACCMOU,1920,1080
task_2021-03-01_09/20210301-091639_(42.0).jpg,234.24,4.896,934.464,785.7536,TOUTUR,1920,1088
task_21-01-2021/2021-01-21-13-27-40.jpg,407.232,283.5328,1188.672,783.2512,MESCHA,1920,1088
task_2021-03-01_16/20210301-161522_(12.0).jpg,918.528,362.6304,1159.68,729.2864,MESCHA,1920,1088
task_20211204_Orlu/2021-12-24-09-41-49.jpg,945.408,458.352,1339.968,736.236,MESBLE,1920,1080
task_20210624_balacet/2021-06-24-09-10-50.jpg,1173.312,320.004,1599.744,578.556,MESCHA,1920,1080
task_18-01-2021/2021-01-18-13-45-03.jpg,191.04,383.8464,1020.864,1014.8864,MESNON,1920,1088
task_21-01-2021/2021-01-21-14-23-45.jpg,480.576,322.048,1283.328,808.384,MESCHA,1920,1088
task_2021-03-01_17/20210301-175031_(12.0).jpg,775.872,447.4944,1320.0,648.2304,MESCHA,1920,1088
task_2021-03-01_09/20210301-091524_(10.0).jpg,646.464,499.6096,1188.672,738.8608,MESCHA,1920,1088
task_2021-03-01_07/20210301-074944_(5.0).jpg,1084.416,509.2928,1698.048,1088.0,VEREUR,1920,1088
task_20210228/20210228-131509_(7.0).jpg,1040.064,349.1392,1254.336,750.5024,MESCHA,1920,1088
task_20210523_UPS/20210523-173743_(31.0).jpg,559.68,331.5136,1434.432,1080.928,PIEBAV,1920,1088
task_2021-03-01_13/20210301-135704_(5.0).jpg,1495.488,362.6304,1809.984,702.1952,MESCHA,1920,1088
task_20210611_Lab/2021-06-11-15-49-58.jpg,601.536,278.208,1210.56,739.152,MESCHA,1920,1080
task_20210612_1_Lab/2021-06-12-05-37-27.jpg,640.704,167.508,1028.544,761.832,MESCHA,1920,1080
task_20210612_1_Lab/2021-06-12-04-56-59.jpg,878.016,269.784,1512.96,619.056,MESCHA,1920,1080
task_20210616_Lab/2021-06-16-09-20-10.jpg,1412.928,189.432,1676.16,635.472,MESCHA,1920,1080
task_2021-03-01_13/20210301-134800_(23.0).jpg,594.432,501.568,916.608,756.2688,VEREUR,1920,1088
task_2021-03-01_13/20210301-134818_(9.0).jpg,914.688,430.1952,1508.928,713.8368,VEREUR,1920,1088
task_19-01-2021/2021-01-19-11-14-27.jpg,513.408,0.0,1254.336,518.8672,MESCHA,1920,1088
task_20210217/20210217-174327_06(12.0).jpg,842.304,73.224,1916.16,629.1,TOUTUR,1920,1080
task_20210615_Lab/2021-06-15-11-09-47.jpg,1271.616,260.172,1742.592,565.056,MESCHA,1920,1080
task_2021-03-01_12/20210301-120026_(10.0).jpg,355.008,476.4352,897.408,688.704,MESCHA,1920,1088
task_2021-03-01_15/20210301-151407_(16.0).jpg,472.704,488.0768,1009.152,767.8016,MESCHA,1920,1088
task_2021-03-01_17/20210301-171939_(11.0)(1).jpg,482.496,464.9024,897.408,653.9968,MESCHA,1920,1088
task_2021-03-01_12/20210301-120121_(18.0).jpg,1022.784,470.6688,1196.352,627.0144,MESCHA,1920,1088
task_2021_11_03-04_cescau4/2021-11-03-11-12-30.jpg,1426.56,422.496,1920.0,915.948,SITTOR,1920,1080
task_20210523_UPS/20210523-195410_(47.0).jpg,11.328,321.9392,1734.144,1084.6272,PIEBAV,1920,1088
task_2021-03-01_07/20210301-074447_(7.0).jpg,536.448,491.8848,839.424,733.0944,VEREUR,1920,1088
task_MOIDOM_ODJ/1364.jpeg,403.1194,209.16,457.646,321.255,MOIDOM,674,450
task_20210612_1_Lab/2021-06-12-06-24-51.jpg,476.736,244.728,978.432,893.052,MESCHA,1920,1080
task_20211204_Orlu/2021-12-23-15-26-17.jpg,970.176,471.744,1479.168,720.036,MESCHA,1920,1080
task_20210616_Lab/2021-06-16-05-34-27.jpg,1142.016,203.256,1411.968,655.128,MESCHA,1920,1080
task_19-01-2021/2021-01-19-11-15-10.jpg,1.92,57.7728,793.152,789.0176,MESCHA,1920,1088
task_20211204_Orlu/2021-12-23-14-15-22.jpg,756.288,483.732,1087.104,716.688,MESCHA,1920,1080
task_2021-03-01_12/20210301-120236_(7.0).jpg,355.008,511.2512,748.8,1088.0,MESCHA,1920,1088
task_2021-03-01_17/20210301-174320_(20.0).jpg,542.208,449.4528,1026.624,792.9344,MESCHA,1920,1088
task_2021_11_03-04_cescau4/2021-11-03-11-30-53.jpg,1379.328,483.84,1632.0,750.276,MESNON,1920,1080
task_05-01-2021/2021-01-05-17-12-23.jpg,1067.136,468.7104,1383.552,816.1088,ACCMOU,1920,1088
task_18-01-2021/2021-01-18-13-39-34.jpg,1262.016,329.7728,1713.6,914.464,MESCHA,1920,1088
task_20210417_UPS/20210417-194353_(7.0).jpg,876.096,808.384,1713.6,1088.0,PIEBAV,1920,1088
task_18-01-2021/2021-01-18-13-48-32.jpg,922.368,584.5824,1796.544,1009.0112,MESBLE,1920,1088
task_2021-03-01_17/20210301-174347_(9.0).jpg,845.184,389.6128,1169.472,680.9792,MESCHA,1920,1088
task_20210612_1_Lab/2021-06-12-06-28-11.jpg,678.528,237.816,1296.768,492.588,MESCHA,1920,1080
task_20210615_Lab/2021-06-15-10-56-15.jpg,1142.4,204.228,1680.768,445.392,MESCHA,1920,1080
task_19-01-2021/2021-01-19-10-50-56.jpg,1.92,57.7728,694.656,509.2928,MESCHA,1920,1088
task_06-01-2021/2021-01-06-11-24-59.jpg,640.704,669.4464,1229.184,1059.168,MESCHA,1920,1088
task_20211204_Orlu/2021-12-23-13-53-59.jpg,869.376,470.988,1392.576,781.812,MESCHA,1920,1080
task_20210623_balacet/2021-06-23-12-58-39.jpg,931.968,321.948,1661.376,810.108,MESCHA,1920,1080
task_20210623_balacet/2021-06-23-12-46-04.jpg,1062.528,268.596,1569.024,688.284,MESCHA,1920,1080
task_2021_11_03-04_cescau4/2021-11-03-15-36-35.jpg,1576.32,589.356,1920.0,1041.336,MESNON,1920,1080
task_20211204_Orlu/2021-12-24-09-45-50.jpg,821.952,537.408,1119.936,908.388,MESBLE,1920,1080
task_21-01-2021/2021-01-21-13-13-40.jpg,657.984,221.7344,1325.76,773.6768,MESCHA,1920,1088
task_2021-03-01_10/20210301-100306_(12.0).jpg,441.984,491.8848,781.632,790.976,MESBLE,1920,1088
task_19-01-2021/2021-01-19-11-38-07.jpg,600.192,233.376,1622.784,709.92,MESCHA,1920,1088
task_06-01-2021/2021-01-06-11-39-24.jpg,557.76,696.4288,1130.88,1039.9104,MESCHA,1920,1088
task_20210616_Lab/2021-06-16-04-47-02.jpg,1313.856,305.532,1662.144,561.168,MESCHA,1920,1080
task_20210705-07_balacet/2021-07-06-11-14-57.jpg,380.736,385.02,843.264,630.936,MESNON,1920,1080
task_20210616_Lab/2021-06-16-06-41-31.jpg,1141.056,266.976,1796.544,594.864,MESCHA,1920,1080
task_20210612_1_Lab/2021-06-12-05-39-56.jpg,1138.56,651.888,1653.696,1080.0,MESCHA,1920,1080
task_20210526_UPS/20210526-150030_(81.0).jpg,933.504,422.5792,1914.432,1086.5856,PIEBAV,1920,1088
task_2021-03-01_16/20210301-164814_(15.0).jpg,945.6,455.2192,1142.4,646.272,MESCHA,1920,1088
task_2021-03-01_12/20210301-124657_(8.0).jpg,121.536,464.9024,955.2,789.0176,MESCHA,1920,1088
task_19-01-2021/2021-01-19-12-36-09.jpg,588.672,3.6992,1341.12,530.5088,MESCHA,1920,1088
task_2021_11_03-04_cescau4/2021-11-04-07-33-05.jpg,935.808,494.1,1198.464,709.992,MESNOI,1920,1080
task_20210526_UPS/20210526-150124_(25.0).jpg,677.376,424.4288,1918.08,1088.0,PIEBAV,1920,1088
task_20211204_Orlu/2021-12-24-09-36-03.jpg,753.6,583.74,1151.04,881.172,SITTOR,1920,1080
task_20210205/20210205-131850_05(11.0).jpg,1498.944,940.248,1916.16,1080.0,MESCHA,1920,1080
task_05-01-2021/2021-01-05-17-12-37.jpg,301.824,11.424,464.256,200.0832,MESNON,1920,1088
task_20210624_balacet/2021-06-24-13-03-28.jpg,1246.656,318.06,1646.016,649.944,ACCMOU,1920,1080
task_2021_11_03-04_cescau4/2021-11-03-14-33-24.jpg,817.152,484.92,1332.096,689.904,MESCHA,1920,1080
task_05-01-2021/2021-01-05-16-19-35.jpg,758.4,381.888,1802.304,1088.0,MESCHA,1920,1088
task_20210616_Lab/2021-06-16-04-41-15.jpg,1213.632,223.668,1920.0,525.744,MESCHA,1920,1080
task_2021_11_03-04_cescau4/2021-11-03-12-24-01.jpg,519.168,545.94,1100.928,829.224,MESNON,1920,1080
task_20210615_Lab/2021-06-15-13-15-38.jpg,1088.448,212.976,1638.336,446.148,MESCHA,1920,1080
task_20210611_Lab/2021-06-11-15-30-52.jpg,1144.128,162.432,1457.088,566.568,MESCHA,1920,1080
task_2021-03-01_14/20210301-142414_(14.0).jpg,862.656,476.4352,1258.176,621.1392,MESBLE,1920,1088
task_21-01-2021/2021-01-21-12-12-19.jpg,600.192,188.9856,1171.392,673.2544,MESCHA,1920,1088
task_2021_11_03-04_cescau4/2021-11-03-12-26-30.jpg,1315.008,471.528,1689.216,686.016,MESNON,1920,1080
task_20210612_1_Lab/2021-06-12-06-07-21.jpg,694.656,343.116,1022.784,765.72,MESCHA,1920,1080
task_2021_11_03-04_cescau4/2021-11-03-12-32-12.jpg,1114.368,415.476,1762.752,748.764,SITTOR,1920,1080
task_20210615_Lab/2021-06-15-16-07-24.jpg,903.168,200.34,1545.6,503.28,MESCHA,1920,1080
task_20210615_Lab/2021-06-15-09-06-09.jpg,1138.56,298.728,1429.824,455.004,MESCHA,1920,1080
task_2021_11_03-04_cescau4/2021-11-03-13-20-30.jpg,939.456,370.008,1270.272,704.916,MESCHA,1920,1080
task_20210217/20210217-135720_01(17.0).jpg,635.712,359.208,903.744,669.708,MESBLE,1920,1080
task_20210705-07_balacet/2021-07-07-07-37-25.jpg,1316.928,323.892,1918.848,751.896,ACCMOU,1920,1080
task_19-01-2021/2021-01-19-11-11-00.jpg,3.84,146.5536,731.328,744.736,MESCHA,1920,1088
task_20210611_Lab/2021-06-11-15-34-17.jpg,1085.184,240.948,1401.408,856.332,MESCHA,1920,1080
task_05-01-2021/2021-01-05-16-39-20.jpg,1263.552,333.6896,1920.0,1009.7728,MESCHA,1920,1088
task_19-01-2021/2021-01-19-10-56-35.jpg,1584.192,264.1664,1918.08,638.5472,MESBLE,1920,1088
task_2021-03-01_12/20210301-122040_(7.0).jpg,71.424,518.8672,864.576,956.896,MESCHA,1920,1088
task_20210615_Lab/2021-06-15-09-10-44.jpg,835.584,321.948,1590.144,686.664,MESCHA,1920,1080
task_2021_11_03-04_cescau4/2021-11-03-12-30-35.jpg,1040.832,487.404,1774.272,991.764,MESCHA,1920,1080
task_20211204_Orlu/2021-12-24-10-29-27.jpg,792.0,560.844,1300.032,846.936,SITTOR,1920,1080
task_20210612_1_Lab/2021-06-12-05-08-20.jpg,908.928,275.616,1462.656,615.168,MESCHA,1920,1080
task_20210523_UPS/20210523-174012_(18.0).jpg,477.12,297.3504,1391.808,1084.6272,PIEBAV,1920,1088
task_21-01-2021/2021-01-21-14-21-36.jpg,0.0,127.1872,690.816,682.9376,MESCHA,1920,1088
task_20210705-07_balacet/2021-07-07-08-13-37.jpg,586.176,353.268,883.2,664.2,SITTOR,1920,1080
task_20210615_Lab/2021-06-15-15-53-17.jpg,1267.776,246.672,1829.376,476.28,MESCHA,1920,1080
task_20211204_Orlu/2021-12-23-15-29-43.jpg,923.328,501.768,1205.952,713.556,MESCHA,1920,1080
task_20210615_Lab/2021-06-15-13-47-50.jpg,1262.016,238.896,1763.712,983.772,MESCHA,1920,1080
task_21-01-2021/2021-01-21-11-55-39.jpg,374.208,13.1648,1800.384,825.792,MESCHA,1920,1088
task_20210624_balacet/2021-06-24-12-54-59.jpg,939.456,311.796,1164.48,581.148,MESCHA,1920,1080
task_2021_11_03-04_cescau4/2021-11-03-11-11-53.jpg,864.576,419.256,1380.48,827.496,MESCHA,1920,1080
task_18-01-2021/2021-01-18-13-46-32.jpg,1074.816,547.9168,1599.744,1088.0,MESCHA,1920,1088
task_05-01-2021/2021-01-05-16-01-11.jpg,1435.776,507.3344,1920.0,1039.9104,MESCHA,1920,1088
task_19-01-2021/2021-01-19-11-14-01.jpg,50.304,50.048,928.128,590.3488,MESCHA,1920,1088
task_20210611_Lab/2021-06-11-15-55-41.jpg,794.88,232.632,1417.344,822.636,MESCHA,1920,1080
task_20210616_Lab/2021-06-16-17-52-59.jpg,1104.96,181.656,1549.44,601.668,MESCHA,1920,1080
task_20210526_UPS/20210526-151042_(25.0).jpg,468.672,386.4576,1071.936,982.2464,MESCHA,1920,1088
task_2021-03-01_14/20210301-142929_(7.0).jpg,1061.376,387.6544,1318.08,709.92,VEREUR,1920,1088
task_21-01-2021/2021-01-21-12-05-47.jpg,3.84,275.808,702.336,621.248,MESCHA,1920,1088
task_05-01-2021/2021-01-05-17-16-46.jpg,1142.4,490.0352,1920.0,970.496,MESCHA,1920,1088
task_19-01-2021/2021-01-19-11-20-52.jpg,3.84,219.776,779.712,839.2832,MESBLE,1920,1088
task_20210611_Lab/2021-06-11-18-51-02.jpg,876.864,231.444,1389.888,505.008,MESCHA,1920,1080
task_21-01-2021/2021-01-21-12-25-09.jpg,729.408,424.32,1609.344,968.5376,MESBLE,1920,1088
task_2021_11_03-04_cescau4/2021-11-03-11-33-15.jpg,1035.264,449.388,1586.496,717.012,SITTOR,1920,1080
task_20210615_Lab/2021-06-15-10-37-09.jpg,991.872,279.396,1142.4,439.56,MESCHA,1920,1080
task_20210228/20210228-125544_(9.0).jpg,1096.128,655.9552,1624.704,1086.2592,MESCHA,1920,1088
task_06-01-2021/2021-01-06-10-55-20.jpg,1260.096,630.8224,1920.0,1043.8272,MESCHA,1920,1088
task_20210616_Lab/2021-06-16-04-39-18.jpg,980.736,189.324,1209.216,439.452,MESCHA,1920,1080
task_20210525_UPS/20210525-164521_(16.0).jpg,901.248,551.7248,1485.888,1024.4608,MESCHA,1920,1088
task_05-01-2021/2021-01-05-16-55-18.jpg,775.872,491.8848,1580.352,912.6144,ACCMOU,1920,1088
task_20210611_Lab/2021-06-11-14-10-50.jpg,595.776,192.78,1051.008,488.808,MOIDOM,1920,1080
task_2021-03-01_08/20210301-085646_(6.0).jpg,1225.344,513.1008,1647.936,1088.0,VEREUR,1920,1088
task_2021-03-01_16/20210301-161719_(12.0).jpg,571.2,208.2432,926.208,706.112,MESCHA,1920,1088
task_20210227/20210227-143259_(10.0).jpg,542.208,165.8112,642.624,287.3408,MESBLE,1920,1088
task_20210615_Lab/2021-06-15-09-06-03.jpg,1356.672,275.616,1659.456,476.28,MESCHA,1920,1080
task_2021-03-01_07/20210301-075146_(9.0).jpg,1094.208,522.784,1761.792,1088.0,VEREUR,1920,1088
task_2021-03-01_10/20210301-103614_(10.0).jpg,621.312,486.1184,1113.408,713.8368,MESBLE,1920,1088
task_19-01-2021/2021-01-19-11-45-36.jpg,740.928,115.6544,1339.2,538.2336,MESCHA,1920,1088
task_20210615_Lab/2021-06-15-13-48-42.jpg,1225.344,347.004,1651.776,974.16,MESCHA,1920,1080
task_19-01-2021/2021-01-19-13-02-04.jpg,613.632,46.1312,1478.208,532.7936,ROUGOR,1920,1088
task_18-01-2021/2021-01-18-13-55-45.jpg,1142.4,266.1248,1597.824,789.0176,MESNON,1920,1088
task_2021_11_03-04_cescau4/2021-11-03-12-29-14.jpg,1288.704,493.56,1520.256,715.392,MESCHA,1920,1080
task_2021-03-01_14/20210301-142746_(11.0).jpg,1003.392,430.1952,1157.76,650.1888,MESCHA,1920,1088
task_2021-03-01_17/20210301-175022_(6.0)(1).jpg,715.968,437.92,1179.072,609.6064,MESCHA,1920,1088
task_2021_11_03-04_cescau4/2021-11-03-12-57-11.jpg,1019.712,458.352,1233.6,686.772,MESNON,1920,1080
task_21-01-2021/2021-01-21-14-23-34.jpg,764.16,397.3376,1516.8,1088.0,MESCHA,1920,1088
task_20211204_Orlu/2021-12-23-14-48-41.jpg,818.304,511.488,1227.264,717.552,MESNON,1920,1080
task_21-01-2021/2021-01-21-14-21-43.jpg,324.288,275.808,708.288,518.8672,MESNON,1920,1088
task_20210418_UPS/20210418-172212_(9.0).jpg,844.224,769.76,1918.08,1088.0,PIEBAV,1920,1088
task_20210615_Lab/2021-06-15-13-48-28.jpg,448.32,110.484,1911.744,1080.0,MESCHA,1920,1080
task_2021-03-01_16/20210301-164851_(20.0).jpg,1115.328,553.6832,1632.576,1088.0,MESCHA,1920,1088
task_20210616_Lab/2021-06-16-09-21-59.jpg,1392.192,255.096,1830.144,513.54,MESCHA,1920,1080
task_2021_11_03-04_cescau4/2021-11-04-08-04-00.jpg,1047.168,246.888,1483.968,711.18,MESCHA,1920,1080
task_20210227/20210227-112316_(6.0).jpg,1081.728,584.9088,1446.528,849.2928,MESCHA,1920,1088
task_20210417_UPS/20210417-091656_(7.0).jpg,831.744,790.976,1171.392,1022.6112,MESCHA,1920,1088
task_20210615_Lab/2021-06-15-09-23-49.jpg,1478.208,275.616,1736.64,769.608,MESCHA,1920,1080
task_19-01-2021/2021-01-19-11-19-05.jpg,968.64,36.5568,1304.448,518.8672,MESCHA,1920,1088
task_2021-03-01_10/20210301-100015_(15.0).jpg,1072.896,439.7696,1559.232,916.4224,PINARB,1920,1088
task_20210612_1_Lab/2021-06-12-06-30-04.jpg,870.336,202.284,1101.888,595.944,MESCHA,1920,1080
task_20210624_balacet/2021-06-24-07-40-18.jpg,312.576,320.004,991.872,974.16,MESCHA,1920,1080
task_20210205/20210205-122041_04(20.0).jpg,984.768,581.688,1479.936,1078.812,VEREUR,1920,1080
task_20210205/20210205-165310_01(12.0).jpg,635.52,456.516,1899.264,1078.812,PINARB,1920,1080
task_20210612_1_Lab/2021-06-12-04-57-56.jpg,569.28,368.172,1339.2,709.776,MESCHA,1920,1080
task_20210227/20210227-120144_(5.0).jpg,843.264,578.7072,1348.8,1088.0,MOIDOM,1920,1088
task_2021-03-01_16/20210301-165024_(10.0).jpg,380.16,464.9024,816.384,883.6736,MESCHA,1920,1088
task_20210227/20210227-120942_(5.0).jpg,949.44,609.6064,1350.72,1045.6768,MESCHA,1920,1088
task_20211204_Orlu/2021-12-24-10-15-28.jpg,932.352,386.64,1846.848,701.784,MESCHA,1920,1080
task_20210616_Lab/2021-06-16-09-08-43.jpg,1433.856,445.068,1762.176,1078.488,MESCHA,1920,1080
task_05-01-2021/2021-01-05-16-10-02.jpg,891.456,507.3344,1763.712,1088.0,MESCHA,1920,1088
task_20210611_Lab/2021-06-11-15-21-08.jpg,1221.696,586.224,1746.048,1080.0,MESCHA,1920,1080
task_20211204_Orlu/2021-12-24-07-50-14.jpg,906.048,509.004,1349.76,755.676,MESCHA,1920,1080
task_2021_11_03-04_cescau4/2021-11-03-14-09-58.jpg,699.648,9.18,1920.0,1079.784,MESCHA,1920,1080
task_20210228/20210228-174621_(9.0).jpg,279.744,482.3104,816.192,708.0704,MESCHA,1920,1088
task_2021-03-01_13/20210301-135745_(5.0).jpg,854.784,457.1776,1140.48,669.4464,VEREUR,1920,1088
task_20211204_Orlu/2021-12-23-16-04-31.jpg,792.0,527.364,999.36,829.656,MESBLE,1920,1080
task_05-01-2021/2021-01-05-16-34-04.jpg,555.456,125.9904,703.296,319.0016,MESCHA,1920,1088
task_20211204_Orlu/2021-12-24-09-08-44.jpg,905.856,507.384,1575.744,737.424,MESCHA,1920,1080
task_2021-03-01_13/20210301-135042_(11.0).jpg,771.84,432.0448,1057.536,889.44,VEREUR,1920,1088
task_20210615_Lab/2021-06-15-10-03-37.jpg,692.736,182.952,1344.96,567.0,MESCHA,1920,1080
task_2021_11_03-04_cescau4/2021-11-03-11-16-11.jpg,1242.816,464.184,1523.328,721.008,MESNON,1920,1080
task_2021_11_03-04_cescau4/2021-11-04-07-14-23.jpg,831.552,416.016,1179.072,717.66,PINARB,1920,1080
task_18-01-2021/2021-01-18-13-20-42.jpg,810.432,179.3024,1628.736,657.9136,MESCHA,1920,1088
task_21-01-2021/2021-01-21-13-37-18.jpg,194.88,306.7072,1011.264,727.328,MESBLE,1920,1088
task_2021_11_03-04_cescau4/2021-11-04-06-36-07.jpg,1119.168,405.972,1444.224,765.18,MESCHA,1920,1080
task_20210418_UPS/20210418-113720_(8.0).jpg,193.536,724.1728,958.08,1086.5856,MESCHA,1920,1088
task_19-01-2021/2021-01-19-12-17-55.jpg,781.632,57.7728,1609.344,609.6064,ROUGOR,1920,1088
task_19-01-2021/2021-01-19-12-25-27.jpg,627.264,38.4064,1134.72,526.592,MESCHA,1920,1088
task_20211204_Orlu/2021-12-24-10-49-24.jpg,841.728,485.028,1096.896,745.524,MESCHA,1920,1080
task_2021_11_03-04_cescau4/2021-11-03-14-32-11.jpg,653.184,446.688,1103.232,839.7,MESCHA,1920,1080
task_20210611_Lab/2021-06-11-15-47-23.jpg,1027.968,326.052,1342.656,798.12,MESCHA,1920,1080
task_05-01-2021/2021-01-05-16-36-52.jpg,1088.448,580.6656,1920.0,1088.0,SITTOR,1920,1088
task_05-01-2021/2021-01-05-16-13-21.jpg,1026.624,408.8704,1916.16,927.9552,SITTOR,1920,1088
task_21-01-2021/2021-01-21-13-04-38.jpg,922.368,362.6304,1462.656,798.7008,MESCHA,1920,1088
task_20210615_Lab/2021-06-15-10-32-37.jpg,492.096,192.672,1229.184,707.832,MESCHA,1920,1080
task_20210413_UPS/20210413-111659_(6.0).jpg,864.576,603.84,1015.104,829.6,MESCHA,1920,1088
task_20210624_balacet/2021-06-24-13-20-56.jpg,1128.384,317.52,1455.36,636.444,MESCHA,1920,1080
task_21-01-2021/2021-01-21-12-12-47.jpg,1.92,190.8352,465.024,862.3488,MESCHA,1920,1088
task_20210615_Lab/2021-06-15-10-00-19.jpg,1157.76,310.284,1756.032,565.056,MESCHA,1920,1080
task_20211204_Orlu/2021-12-23-15-34-43.jpg,650.496,522.18,1141.44,795.204,MESBLE,1920,1080
task_2021-03-01_13/20210301-131109_(13.0).jpg,968.64,632.7808,1800.384,1084.3008,MESCHA,1920,1088
task_19-01-2021/2021-01-19-10-37-20.jpg,0.0,217.9264,907.008,665.5296,MESCHA,1920,1088
task_21-01-2021/2021-01-21-12-45-31.jpg,870.336,306.7072,1265.856,738.8608,MESCHA,1920,1088
task_20210416_UPS/20210416-200827_(5.0).jpg,729.408,802.6176,1045.824,1088.0,MESCHA,1920,1088
task_19-01-2021/2021-01-19-10-37-58.jpg,21.312,84.7552,752.64,515.0592,MESBLE,1920,1088
task_20211204_Orlu/2021-12-24-11-02-16.jpg,992.448,439.02,1624.128,743.148,MESCHA,1920,1080
task_20210615_Lab/2021-06-15-14-00-47.jpg,1456.896,254.34,1709.76,640.332,MESCHA,1920,1080
task_20210227/20210227-144348_(5.0).jpg,955.2,738.8608,1329.6,1086.2592,MESCHA,1920,1088
task_06-01-2021/2021-01-06-11-49-23.jpg,1094.016,515.0592,1920.0,1070.8096,MESCHA,1920,1088
task_20210526_UPS/20210526-085354_(16.0).jpg,751.296,369.376,1386.816,1086.5856,PIEBAV,1920,1088
task_20210611_Lab/2021-06-11-17-00-59.jpg,657.984,236.844,960.384,794.988,MESCHA,1920,1080
task_20211204_Orlu/2021-12-23-13-17-08.jpg,284.16,336.204,879.36,768.204,MESCHA,1920,1080
task_20211204_Orlu/2021-12-23-15-53-40.jpg,959.424,448.848,1469.376,724.572,MESCHA,1920,1080
task_20210523_UPS/20210523-173554_(15.0).jpg,320.64,405.4976,1081.536,1086.5856,PIEBAV,1920,1088
task_20210615_Lab/2021-06-15-10-46-25.jpg,1180.416,301.536,1821.504,569.592,MESCHA,1920,1080
task_2021-03-01_17/20210301-170009_(15.0).jpg,941.76,420.512,1354.56,652.0384,VEREUR,1920,1088
task_20211204_Orlu/2021-12-24-08-06-16.jpg,976.32,443.556,1579.392,679.536,MESCHA,1920,1080
task_2021-03-01_17/20210301-174035_(13.0).jpg,1188.672,719.6032,1910.4,1086.2592,MESCHA,1920,1088
task_2021-03-01_11/20210301-114349_(18.0).jpg,221.952,453.2608,766.08,1022.6112,MESCHA,1920,1088
task_2021_11_03-04_cescau4/2021-11-03-14-35-33.jpg,779.712,516.996,1040.64,726.516,MESNON,1920,1080
task_20210611_Lab/2021-06-11-15-16-51.jpg,275.136,196.56,796.8,657.612,MESCHA,1920,1080
task_2021_11_03-04_cescau4/2021-11-04-07-44-42.jpg,572.928,379.836,1115.136,871.776,PINARB,1920,1080
task_06-01-2021/2021-01-06-11-12-29.jpg,1246.656,632.7808,1684.608,1037.952,MESCHA,1920,1088
task_2021_11_03-04_cescau4/2021-11-03-14-33-03.jpg,1036.8,484.056,1511.808,652.968,MESNON,1920,1080
task_2021_11_03-04_cescau4/2021-11-03-12-39-05.jpg,945.216,426.168,1273.536,739.152,MESCHA,1920,1080
task_20211204_Orlu/2021-12-23-14-56-22.jpg,941.376,414.828,1573.632,866.808,MESCHA,1920,1080
task_21-01-2021/2021-01-21-14-32-19.jpg,688.896,271.8912,1078.656,628.864,MESBLE,1920,1088
task_21-01-2021/2021-01-21-14-06-44.jpg,411.072,227.5008,847.104,648.2304,MESNON,1920,1088
task_20210616_Lab/2021-06-16-09-17-38.jpg,214.464,292.14,1216.512,586.98,MESCHA,1920,1080
task_20210705-07_balacet/2021-07-07-08-54-57.jpg,1067.136,310.824,1747.008,739.8,ACCMOU,1920,1080
task_2021-03-01_11/20210301-114337_(10.0).jpg,970.56,636.5888,1588.224,1088.0,MESCHA,1920,1088
task_20210228/20210228-130357_(6.0).jpg,530.688,428.2368,862.656,966.5792,MESCHA,1920,1088
task_05-01-2021/2021-01-05-17-00-01.jpg,0.0,279.616,351.168,808.384,ROUGOR,1920,1088
task_20210615_Lab/2021-06-15-10-37-09.jpg,1127.04,190.728,1698.048,516.78,MESCHA,1920,1080
task_20211204_Orlu/2021-12-23-15-18-43.jpg,949.056,476.064,1226.88,686.448,MESNON,1920,1080
task_20210615_Lab/2021-06-15-10-00-55.jpg,1325.76,275.616,1746.432,609.444,MESCHA,1920,1080
task_20211204_Orlu/2021-12-24-10-37-07.jpg,325.44,370.116,1065.792,670.68,MESCHA,1920,1080
task_20210615_Lab/2021-06-15-13-46-38.jpg,910.848,356.616,1563.072,748.332,MESCHA,1920,1080
task_20210615_Lab/2021-06-15-09-05-13.jpg,1038.144,240.84,1454.976,474.336,MESCHA,1920,1080
task_20211204_Orlu/2021-12-23-14-27-26.jpg,1048.512,483.84,1286.784,730.728,MESCHA,1920,1080
task_21-01-2021/2021-01-21-13-56-28.jpg,698.496,434.0032,1389.312,1088.0,MESBLE,1920,1088
task_20210611_Lab/2021-06-11-15-55-45.jpg,1159.296,266.76,1485.504,817.02,MESCHA,1920,1080
task_20210525_UPS/20210525-103353_(15.0).jpg,912.768,700.3456,1653.696,1086.2592,MESCHA,1920,1088
task_2021_11_03-04_cescau4/2021-11-03-15-11-04.jpg,1150.656,501.984,1357.632,656.748,MESNON,1920,1080
task_2021-03-01_11/20210301-114039_(6.0).jpg,553.92,453.2608,924.288,744.736,MESCHA,1920,1088
task_20210623_balacet/2021-06-23-10-40-17.jpg,1107.648,281.34,1441.536,649.944,MESCHA,1920,1080
task_20210205/20210205-122625_01(13.0).jpg,844.224,412.884,1223.808,826.416,VEREUR,1920,1080
task_20210523_UPS/20210523-185714_(20.0).jpg,510.336,177.7792,1438.08,1088.0,PIEBAV,1920,1088
task_20210611_Lab/2021-06-11-18-38-01.jpg,1172.736,190.296,1438.464,630.504,MESCHA,1920,1080
task_20211204_Orlu/2021-12-23-14-37-29.jpg,783.552,409.86,1254.528,711.828,MESCHA,1920,1080
task_2021_11_03-04_cescau4/2021-11-04-07-39-01.jpg,625.92,489.132,1065.984,889.056,MESCHA,1920,1080
task_20210525_UPS/20210525-154436_(27.0).jpg,424.512,378.08,1124.928,1084.3008,PIEBAV,1920,1088
task_20210523_UPS/20210523-175300_(16.0).jpg,819.648,344.7872,1187.712,1084.6272,PIEBAV,1920,1088
task_20210705-07_balacet/2021-07-06-14-27-57.jpg,1012.032,337.284,1545.792,673.488,ROUGOR,1920,1080
task_20211204_Orlu/2021-12-24-07-57-00.jpg,1180.032,486.972,1648.32,823.608,SITTOR,1920,1080
task_2021_11_03-04_cescau4/2021-11-03-15-20-04.jpg,1374.72,473.688,1805.952,705.996,MESNON,1920,1080
task_2021-03-01_09/20210301-091653_(12.0).jpg,420.672,401.2544,1061.376,779.4432,MESCHA,1920,1088
task_20210217/20210217-174340_04(11.0).jpg,212.544,25.812,855.744,769.5,TOUTUR,1920,1080
task_2021-03-01_10/20210301-103110_(9.0).jpg,966.72,397.3376,1373.952,756.2688,VEREUR,1920,1088
task_21-01-2021/2021-01-21-13-13-33.jpg,976.512,387.6544,1541.76,773.6768,MESCHA,1920,1088
task_2021_11_03-04_cescau4/2021-11-03-14-45-51.jpg,786.624,444.204,1136.448,716.472,MESCHA,1920,1080
task_20211204_Orlu/2021-12-24-07-34-12.jpg,939.264,471.636,1353.984,722.52,MESBLE,1920,1080
task_20210623_balacet/2021-06-23-09-32-05.jpg,708.288,277.56,1211.904,590.112,MESCHA,1920,1080
task_19-01-2021/2021-01-19-11-24-30.jpg,133.248,169.6192,688.896,663.68,MESNON,1920,1088
task_2021-03-01_13/20210301-134609_(18.0).jpg,430.272,335.648,934.08,831.5584,VEREUR,1920,1088
task_20210625_balacet/2021-06-25-05-41-49.jpg,1128.96,348.948,1833.216,790.776,ACCMOU,1920,1080
task_2021-03-01_09/20210301-090742_(6.0).jpg,536.448,488.0768,1053.696,735.0528,MOIDOM,1920,1088
task_05-01-2021/2021-01-05-17-40-49.jpg,793.152,192.3584,1896.96,1082.3424,ROUGOR,1920,1088
task_20210624_balacet/2021-06-24-06-10-06.jpg,185.28,341.172,812.352,867.996,MESCHA,1920,1080
task_20211204_Orlu/2021-12-23-15-05-07.jpg,908.736,518.616,1566.912,829.656,MESNON,1920,1080
task_2021_11_03-04_cescau4/2021-11-03-16-18-05.jpg,890.88,386.64,1599.936,869.724,PINARB,1920,1080
task_20210705-07_balacet/2021-07-06-11-10-55.jpg,316.992,443.34,881.856,691.74,MESNON,1920,1080
task_21-01-2021/2021-01-21-12-27-39.jpg,59.904,225.6512,982.272,659.7632,MESCHA,1920,1088
task_20210615_Lab/2021-06-15-11-07-06.jpg,1503.936,193.212,1920.0,559.872,MESCHA,1920,1080
task_20210615_Lab/2021-06-15-09-04-05.jpg,1403.136,222.156,1756.8,688.5,MESCHA,1920,1080
task_20210205/20210205-164734_02(18.0).jpg,1.92,515.268,948.672,1019.952,MESCHA,1920,1080
task_20211204_Orlu/2021-12-23-13-39-28.jpg,358.656,549.612,870.72,852.336,MESCHA,1920,1080
task_20210612_1_Lab/2021-06-12-05-07-16.jpg,1038.144,258.228,1329.6,840.996,MESCHA,1920,1080
task_21-01-2021/2021-01-21-14-09-11.jpg,978.432,304.7488,1360.512,1007.1616,MESNON,1920,1088
task_2021-03-01_17/20210301-175914_(9.0).jpg,706.368,501.568,874.176,655.9552,MESCHA,1920,1088
task_20210624_balacet/2021-06-24-07-14-53.jpg,243.456,347.976,775.296,798.228,MESCHA,1920,1080
task_2021_11_03-04_cescau4/2021-11-04-06-34-23.jpg,975.36,464.724,1264.512,693.036,MESCHA,1920,1080
task_20210611_Lab/2021-06-11-15-29-09.jpg,520.32,227.88,1095.744,563.004,MESCHA,1920,1080
task_20211204_Orlu/2021-12-24-10-33-03.jpg,938.112,511.704,1174.848,702.0,MESNOI,1920,1080
task_20210615_Lab/2021-06-15-08-32-50.jpg,970.56,173.34,1331.52,485.892,VEREUR,1920,1080
task_20211204_Orlu/2021-12-24-08-09-36.jpg,725.376,462.672,1072.704,960.336,MESCHA,1920,1080
task_20210616_Lab/2021-06-16-18-10-37.jpg,1083.072,267.192,1718.784,567.0,MESCHA,1920,1080
task_2021_11_03-04_cescau4/2021-11-04-07-40-32.jpg,1164.864,324.648,1635.648,719.604,MESCHA,1920,1080
task_20210611_Lab/2021-06-11-14-44-51.jpg,1246.464,217.404,1809.984,682.236,MESCHA,1920,1080
task_2021_11_03-04_cescau4/2021-11-04-06-55-24.jpg,1289.088,896.724,1629.12,1080.0,MESNOI,1920,1080
task_20211204_Orlu/2021-12-23-14-40-08.jpg,3.456,75.6,190.08,247.752,MESCHA,1920,1080
task_19-01-2021/2021-01-19-10-45-01.jpg,1049.856,51.8976,1564.992,829.6,MESCHA,1920,1088
task_2021-03-01_17/20210301-174840_(6.0).jpg,1219.584,816.1088,1723.2,1088.0,MESCHA,1920,1088
task_20210217/20210217-141623_03(16.0).jpg,345.6,347.544,912.192,929.124,MESCHA,1920,1080
task_19-01-2021/2021-01-19-11-53-15.jpg,1086.336,119.4624,1883.328,638.5472,MESCHA,1920,1088
task_20211204_Orlu/2021-12-24-10-10-56.jpg,972.672,972.0,1304.256,1079.46,SITTOR,1920,1080
task_20211204_Orlu/2021-12-24-09-13-47.jpg,136.896,642.924,549.312,1047.276,MESCHA,1920,1080
task_2021-03-01_13/20210301-133947_(16.0).jpg,509.376,478.3936,879.936,771.7184,MESCHA,1920,1088
task_06-01-2021/2021-01-06-11-57-42.jpg,1215.744,507.3344,1920.0,1088.0,MESCHA,1920,1088
task_20210623_balacet/2021-06-23-13-42-25.jpg,931.392,309.42,1695.168,695.412,MESCHA,1920,1080
task_2021_11_03-04_cescau4/2021-11-03-15-09-00.jpg,1070.592,492.588,1497.6,708.48,MESNON,1920,1080
task_2021_11_03-04_cescau4/2021-11-04-07-50-03.jpg,1089.6,376.272,1343.808,666.252,MESCHA,1920,1080
task_20210616_Lab/2021-06-16-04-37-02.jpg,1319.808,270.0,1721.856,681.156,MESCHA,1920,1080
task_2021-03-01_13/20210301-135731_(10.0).jpg,912.768,435.9616,1231.104,690.6624,VEREUR,1920,1088
task_20210615_Lab/2021-06-15-14-08-47.jpg,1198.272,246.672,1740.672,555.336,MESCHA,1920,1080
task_20210417_UPS/20210417-110520_(5.0).jpg,519.936,609.9328,881.088,1075.3792,MESCHA,1920,1088
task_2021_11_03-04_cescau4/2021-11-03-15-03-07.jpg,807.552,447.012,1368.576,679.968,MESCHA,1920,1080
task_20211204_Orlu/2021-12-24-09-20-53.jpg,1169.856,467.748,1406.4,742.716,MESBLE,1920,1080
task_MOIDOM_ODJ/1407.jpeg,80.16,228.51,251.82,333.0,MOIDOM,600,450
task_20211204_Orlu/2021-12-24-09-25-13.jpg,910.272,529.2,1209.216,728.244,SITTOR,1920,1080
task_20210623_balacet/2021-06-23-11-45-51.jpg,944.64,330.372,1289.088,768.528,MESCHA,1920,1080
task_20211204_Orlu/2021-12-23-15-53-19.jpg,1443.072,490.32,1919.616,947.7,MESCHA,1920,1080
task_2021_11_03-04_cescau4/2021-11-03-12-36-31.jpg,1339.008,478.764,1920.0,1076.22,MESCHA,1920,1080
task_MOIDOM_ODJ/297.jpeg,184.8924,76.365,414.0069,399.69,MOIDOM,667,450
task_05-01-2021/2021-01-05-17-25-02.jpg,633.024,430.0864,1099.968,985.9456,MESNON,1920,1088
task_05-01-2021/2021-01-05-17-23-54.jpg,661.824,453.2608,1090.368,775.5264,ACCMOU,1920,1088
task_05-01-2021/2021-01-05-16-30-47.jpg,584.64,557.4912,1273.536,1088.0,SITTOR,1920,1088
task_20210612_1_Lab/2021-06-12-05-47-34.jpg,787.392,293.004,1227.264,759.888,MESCHA,1920,1080
task_21-01-2021/2021-01-21-12-15-13.jpg,468.864,256.4416,1003.392,632.7808,MESCHA,1920,1088
task_20211204_Orlu/2021-12-24-08-04-34.jpg,797.376,471.744,1225.536,732.564,MESCHA,1920,1080
task_2021-03-01_09/20210301-091034_(12.0).jpg,633.024,453.2608,1221.504,719.6032,VEREUR,1920,1088
task_2021-03-01_15/20210301-154534_(19.0).jpg,1.92,281.5744,860.736,671.4048,MESCHA,1920,1088
task_2021-03-01_11/20210301-110728_(16.0).jpg,1040.064,380.0384,1258.176,665.5296,MESCHA,1920,1088
task_20210227/20210227-142041_(10.0).jpg,978.432,700.3456,1704.0,1086.2592,MESCHA,1920,1088
task_20210611_Lab/2021-06-11-16-21-14.jpg,1130.688,285.768,1432.512,722.088,MESCHA,1920,1080
task_20210227/20210227-170424_(5.0).jpg,1130.88,534.3168,1495.488,794.8928,VEREUR,1920,1088
task_19-01-2021/2021-01-19-11-02-09.jpg,1406.784,132.9536,1895.04,682.9376,MESCHA,1920,1088
task_2021-03-01_15/20210301-150222_(8.0).jpg,393.6,439.7696,802.752,783.2512,MESCHA,1920,1088
task_20210217/20210217-154036_01(17.0).jpg,881.28,640.98,1425.6,1080.0,MESCHA,1920,1080
task_20210615_Lab/2021-06-15-13-39-18.jpg,1018.944,225.396,1528.32,458.892,MESCHA,1920,1080
task_2021_11_03-04_cescau4/2021-11-03-12-19-09.jpg,899.904,524.124,1235.52,686.988,MESNON,1920,1080
task_2021_11_03-04_cescau4/2021-11-04-07-26-18.jpg,1286.784,429.192,1636.032,660.744,MESNON,1920,1080
task_2021_11_03-04_cescau4/2021-11-03-12-30-19.jpg,810.432,466.992,1334.976,725.868,MESNON,1920,1080
task_20211204_Orlu/2021-12-23-14-47-32.jpg,1009.92,467.856,1248.768,731.808,MESCHA,1920,1080
task_2021-03-01_07/20210301-075652_(9.0).jpg,1057.536,509.2928,1646.016,1082.3424,VEREUR,1920,1088
task_20210526_UPS/20210526-182513_(39.0).jpg,808.32,369.376,1912.32,1088.0,PIEBAV,1920,1088
task_2021_11_03-04_cescau4/2021-11-04-08-05-54.jpg,878.976,631.152,1606.272,1080.0,MESCHA,1920,1080
task_05-01-2021/2021-01-05-16-27-40.jpg,1277.568,410.9376,1920.0,1066.8928,SITTOR,1920,1088
task_20210705-07_balacet/2021-07-07-08-44-47.jpg,1105.92,411.912,1358.976,686.232,ACCMOU,1920,1080
task_20210227/20210227-131022_(5.0).jpg,1017.024,607.648,1414.464,1088.0,MESCHA,1920,1088
task_20210624_balacet/2021-06-24-08-22-41.jpg,1098.048,393.336,1920.0,767.664,MESCHA,1920,1080
task_20211204_Orlu/2021-12-23-13-32-38.jpg,964.032,451.548,1262.592,787.428,MESCHA,1920,1080
task_2021_11_03-04_cescau4/2021-11-03-12-55-53.jpg,1003.776,468.504,1561.344,681.048,SITTOR,1920,1080
task_2021_11_03-04_cescau4/2021-11-04-07-41-09.jpg,946.752,507.6,1214.208,690.012,MESNOI,1920,1080
task_20210624_balacet/2021-06-24-14-50-37.jpg,966.72,329.616,1227.264,632.556,MESCHA,1920,1080
task_2021-03-01_10/20210301-104027_(13.0).jpg,484.416,401.2544,885.696,735.0528,MESBLE,1920,1088
task_21-01-2021/2021-01-21-12-51-01.jpg,200.64,256.4416,951.36,729.2864,MESCHA,1920,1088
task_20210611_Lab/2021-06-11-15-07-20.jpg,586.368,268.704,1013.184,574.128,MESCHA,1920,1080
task_2021_11_03-04_cescau4/2021-11-04-07-13-15.jpg,1185.6,482.22,1716.48,683.856,MESNON,1920,1080
task_2021_11_03-04_cescau4/2021-11-03-12-15-21.jpg,881.664,465.048,1071.744,724.464,MESNON,1920,1080
task_2021-03-01_10/20210301-100239_(10.0).jpg,1007.232,393.5296,1499.328,800.6592,VEREUR,1920,1088
task_20210205/20210205-131850_02(11.0).jpg,783.552,397.656,1195.2,822.636,VEREUR,1920,1080
task_20210616_Lab/2021-06-16-18-07-14.jpg,1208.448,257.904,1824.96,557.496,MESCHA,1920,1080
task_20210612_1_Lab/2021-06-12-06-28-26.jpg,814.272,217.728,1350.72,638.388,MESCHA,1920,1080
task_2021-03-01_17/20210301-173651_(11.0).jpg,1204.224,899.232,1559.232,1088.0,MESBLE,1920,1088
task_20211204_Orlu/2021-12-24-10-10-56.jpg,513.6,497.448,804.48,807.624,MESBLE,1920,1080
task_21-01-2021/2021-01-21-13-42-39.jpg,440.064,271.8912,858.816,646.272,MESBLE,1920,1088
task_20211204_Orlu/2021-12-24-10-50-58.jpg,292.416,582.552,791.616,924.588,MESNON,1920,1080
task_2021-03-01_17/20210301-172129_(12.0).jpg,310.656,499.6096,766.08,949.28,MESCHA,1920,1088
task_20210616_Lab/2021-06-16-18-35-23.jpg,1116.672,185.22,1512.192,616.896,MESCHA,1920,1080
task_2021-03-01_15/20210301-151330_(8.0).jpg,644.544,507.3344,953.28,783.2512,MESCHA,1920,1088
task_2021_11_03-04_cescau4/2021-11-03-13-36-07.jpg,1549.824,780.732,1920.0,1079.676,PINARB,1920,1080
task_20211204_Orlu/2021-12-23-13-56-11.jpg,1145.664,491.076,1449.024,747.684,SITTOR,1920,1080
task_2021-03-01_10/20210301-103137_(15.0).jpg,1383.552,266.1248,1804.224,642.464,VEREUR,1920,1088
task_2021_11_03-04_cescau4/2021-11-04-07-14-08.jpg,1648.704,895.104,1917.696,1080.0,PINARB,1920,1080
task_20210227/20210227-121749_(5.0).jpg,910.848,547.9168,1483.968,746.5856,PINARB,1920,1088
task_20210615_Lab/2021-06-15-09-09-27.jpg,1138.56,262.116,1360.512,466.668,MESCHA,1920,1080
task_20210227/20210227-140813_(8.0).jpg,796.992,570.9824,1416.384,829.6,MESCHA,1920,1088
task_05-01-2021/2021-01-05-17-18-51.jpg,889.536,86.7136,1157.76,297.024,MESCHA,1920,1088
task_20210615_Lab/2021-06-15-15-45-13.jpg,1234.944,227.34,1597.824,516.78,MESCHA,1920,1080
task_20210205/20210205-125318_01(21.0).jpg,70.272,405.324,889.92,902.34,MESCHA,1920,1080
task_20210611_Lab/2021-06-11-15-41-06.jpg,921.024,307.044,1388.736,639.036,MESCHA,1920,1080
task_21-01-2021/2021-01-21-13-20-24.jpg,0.0,250.6752,901.248,806.4256,MESCHA,1920,1088
task_MOIDOM_ODJ/1758.jpeg,248.985,103.5437,441.765,202.3931,MOIDOM,450,299
task_21-01-2021/2021-01-21-12-16-24.jpg,567.36,181.2608,893.376,576.8576,MESBLE,1920,1088
task_18-01-2021/2021-01-18-14-31-17.jpg,15.552,478.3936,534.528,1088.0,MESCHA,1920,1088
task_2021-03-01_08/20210301-085306_(6.0).jpg,550.08,441.728,856.704,814.1504,MESCHA,1920,1088
task_19-01-2021/2021-01-19-11-11-51.jpg,856.704,129.1456,1294.848,578.7072,MESCHA,1920,1088
task_2021-03-01_14/20210301-145757_(9.0).jpg,663.936,445.536,1057.536,704.1536,MESCHA,1920,1088
task_20210705-07_balacet/2021-07-06-08-59-14.jpg,1126.08,341.604,1684.416,657.396,ROUGOR,1920,1080
task_20210615_Lab/2021-06-15-09-09-55.jpg,1227.264,1008.828,1825.536,1080.0,MESCHA,1920,1080
task_20210612_1_Lab/2021-06-12-05-57-33.jpg,1121.472,630.612,1674.816,1047.384,MESCHA,1920,1080
task_06-01-2021/2021-01-06-11-43-22.jpg,1370.112,464.9024,1858.368,1088.0,SITTOR,1920,1088
task_20210616_Lab/2021-06-16-17-40-34.jpg,1005.12,207.252,1333.44,515.808,MESCHA,1920,1080
task_18-01-2021/2021-01-18-13-44-59.jpg,607.872,627.0144,1103.808,1084.3008,MESNON,1920,1088
task_20210227/20210227-144603_(6.0).jpg,854.784,642.464,1372.032,1088.0,MESCHA,1920,1088
task_20210612_1_Lab/2021-06-12-05-42-32.jpg,930.048,265.896,1370.112,821.664,MESCHA,1920,1080
task_05-01-2021/2021-01-05-17-08-20.jpg,382.08,368.3968,764.16,918.3808,MESCHA,1920,1088
task_20211204_Orlu/2021-12-24-09-22-07.jpg,556.032,441.612,1000.896,898.56,MESCHA,1920,1080
task_20210418_UPS/20210418-110759_(5.0).jpg,472.512,650.1888,929.664,968.9728,MESCHA,1920,1088
task_20210615_Lab/2021-06-15-10-40-35.jpg,1188.864,192.132,1671.168,494.748,MESCHA,1920,1080
task_21-01-2021/2021-01-21-13-45-54.jpg,754.56,256.4416,1204.224,796.7424,MESCHA,1920,1088
task_20210416_UPS/20210416-153007_(7.0).jpg,463.104,765.952,876.096,1084.3008,MESCHA,1920,1088
task_20210227/20210227-143922_(11.0).jpg,1051.776,574.8992,1516.8,816.1088,VEREUR,1920,1088
task_20210615_Lab/2021-06-15-11-08-50.jpg,1117.248,123.12,1344.96,501.336,MESCHA,1920,1080
task_20211204_Orlu/2021-12-24-09-48-47.jpg,499.392,634.5,768.576,1080.0,MESCHA,1920,1080
task_21-01-2021/2021-01-21-14-01-56.jpg,783.552,310.5152,1318.08,719.6032,MESCHA,1920,1088
task_20210217/20210217-143729_01(12.0).jpg,759.168,427.248,1253.376,1080.0,MESCHA,1920,1080
task_20210228/20210228-125328_(6.0).jpg,111.936,358.7136,600.192,808.384,VEREUR,1920,1088
task_19-01-2021/2021-01-19-11-22-27.jpg,1325.76,0.0,1904.64,598.0736,MESCHA,1920,1088
task_20210523_UPS/20210523-174016_(18.0).jpg,514.176,378.9504,1062.528,1082.7776,PIEBAV,1920,1088
task_21-01-2021/2021-01-21-13-53-24.jpg,92.736,401.2544,505.536,642.464,MESCHA,1920,1088
task_2021-03-01_09/20210301-090144_(8.0).jpg,1721.28,229.4592,1918.08,775.5264,MESCHA,1920,1088
task_20210525_UPS/20210525-105552_(13.0).jpg,604.032,476.4352,868.416,773.6768,MESCHA,1920,1088
task_20210615_Lab/2021-06-15-15-48-47.jpg,1039.872,273.132,1709.568,703.404,MESCHA,1920,1080
task_20210217/20210217-174314_04(11.0).jpg,0.0,1.188,1627.776,631.044,TOUTUR,1920,1080
task_06-01-2021/2021-01-06-10-50-59.jpg,362.88,679.1296,1192.512,1082.3424,MESCHA,1920,1088
task_2021-03-01_13/20210301-135304_(11.0).jpg,607.872,478.3936,901.248,765.952,VEREUR,1920,1088
task_2021-03-01_15/20210301-154045_(11.0).jpg,304.896,493.8432,727.488,750.5024,MESBLE,1920,1088
task_05-01-2021/2021-01-05-17-40-39.jpg,519.168,237.184,1246.656,735.0528,ROUGOR,1920,1088
task_05-01-2021/2021-01-05-17-17-31.jpg,1290.624,404.3008,1920.0,913.2672,MESCHA,1920,1088
task_2021_11_03-04_cescau4/2021-11-03-12-11-53.jpg,1687.296,536.436,1920.0,756.324,MESNOI,1920,1080
task_2021-03-01_17/20210301-170223_(9.0).jpg,669.696,408.9792,1182.912,653.9968,VEREUR,1920,1088
task_2021_11_03-04_cescau4/2021-11-03-11-53-19.jpg,690.624,538.596,993.792,1077.3,MESHUP,1920,1080
task_20210615_Lab/2021-06-15-10-57-22.jpg,1188.672,227.34,1574.592,678.888,MESCHA,1920,1080
task_20210526_UPS/20210526-133845_(42.0).jpg,891.648,217.6,1916.16,885.5232,PIEBAV,1920,1088
task_20210611_Lab/2021-06-11-17-15-30.jpg,457.152,67.284,1744.704,1080.0,MESCHA,1920,1080
task_20210615_Lab/2021-06-15-13-42-16.jpg,735.36,238.14,1219.776,506.412,MESCHA,1920,1080
task_21-01-2021/2021-01-21-13-33-27.jpg,534.528,285.3824,1038.144,598.0736,MESBLE,1920,1088
task_2021_11_03-04_cescau4/2021-11-03-15-07-13.jpg,1302.528,402.624,1667.904,654.588,MESHUP,1920,1080
task_20210616_Lab/2021-06-16-05-32-49.jpg,169.536,3.348,1517.952,1077.624,MESCHA,1920,1080
task_20210526_UPS/20210526-070628_(50.0).jpg,9.6,321.9392,1916.16,1086.5856,PIEBAV,1920,1088
task_20210612_1_Lab/2021-06-12-06-23-39.jpg,1186.752,271.728,1813.824,667.332,MESCHA,1920,1080
task_2021-03-01_09/20210301-092037_(40.0).jpg,326.208,341.4144,758.4,1009.0112,MESCHA,1920,1088
task_20211204_Orlu/2021-12-23-14-32-34.jpg,281.28,589.032,1048.512,906.228,MESCHA,1920,1080
task_20211204_Orlu/2021-12-23-15-10-20.jpg,1128.0,474.984,1785.216,804.708,MESCHA,1920,1080
task_2021-03-01_13/20210301-130735_(6.0).jpg,1105.728,738.8608,1568.832,1088.0,MESCHA,1920,1088
task_20211204_Orlu/2021-12-23-14-09-34.jpg,752.64,517.32,1034.688,730.836,SITTOR,1920,1080
task_19-01-2021/2021-01-19-12-32-01.jpg,111.936,88.5632,708.288,530.5088,MESNON,1920,1088
task_05-01-2021/2021-01-05-17-22-29.jpg,771.84,420.512,1248.576,941.4464,MESBLE,1920,1088
task_20211204_Orlu/2021-12-24-09-21-23.jpg,964.992,451.764,1223.424,782.568,MESBLE,1920,1080
task_06-01-2021/2021-01-06-11-48-54.jpg,569.28,555.6416,1152.0,1088.0,MESCHA,1920,1088
task_19-01-2021/2021-01-19-13-02-08.jpg,762.24,0.0,1417.152,491.8848,ROUGOR,1920,1088
task_20211204_Orlu/2021-12-24-08-54-47.jpg,733.248,542.484,935.808,764.1,MESCHA,1920,1080
task_2021_11_03-04_cescau4/2021-11-04-07-40-06.jpg,1472.832,502.848,1808.832,816.804,MESCHA,1920,1080
task_2021-03-01_07/20210301-074958_(6.0).jpg,993.792,567.1744,1424.064,1088.0,VEREUR,1920,1088
task_2021_11_03-04_cescau4/2021-11-03-10-29-50.jpg,1115.52,382.536,1698.048,683.1,PINARB,1920,1080
task_2021_11_03-04_cescau4/2021-11-03-10-45-39.jpg,935.04,439.128,1513.536,694.116,SITTOR,1920,1080
task_19-01-2021/2021-01-19-12-05-25.jpg,3.84,250.6752,945.6,914.464,MESCHA,1920,1088
task_2021-03-01_07/20210301-075803_(7.0).jpg,945.6,397.3376,1451.136,856.5824,VEREUR,1920,1088
task_20211204_Orlu/2021-12-23-15-52-43.jpg,947.52,491.616,1243.968,729.216,MESCHA,1920,1080
task_2021_11_03-04_cescau4/2021-11-03-13-35-36.jpg,1244.16,464.076,1507.2,664.74,MESCHA,1920,1080
task_20211204_Orlu/2021-12-23-13-33-13.jpg,1009.728,405.324,1254.336,817.884,MESCHA,1920,1080
task_20210611_Lab/2021-06-11-16-38-49.jpg,749.376,255.42,1168.704,813.24,MESCHA,1920,1080
task_2021-03-01_10/20210301-102110_(9.0).jpg,385.92,476.4352,920.448,754.3104,MESCHA,1920,1088
task_20210227/20210227-172148_(21.0).jpg,499.776,325.9648,1673.088,812.192,TOUTUR,1920,1088
task_2021_11_03-04_cescau4/2021-11-03-15-24-13.jpg,884.544,506.088,1114.368,712.368,MESNON,1920,1080
task_2021-03-01_15/20210301-153534_(15.0).jpg,750.72,414.7456,1101.888,640.5056,MESCHA,1920,1088
task_20210414/20210414-131147_(6.0).jpg,553.92,665.6384,1092.288,953.088,MESCHA,1920,1088
task_2021_11_03-04_cescau4/2021-11-03-14-43-36.jpg,713.856,459.108,1130.496,715.392,MESNON,1920,1080
task_2021_11_03-04_cescau4/2021-11-03-11-14-12.jpg,1006.656,336.204,1220.16,697.356,MESHUP,1920,1080
task_05-01-2021/2021-01-05-16-38-11.jpg,1183.296,591.872,1684.224,1088.0,MESNON,1920,1088
task_20210217/20210217-131231_01(11.0).jpg,445.44,0.0,1399.104,834.408,MESCHA,1920,1080
task_20211204_Orlu/2021-12-24-09-42-16.jpg,513.216,505.332,1219.008,842.724,MESCHA,1920,1080
task_05-01-2021/2021-01-05-16-55-33.jpg,660.096,466.752,1736.64,1063.0848,ACCMOU,1920,1088
task_06-01-2021/2021-01-06-11-53-18.jpg,121.536,488.0768,922.368,1088.0,ACCMOU,1920,1088
task_20210612_1_Lab/2021-06-12-05-47-50.jpg,768.0,233.172,1179.072,526.5,MESCHA,1920,1080
task_20210615_Lab/2021-06-15-08-34-37.jpg,907.008,215.784,1215.744,507.168,MESCHA,1920,1080
task_21-01-2021/2021-01-21-12-49-35.jpg,854.784,325.9648,1578.432,860.4992,MESCHA,1920,1088
task_20210623_balacet/2021-06-23-10-53-29.jpg,629.184,348.948,1354.56,667.332,MESCHA,1920,1080
task_2021_11_03-04_cescau4/2021-11-03-13-15-38.jpg,1018.368,522.612,1685.568,964.116,MESNON,1920,1080
task_20210217/20210217-160537_01(11.0).jpg,760.128,568.728,1454.4,1080.0,MESCHA,1920,1080
task_21-01-2021/2021-01-21-13-57-48.jpg,1190.592,449.4528,1667.328,775.5264,MESBLE,1920,1088
task_05-01-2021/2021-01-05-17-24-46.jpg,189.12,360.672,1011.264,1074.7264,MESBLE,1920,1088
task_20211204_Orlu/2021-12-23-14-51-34.jpg,811.392,542.916,1021.248,704.916,MESNON,1920,1080
task_06-01-2021/2021-01-06-11-51-32.jpg,1323.84,515.0592,1920.0,1088.0,ACCMOU,1920,1088
task_20210615_Lab/2021-06-15-08-31-57.jpg,607.872,163.62,1215.744,491.724,VEREUR,1920,1080
task_20210227/20210227-164951_(5.0).jpg,1188.672,590.3488,1445.376,873.9904,MESCHA,1920,1088
task_2021-03-01_12/20210301-123722_(8.0).jpg,420.672,439.7696,1011.264,721.5616,MESCHA,1920,1088
task_2021_11_03-04_cescau4/2021-11-04-07-32-32.jpg,1203.264,488.808,1428.48,653.724,MESNON,1920,1080
task_2021_11_03-04_cescau4/2021-11-04-08-09-40.jpg,523.968,179.496,930.816,718.308,MESNON,1920,1080
task_20210615_Lab/2021-06-15-10-01-59.jpg,0.0,0.0,1775.04,1080.0,MESCHA,1920,1080
task_20211204_Orlu/2021-12-24-09-37-12.jpg,678.528,521.208,1190.976,749.736,MESBLE,1920,1080
task_2021_11_03-04_cescau4/2021-11-04-06-53-10.jpg,948.48,375.948,1500.48,747.9,PINARB,1920,1080
task_2021_11_03-04_cescau4/2021-11-03-15-41-10.jpg,1591.68,784.404,1920.0,1077.732,MESNON,1920,1080
task_20211204_Orlu/2021-12-23-15-53-11.jpg,512.064,457.164,1065.792,838.62,MESCHA,1920,1080
task_20210611_Lab/2021-06-11-14-51-48.jpg,491.52,257.364,1067.136,540.0,MESCHA,1920,1080
task_20211204_Orlu/2021-12-24-08-26-06.jpg,773.376,515.268,1131.648,782.784,MESBLE,1920,1080
task_2021_11_03-04_cescau4/2021-11-03-11-19-19.jpg,875.904,454.788,1398.336,698.22,MESNON,1920,1080
task_20210525_UPS/20210525-154434_(28.0).jpg,667.776,399.296,1520.64,1086.2592,PIEBAV,1920,1088
task_20210615_Lab/2021-06-15-08-35-03.jpg,1011.456,219.564,1592.64,497.448,MESCHA,1920,1080
task_20210623_balacet/2021-06-23-09-34-17.jpg,1043.904,397.116,1580.352,754.164,ACCMOU,1920,1080
task_2021-03-01_15/20210301-153555_(13.0).jpg,555.84,428.2368,957.12,682.9376,MESCHA,1920,1088
task_20210526_UPS/20210526-185740_(97.0).jpg,609.024,342.8288,1916.16,1088.0,PIEBAV,1920,1088
task_20210611_Lab/2021-06-11-17-04-08.jpg,302.592,212.976,703.488,738.612,MESCHA,1920,1080
task_21-01-2021/2021-01-21-12-10-30.jpg,544.128,254.592,1088.448,640.5056,MESCHA,1920,1088
task_20210611_Lab/2021-06-11-15-34-26.jpg,971.328,826.416,1717.056,1080.0,MESCHA,1920,1080
task_20210227/20210227-172941_(5.0).jpg,1265.856,763.9936,1796.544,1088.0,VEREUR,1920,1088
task_20211204_Orlu/2021-12-23-15-04-23.jpg,1078.848,499.284,1268.736,710.964,MESNON,1920,1080
task_06-01-2021/2021-01-06-11-10-32.jpg,1217.664,464.9024,1920.0,1088.0,MESBLE,1920,1088
task_2021_11_03-04_cescau4/2021-11-04-06-59-28.jpg,1038.72,394.2,1417.728,826.2,PINARB,1920,1080
task_20210616_Lab/2021-06-16-04-38-20.jpg,611.712,217.836,1250.496,552.312,MESCHA,1920,1080
task_20210615_Lab/2021-06-15-14-06-11.jpg,1358.592,264.06,1636.416,613.332,MESCHA,1920,1080
task_20210525_UPS/20210525-184050_(38.0).jpg,237.312,389.9392,1918.464,1088.0,PIEBAV,1920,1088
task_2021-03-01_17/20210301-174627_(13.0).jpg,532.608,478.3936,959.04,737.0112,MESBLE,1920,1088
task_2021-03-01_17/20210301-172539_(13.0).jpg,789.312,418.5536,1040.064,711.8784,MESCHA,1920,1088
task_19-01-2021/2021-01-19-11-44-40.jpg,712.128,129.1456,1182.912,418.5536,MESNON,1920,1088
task_2021-03-01_18/20210301-180222_(10.0).jpg,758.4,447.4944,1320.0,657.9136,MESCHA,1920,1088
task_2021_11_03-04_cescau4/2021-11-04-07-45-41.jpg,491.328,490.644,1070.976,813.456,MESCHA,1920,1080
task_20210624_balacet/2021-06-24-12-52-55.jpg,251.904,334.476,754.368,838.296,MESCHA,1920,1080
task_20211204_Orlu/2021-12-23-13-55-41.jpg,738.432,466.56,1279.488,737.532,MESCHA,1920,1080
task_2021-03-01_08/20210301-085142_(9.0).jpg,696.576,513.1008,1408.704,1014.8864,MESCHA,1920,1088
task_20210612_1_Lab/2021-06-12-06-26-49.jpg,825.984,171.396,1238.784,775.332,MESCHA,1920,1080
task_20210616_Lab/2021-06-16-17-59-50.jpg,981.12,293.436,1196.544,511.596,MESCHA,1920,1080
task_20210228/20210228-141608_(16.0).jpg,494.016,524.7424,740.928,1063.0848,MESCHA,1920,1088
task_20210611_Lab/2021-06-11-16-51-09.jpg,396.48,257.256,1087.104,583.632,MESCHA,1920,1080
task_20210612_1_Lab/2021-06-12-06-24-43.jpg,328.128,254.34,746.88,779.22,MESCHA,1920,1080
task_05-01-2021/2021-01-05-17-08-56.jpg,184.896,234.1376,317.952,423.9936,MESCHA,1920,1088
task_20210615_Lab/2021-06-15-10-33-19.jpg,835.584,308.448,1163.712,688.5,MESCHA,1920,1080
task_20210623_balacet/2021-06-23-12-13-00.jpg,1072.704,279.18,1559.232,610.092,MESCHA,1920,1080
task_19-01-2021/2021-01-19-12-01-19.jpg,418.752,75.072,798.912,507.3344,ROUGOR,1920,1088
task_20210526_UPS/20210526-124527_(15.0).jpg,626.112,246.1056,1918.08,1088.0,PIEBAV,1920,1088
task_20210616_Lab/2021-06-16-05-32-53.jpg,1275.456,826.092,1900.8,1080.0,MESCHA,1920,1080
task_21-01-2021/2021-01-21-12-21-05.jpg,117.696,252.6336,910.848,748.544,MESBLE,1920,1088
task_20210615_Lab/2021-06-15-09-26-52.jpg,885.696,260.172,1511.04,543.78,MESCHA,1920,1080
task_2021-03-01_10/20210301-100447_(8.0).jpg,648.384,370.3552,920.448,765.952,VEREUR,1920,1088
task_2021_11_03-04_cescau4/2021-11-04-07-35-03.jpg,1244.928,426.06,1758.336,676.836,MESNON,1920,1080
task_2021-03-01_13/20210301-134237_(11.0).jpg,654.144,488.0768,1063.296,760.0768,VEREUR,1920,1088
task_19-01-2021/2021-01-19-11-47-10.jpg,1155.84,161.8944,1864.128,563.2576,MESCHA,1920,1088
task_2021-03-01_10/20210301-100315_(8.0).jpg,959.04,457.1776,1454.976,825.6832,VEREUR,1920,1088
task_2021_11_03-04_cescau4/2021-11-03-16-27-18.jpg,1051.968,514.944,1451.136,749.088,MESCHA,1920,1080
task_2021_11_03-04_cescau4/2021-11-03-14-47-52.jpg,1283.136,487.836,1652.16,716.148,SITTOR,1920,1080
task_20211204_Orlu/2021-12-23-14-43-13.jpg,302.592,520.56,839.616,978.804,MESCHA,1920,1080
task_19-01-2021/2021-01-19-12-05-20.jpg,586.56,34.5984,1318.08,517.0176,MESCHA,1920,1088
task_20210227/20210227-113842_(9.0).jpg,1387.392,682.9376,1692.288,1088.0,MESCHA,1920,1088
task_20210616_Lab/2021-06-16-09-09-20.jpg,542.592,294.732,1182.336,818.856,MESCHA,1920,1080
task_20210526_UPS/20210526-085244_(32.0).jpg,827.136,153.1904,1918.08,1088.0,PIEBAV,1920,1088
task_06-01-2021/2021-01-06-11-02-40.jpg,391.68,671.4048,1113.408,1088.0,SITTOR,1920,1088
task_2021_11_03-04_cescau4/2021-11-03-16-19-55.jpg,1305.792,469.152,1561.536,650.268,MESNOI,1920,1080
task_20210217/20210217-140455_07(43.0).jpg,1073.856,214.704,1554.24,777.06,MESCHA,1920,1080
task_20210615_Lab/2021-06-15-13-59-08.jpg,1302.528,250.56,1630.656,721.332,MESCHA,1920,1080
task_2021_11_03-04_cescau4/2021-11-03-14-43-56.jpg,1416.96,477.252,1595.52,654.372,MESNON,1920,1080
task_20210417_UPS/20210417-173543_(9.0).jpg,681.216,609.6064,1186.752,972.3456,MESCHA,1920,1088
task_2021_11_03-04_cescau4/2021-11-03-12-32-01.jpg,584.064,557.712,954.432,1002.996,MESBLE,1920,1080
task_2021-03-01_14/20210301-143839_(10.0).jpg,914.688,493.8432,1213.824,619.2896,MESBLE,1920,1088
task_20211204_Orlu/2021-12-24-10-27-35.jpg,889.536,332.748,1443.072,662.472,MESNON,1920,1080
task_20210228/20210228-150630_(5.0).jpg,1059.456,387.6544,1429.824,717.6448,VEREUR,1920,1088
task_21-01-2021/2021-01-21-13-56-08.jpg,389.76,293.1072,968.64,704.1536,MESNON,1920,1088
task_2021-03-01_15/20210301-150341_(12.0).jpg,542.208,441.728,1099.968,675.2128,MESCHA,1920,1088
task_2021_11_03-04_cescau4/2021-11-04-07-41-02.jpg,1259.712,441.072,1569.792,666.144,MESCHA,1920,1080
task_20210616_Lab/2021-06-16-06-58-00.jpg,963.456,223.128,1358.016,593.46,MESCHA,1920,1080
task_2021-03-01_12/20210301-125243_(6.0).jpg,297.216,497.6512,746.88,1078.5344,MESCHA,1920,1088
task_2021_11_03-04_cescau4/2021-11-04-07-31-11.jpg,847.296,383.4,1138.944,726.516,PINARB,1920,1080
task_21-01-2021/2021-01-21-12-50-39.jpg,746.88,538.2336,1348.8,1039.9104,MESCHA,1920,1088
task_20210615_Lab/2021-06-15-16-14-30.jpg,1006.272,208.008,1372.992,490.86,MESCHA,1920,1080
task_2021_11_03-04_cescau4/2021-11-03-14-02-51.jpg,712.128,501.876,1196.16,736.02,MESCHA,1920,1080
task_20211204_Orlu/2021-12-23-15-19-32.jpg,838.848,437.292,1338.816,697.032,MESBLE,1920,1080
task_2021-03-01_16/20210301-165525_(11.0).jpg,1167.552,765.952,1665.408,1088.0,MESCHA,1920,1088
task_2021_11_03-04_cescau4/2021-11-03-12-23-00.jpg,1363.008,421.2,1836.48,722.736,MESHUP,1920,1080
task_20210615_Lab/2021-06-15-14-08-05.jpg,1360.512,267.84,1655.616,572.724,MESCHA,1920,1080
task_21-01-2021/2021-01-21-13-03-47.jpg,501.696,169.6192,1262.016,694.4704,MESCHA,1920,1088
task_2021-03-01_12/20210301-123635_(5.0).jpg,644.544,478.3936,1088.448,731.136,VEREUR,1920,1088
task_21-01-2021/2021-01-21-12-43-12.jpg,598.272,258.4,881.856,596.1152,MESCHA,1920,1088
task_20210615_Lab/2021-06-15-10-56-49.jpg,1142.4,281.34,1454.976,894.996,MESCHA,1920,1080
task_20210228/20210228-134509_(32.0).jpg,81.024,51.8976,974.592,877.7984,MESCHA,1920,1088
task_21-01-2021/2021-01-21-14-03-21.jpg,901.248,314.432,1335.36,708.0704,MESCHA,1920,1088
task_20210612_1_Lab/2021-06-12-06-07-54.jpg,571.2,298.728,878.016,786.996,MESCHA,1920,1080
task_2021-03-01_07/20210301-075657_(9.0).jpg,1059.456,499.6096,1638.336,1088.0,VEREUR,1920,1088
task_20210612_1_Lab/2021-06-12-05-41-58.jpg,903.168,184.896,1242.816,790.776,MESCHA,1920,1080
task_20211204_Orlu/2021-12-24-08-55-38.jpg,908.928,458.568,1386.432,697.68,MESCHA,1920,1080
task_20210227/20210227-115831_(8.0).jpg,733.248,420.512,1298.688,698.3872,MESCHA,1920,1088
task_20210523_UPS/20210523-190927_(21.0).jpg,518.016,430.0864,1489.344,1088.0,PIEBAV,1920,1088
task_2021-03-01_07/20210301-074452_(9.0).jpg,526.848,497.6512,856.704,735.0528,VEREUR,1920,1088
task_20210228/20210228-163354_(6.0).jpg,1038.144,418.5536,1285.248,737.0112,MESCHA,1920,1088
task_20210616_Lab/2021-06-16-06-46-50.jpg,1402.56,241.38,1660.224,533.52,MESCHA,1920,1080
task_20210705-07_balacet/2021-07-07-07-11-23.jpg,555.072,287.172,893.952,661.068,SITTOR,1920,1080
task_20210616_Lab/2021-06-16-04-47-30.jpg,1176.768,258.984,1702.272,517.104,MESCHA,1920,1080
task_2021_11_03-04_cescau4/2021-11-03-16-14-30.jpg,1223.232,486.324,1562.112,662.688,MESNON,1920,1080
task_20210624_balacet/2021-06-24-12-36-19.jpg,743.04,341.172,1055.616,621.0,ACCMOU,1920,1080
task_05-01-2021/2021-01-05-17-28-07.jpg,1296.768,407.0208,1920.0,841.1328,MESNON,1920,1088
task_20210526_UPS/20210526-124453_(38.0).jpg,870.912,261.2288,1916.16,1086.5856,PIEBAV,1920,1088
task_06-01-2021/2021-01-06-10-51-28.jpg,0.0,671.4048,586.752,1088.0,MESCHA,1920,1088
task_2021_11_03-04_cescau4/2021-11-03-14-07-14.jpg,711.936,459.864,1379.904,816.804,MESCHA,1920,1080
task_06-01-2021/2021-01-06-12-05-53.jpg,252.864,698.3872,1260.096,1088.0,MESBLE,1920,1088
task_20211204_Orlu/2021-12-24-10-48-29.jpg,975.36,437.184,1511.232,811.188,MESCHA,1920,1080
task_20211204_Orlu/2021-12-24-08-04-22.jpg,711.936,525.204,1035.264,718.524,MESCHA,1920,1080
task_20210205/20210205-152032_01(15.0).jpg,810.24,428.004,1392.576,744.876,MESCHA,1920,1080
task_2021_11_03-04_cescau4/2021-11-03-12-18-08.jpg,475.392,421.956,1119.552,794.016,MESCHA,1920,1080
task_20211204_Orlu/2021-12-23-13-23-30.jpg,518.016,368.82,1029.312,607.824,MESBLE,1920,1080
task_20210217/20210217-171410_03(11.0).jpg,923.904,503.928,1612.608,1080.0,MESCHA,1920,1080
task_20210526_UPS/20210526-085652_(15.0).jpg,654.528,388.416,1364.16,1084.6272,PIEBAV,1920,1088
task_20211204_Orlu/2021-12-24-09-00-03.jpg,932.16,528.444,1140.48,709.56,MESCHA,1920,1080
task_21-01-2021/2021-01-21-11-56-22.jpg,173.76,200.5184,1234.944,692.6208,MESCHA,1920,1088
task_20210612_1_Lab/2021-06-12-06-50-12.jpg,1005.312,256.284,1393.152,609.444,MESCHA,1920,1080
task_20210624_balacet/2021-06-24-13-27-10.jpg,1113.408,294.84,1779.264,827.496,MESCHA,1920,1080
task_20210418_UPS/20210418-172207_(10.0).jpg,1062.528,862.6752,1671.552,1084.6272,PIEBAV,1920,1088
task_20210705-07_balacet/2021-07-06-11-33-23.jpg,1112.064,409.752,1462.272,868.104,MESBLE,1920,1080
task_20210526_UPS/20210526-091417_(23.0).jpg,303.552,320.0896,1599.36,1088.0,PIEBAV,1920,1088
task_20210417_UPS/20210417-142905_(11.0).jpg,676.224,575.2256,995.712,1042.9568,MESCHA,1920,1088
task_06-01-2021/2021-01-06-11-57-31.jpg,438.144,572.9408,1144.32,1086.2592,MESCHA,1920,1088
task_06-01-2021/2021-01-06-12-12-47.jpg,1298.688,526.592,1920.0,1074.6176,MESCHA,1920,1088
task_19-01-2021/2021-01-19-10-40-42.jpg,1.92,144.5952,943.68,841.1328,MESCHA,1920,1088
task_2021_11_03-04_cescau4/2021-11-04-08-22-39.jpg,1149.12,462.564,1594.176,682.56,PINARB,1920,1080
task_20210228/20210228-141608_(16.0).jpg,1121.088,534.3168,1518.72,1088.0,VEREUR,1920,1088
task_20210228/20210228-145948_(9.0).jpg,187.2,1.7408,949.44,221.7344,MESBLE,1920,1088
task_2021-03-01_10/20210301-100302_(7.0).jpg,1115.328,435.9616,1605.504,727.328,VEREUR,1920,1088
task_2021-03-01_16/20210301-161536_(15.0).jpg,457.344,453.2608,908.928,644.3136,MESCHA,1920,1088
task_2021-03-01_15/20210301-155306_(7.0).jpg,270.144,474.5856,748.8,1047.6352,MESCHA,1920,1088
task_2021-03-01_14/20210301-143940_(10.0).jpg,966.72,619.2896,1379.712,1088.0,MESCHA,1920,1088
task_2021-03-01_09/20210301-095246_(9.0).jpg,414.912,347.1808,806.592,756.2688,PINARB,1920,1088
task_20211204_Orlu/2021-12-24-07-29-20.jpg,614.016,490.86,1098.816,723.708,MESCHA,1920,1080
task_2021-03-01_13/20210301-134223_(11.0).jpg,559.68,526.592,1200.192,775.5264,VEREUR,1920,1088
task_20210217/20210217-174314_04(11.0).jpg,92.928,1.188,1775.808,1080.0,TOUTUR,1920,1080
task_06-01-2021/2021-01-06-11-35-58.jpg,1244.736,611.5648,1744.512,1088.0,SITTOR,1920,1088
task_2021-03-01_13/20210301-135554_(13.0).jpg,648.384,403.104,924.288,810.3424,VEREUR,1920,1088
task_20210526_UPS/20210526-150027_(61.0).jpg,857.664,8.9216,1916.16,1088.0,PIEBAV,1920,1088
task_20210615_Lab/2021-06-15-13-49-29.jpg,1070.976,244.728,1505.088,576.612,MESBLE,1920,1080
task_20210414/20210414-111008_(5.0).jpg,1007.232,704.1536,1250.496,902.9312,MESCHA,1920,1088
task_19-01-2021/2021-01-19-11-02-55.jpg,0.0,46.1312,673.536,472.6272,MESCHA,1920,1088
task_05-01-2021/2021-01-05-16-55-47.jpg,1362.432,298.9824,1887.168,966.5792,MESBLE,1920,1088
task_20210615_Lab/2021-06-15-10-02-14.jpg,1285.248,283.284,1808.064,651.888,MESCHA,1920,1080
task_2021-03-01_09/20210301-090017_(10.0).jpg,1227.264,482.3104,1458.816,885.5232,MESCHA,1920,1088
task_2021-03-01_17/20210301-175827_(14.0).jpg,420.672,443.6864,1084.416,754.3104,MESCHA,1920,1088
task_2021-03-01_11/20210301-112932_(8.0).jpg,663.936,443.6864,1182.912,669.4464,MESCHA,1920,1088
task_2021-03-01_11/20210301-115542_(21.0).jpg,939.84,590.3488,1592.064,1088.0,MESCHA,1920,1088
task_20210217/20210217-134328_06(18.0).jpg,170.112,256.068,666.624,637.74,VEREUR,1920,1080
task_20210526_UPS/20210526-085417_(25.0).jpg,717.12,268.8448,1428.672,1088.0,PIEBAV,1920,1088
task_20211204_Orlu/2021-12-24-08-23-40.jpg,1053.888,497.448,1303.872,713.448,MESCHA,1920,1080
task_21-01-2021/2021-01-21-13-20-28.jpg,959.04,630.8224,1397.184,1088.0,MESCHA,1920,1088
task_20210525_UPS/20210525-172437_(18.0).jpg,710.016,320.0896,1777.536,1088.0,PIEBAV,1920,1088
task_2021-03-01_09/20210301-091030_(8.0).jpg,903.168,416.704,1323.84,694.4704,VEREUR,1920,1088
task_2021-03-01_13/20210301-134614_(12.0).jpg,600.192,374.1632,1103.808,760.0768,VEREUR,1920,1088
task_2021_11_03-04_cescau4/2021-11-04-07-17-17.jpg,1442.112,442.908,1907.136,795.744,MESCHA,1920,1080
task_2021_11_03-04_cescau4/2021-11-03-14-59-04.jpg,818.88,665.712,1125.888,1080.0,MESCHA,1920,1080
task_20210227/20210227-151602_(14.0).jpg,843.264,621.1392,1404.864,1088.0,MESCHA,1920,1088
task_20210612_1_Lab/2021-06-12-06-10-03.jpg,719.808,294.948,1167.552,474.336,MESCHA,1920,1080
task_20210615_Lab/2021-06-15-08-31-39.jpg,1134.72,202.284,1487.808,528.336,MESCHA,1920,1080
task_20210227/20210227-170433_(5.0).jpg,1024.704,327.9232,1520.64,754.3104,VEREUR,1920,1088
task_2021-03-01_10/20210301-100419_(10.0).jpg,862.656,370.3552,1092.288,762.0352,VEREUR,1920,1088
task_20210228/20210228-125255_(7.0).jpg,1283.328,453.2608,1634.496,1082.3424,MESCHA,1920,1088
task_2021-03-01_17/20210301-174844_(6.0).jpg,343.488,399.296,769.92,785.2096,MESBLE,1920,1088
task_20210612_1_Lab/2021-06-12-06-11-57.jpg,632.448,232.2,843.648,474.012,MESCHA,1920,1080
task_20210523_UPS/20210523-174155_(69.0).jpg,347.136,149.3824,1918.08,1088.0,PIEBAV,1920,1088
task_20210525_UPS/20210525-135155_(30.0).jpg,264.0,335.7568,1919.616,1088.0,PIEBAV,1920,1088
task_20210611_Lab/2021-06-11-18-50-47.jpg,416.64,308.016,1041.984,740.232,MESCHA,1920,1080
task_20210615_Lab/2021-06-15-11-00-48.jpg,1208.064,333.504,1752.192,676.944,MESCHA,1920,1080
task_2021-03-01_12/20210301-125219_(6.0).jpg,1018.944,466.8608,1487.808,708.0704,MESCHA,1920,1088
task_2021_11_03-04_cescau4/2021-11-03-16-20-43.jpg,1019.328,487.296,1426.944,661.608,MESNOI,1920,1080
task_06-01-2021/2021-01-06-11-28-28.jpg,656.064,655.9552,1053.696,1078.5344,MESCHA,1920,1088
task_2021-03-01_11/20210301-115558_(7.0).jpg,474.816,439.7696,1017.024,742.7776,MESCHA,1920,1088
task_20210205/20210205-145838_04(28.0).jpg,480.0,388.26,1013.184,743.04,MESCHA,1920,1080
task_21-01-2021/2021-01-21-13-01-30.jpg,1070.976,366.4384,1478.208,821.8752,MESCHA,1920,1088
task_20210526_UPS/20210526-070729_(37.0).jpg,1035.84,26.0032,1842.24,1088.0,PIEBAV,1920,1088
task_20210227/20210227-163902_(9.0).jpg,1032.384,472.6272,1153.92,706.112,MESCHA,1920,1088
task_20210616_Lab/2021-06-16-06-41-45.jpg,520.512,187.704,1165.632,501.984,VEREUR,1920,1080
task_21-01-2021/2021-01-21-11-57-20.jpg,0.0,194.752,538.368,775.6352,MESNON,1920,1088
task_20210611_Lab/2021-06-11-17-01-08.jpg,874.944,310.608,1588.032,659.88,MESCHA,1920,1080
task_2021_11_03-04_cescau4/2021-11-03-14-01-22.jpg,1465.92,569.7,1758.144,1075.68,MESCHA,1920,1080
task_20210228/20210228-152412_(12.0).jpg,544.128,669.4464,1449.216,1088.0,MESCHA,1920,1088
task_2021_11_03-04_cescau4/2021-11-03-16-19-31.jpg,1276.8,631.584,1891.584,1080.0,SITTOR,1920,1080
task_2021-03-01_12/20210301-125504_(10.0).jpg,648.384,505.376,818.304,665.5296,MESBLE,1920,1088
task_05-01-2021/2021-01-05-16-21-53.jpg,982.272,434.0032,1561.152,1088.0,SITTOR,1920,1088
task_19-01-2021/2021-01-19-11-47-02.jpg,1418.304,38.4064,1916.16,615.3728,MESCHA,1920,1088
task_20210227/20210227-113640_(5.0).jpg,1088.448,680.9792,1387.392,1086.2592,VEREUR,1920,1088
task_20211204_Orlu/2021-12-24-09-03-45.jpg,971.328,527.688,1660.032,1067.688,MESCHA,1920,1080
task_20210615_Lab/2021-06-15-10-03-13.jpg,727.488,221.508,1289.088,451.224,MESCHA,1920,1080
task_20210615_Lab/2021-06-15-13-32-53.jpg,982.272,188.784,1227.264,507.168,MESCHA,1920,1080
task_2021-03-01_09/20210301-095528_(7.0).jpg,169.92,489.9264,839.424,870.0736,MESCHA,1920,1088
task_21-01-2021/2021-01-21-11-59-06.jpg,407.232,223.6928,773.76,594.1568,MESCHA,1920,1088
task_19-01-2021/2021-01-19-12-01-05.jpg,922.368,3.6992,1541.76,553.6832,ROUGOR,1920,1088
task_2021_11_03-04_cescau4/2021-11-04-08-07-30.jpg,1057.728,360.936,1563.648,651.888,MESCHA,1920,1080
task_20210227/20210227-162146_(5.0).jpg,1018.944,580.6656,1343.04,825.6832,MESCHA,1920,1088
task_2021_11_03-04_cescau4/2021-11-03-11-25-23.jpg,1478.4,439.128,1752.0,702.432,MESNON,1920,1080
task_05-01-2021/2021-01-05-17-03-12.jpg,1023.744,350.5536,1857.024,845.7024,MESCHA,1920,1088
task_20210227/20210227-121057_(8.0).jpg,739.008,468.7104,959.04,748.544,PINARB,1920,1088
task_20211204_Orlu/2021-12-24-09-16-12.jpg,1195.392,500.04,1469.376,833.976,SITTOR,1920,1080
task_20211204_Orlu/2021-12-23-15-28-52.jpg,1266.816,424.764,1890.624,823.716,MESCHA,1920,1080
task_2021_11_03-04_cescau4/2021-11-04-07-44-50.jpg,1062.336,372.6,1424.64,838.188,PINARB,1920,1080
task_05-01-2021/2021-01-05-16-23-03.jpg,740.928,553.6832,1323.84,1088.0,SITTOR,1920,1088
task_2021_11_03-04_cescau4/2021-11-04-07-21-37.jpg,1375.872,941.544,1660.416,1080.0,MESNON,1920,1080
task_2021-03-01_17/20210301-175022_(6.0).jpg,717.888,437.92,1179.072,601.8816,MESCHA,1920,1088
task_2021-03-01_11/20210301-115032_(7.0).jpg,962.88,671.4048,1406.784,1086.2592,MESCHA,1920,1088
task_2021-03-01_15/20210301-150604_(14.0).jpg,424.512,464.9024,1105.728,814.1504,MESCHA,1920,1088
task_20210415_UPS/20210415-111304_(6.0).jpg,351.168,653.9968,887.616,1010.9696,MESCHA,1920,1088
task_20210624_balacet/2021-06-24-12-12-40.jpg,964.8,362.448,1323.84,813.996,MESCHA,1920,1080
task_20210205/20210205-164849_01(16.0).jpg,584.448,373.032,1128.96,771.444,MESCHA,1920,1080
task_20210611_Lab/2021-06-11-15-29-02.jpg,261.888,268.704,760.896,604.476,MESCHA,1920,1080
task_19-01-2021/2021-01-19-11-13-11.jpg,1391.232,169.6192,1918.08,586.432,MESCHA,1920,1088
task_20210217/20210217-173107_01(28.0).jpg,1034.112,401.544,1430.592,1080.0,MESCHA,1920,1080
task_05-01-2021/2021-01-05-17-17-50.jpg,3.84,696.1024,716.16,1088.0,MESBLE,1920,1088
task_20211204_Orlu/2021-12-23-13-35-28.jpg,1181.76,445.932,1385.088,788.076,MESCHA,1920,1080
task_20210611_Lab/2021-06-11-13-44-43.jpg,853.824,223.128,1510.272,532.44,MESCHA,1920,1080
task_2021-03-01_16/20210301-160746_(10.0).jpg,565.44,430.1952,1022.784,708.0704,MESCHA,1920,1088
task_20210615_Lab/2021-06-15-10-39-49.jpg,1420.416,283.068,1708.416,616.68,MESCHA,1920,1080
task_20210419_UPS/20210419-103026_(5.0).jpg,844.224,1004.9856,965.76,1088.0,MESCHA,1920,1088
task_18-01-2021/2021-01-18-13-49-09.jpg,223.872,570.9824,1007.232,972.3456,MESBLE,1920,1088
task_2021-03-01_10/20210301-103201_(8.0).jpg,324.288,391.5712,962.88,727.328,PINARB,1920,1088
task_19-01-2021/2021-01-19-12-24-01.jpg,1717.44,325.9648,1916.16,667.488,MESNON,1920,1088
task_2021_11_03-04_cescau4/2021-11-04-07-37-46.jpg,1389.12,334.368,1590.72,675.972,MESCHA,1920,1080
task_20210616_Lab/2021-06-16-09-12-14.jpg,1056.384,992.736,1626.24,1080.0,MESCHA,1920,1080
task_21-01-2021/2021-01-21-12-36-30.jpg,416.832,291.2576,966.72,628.864,MESCHA,1920,1088
task_19-01-2021/2021-01-19-11-12-11.jpg,640.704,131.104,1603.584,665.5296,MESCHA,1920,1088
task_20210611_Lab/2021-06-11-15-08-09.jpg,1075.776,321.84,1329.984,621.54,MESBLE,1920,1080
task_2021_11_03-04_cescau4/2021-11-03-11-47-52.jpg,1173.696,439.776,1606.848,649.62,MESNOI,1920,1080
task_2021_11_03-04_cescau4/2021-11-03-11-48-37.jpg,801.6,491.508,1323.072,727.164,MESHUP,1920,1080
task_20210205/20210205-122255_08(21.0).jpg,798.528,324.216,1513.92,779.652,VEREUR,1920,1080
task_21-01-2021/2021-01-21-12-11-55.jpg,827.904,250.6752,1520.64,640.5056,MESCHA,1920,1088
task_05-01-2021/2021-01-05-16-48-07.jpg,1576.512,0.0,1918.08,264.1664,MESCHA,1920,1088
task_20211204_Orlu/2021-12-24-07-31-23.jpg,1380.096,561.168,1685.952,875.664,MESCHA,1920,1080
task_19-01-2021/2021-01-19-10-42-22.jpg,1424.064,233.376,1918.08,856.5824,ROUGOR,1920,1088
task_19-01-2021/2021-01-19-11-15-56.jpg,1.92,179.3024,835.584,673.2544,MESCHA,1920,1088
task_20210217/20210217-150041_01(12.0).jpg,959.04,565.488,1584.0,1079.028,MESCHA,1920,1080
task_20210624_balacet/2021-06-24-10-20-35.jpg,845.184,233.172,1067.136,615.168,MESCHA,1920,1080
task_20210615_Lab/2021-06-15-11-00-54.jpg,412.992,175.284,1032.384,619.056,MESCHA,1920,1080
task_20210418_UPS/20210418-111030_(6.0).jpg,906.816,587.6288,1312.896,986.0544,MESCHA,1920,1088
task_20210227/20210227-142041_(10.0).jpg,891.456,428.2368,1138.56,727.328,MESCHA,1920,1088
task_2021_11_03-04_cescau4/2021-11-03-12-00-42.jpg,1048.128,443.34,1575.744,678.78,SITTOR,1920,1080
task_05-01-2021/2021-01-05-16-45-41.jpg,177.6,194.752,316.416,441.728,ROUGOR,1920,1088
task_2021-03-01_13/20210301-135836_(11.0).jpg,972.672,391.5712,1375.872,667.488,VEREUR,1920,1088
task_2021-03-01_12/20210301-124835_(8.0).jpg,250.944,462.944,870.336,810.3424,MESCHA,1920,1088
task_20211204_Orlu/2021-12-23-15-28-15.jpg,866.112,482.004,1637.376,882.252,MESCHA,1920,1080
task_2021-03-01_11/20210301-112434_(8.0).jpg,212.352,416.704,798.912,962.7712,MESCHA,1920,1088
task_20210523_UPS/20210523-181857_(17.0).jpg,572.928,356.1024,1087.104,1077.12,PIEBAV,1920,1088
task_2021_11_03-04_cescau4/2021-11-03-09-18-59.jpg,829.824,429.084,1266.432,731.484,SITTOR,1920,1080
task_20210616_Lab/2021-06-16-04-39-40.jpg,1370.688,723.384,1784.064,1080.0,MESCHA,1920,1080
task_20210705-07_balacet/2021-07-06-10-26-49.jpg,328.128,432.432,965.376,660.42,MESNON,1920,1080
task_21-01-2021/2021-01-21-12-46-49.jpg,719.808,285.3824,1115.328,872.032,MESCHA,1920,1088
task_2021-03-01_12/20210301-124355_(8.0).jpg,233.472,453.2608,908.928,767.8016,MESCHA,1920,1088
task_05-01-2021/2021-01-05-16-47-19.jpg,1499.328,567.1744,1898.88,1043.8272,MESCHA,1920,1088
task_2021_11_03-04_cescau4/2021-11-04-07-30-58.jpg,1017.792,490.752,1176.192,685.152,MESNON,1920,1080
task_20210616_Lab/2021-06-16-09-17-57.jpg,913.344,230.58,1310.016,493.02,VEREUR,1920,1080
task_20210217/20210217-171614_05(18.0).jpg,798.72,834.084,1825.152,1080.0,MESCHA,1920,1080
task_20210705-07_balacet/2021-07-06-12-50-17.jpg,601.344,279.504,960.0,785.376,ROUGOR,1920,1080
task_2021-03-01_15/20210301-154252_(9.0).jpg,196.8,445.536,754.56,924.1472,MESCHA,1920,1088
task_20210616_Lab/2021-06-16-18-05-33.jpg,1197.312,622.62,1814.592,1080.0,MESCHA,1920,1080
task_20210615_Lab/2021-06-15-08-31-01.jpg,1128.96,175.284,1767.552,597.888,MESCHA,1920,1080
task_2021_11_03-04_cescau4/2021-11-04-07-17-28.jpg,1310.4,393.984,1604.352,658.908,MESHUP,1920,1080
task_20210217/20210217-130644_01(18.0).jpg,461.376,270.972,1607.424,1080.0,MESCHA,1920,1080
task_21-01-2021/2021-01-21-12-10-39.jpg,1320.0,3.6992,1920.0,547.808,MESCHA,1920,1088
task_20210611_Lab/2021-06-11-15-11-50.jpg,614.784,206.064,1153.536,477.36,MESCHA,1920,1080
task_20211204_Orlu/2021-12-23-16-05-02.jpg,1320.0,462.996,1756.032,879.012,MESCHA,1920,1080
task_2021_11_03-04_cescau4/2021-11-04-07-05-10.jpg,926.4,447.984,1454.976,764.748,PINARB,1920,1080
task_05-01-2021/2021-01-05-16-06-25.jpg,1181.376,684.896,1920.0,1088.0,MESBLE,1920,1088
task_20210612_1_Lab/2021-06-12-05-11-56.jpg,764.16,150.12,1153.92,794.664,MESCHA,1920,1080
task_20211204_Orlu/2021-12-24-09-28-53.jpg,118.08,410.076,895.68,731.484,MESCHA,1920,1080
task_2021_11_03-04_cescau4/2021-11-04-07-34-51.jpg,843.84,2.16,1917.888,1080.0,MESCHA,1920,1080
task_2021_11_03-04_cescau4/2021-11-03-15-19-12.jpg,883.968,448.632,1267.2,711.72,MESNOI,1920,1080
task_20211204_Orlu/2021-12-24-10-12-37.jpg,1009.152,471.744,1299.648,739.692,MESNOI,1920,1080
task_20211204_Orlu/2021-12-24-10-55-11.jpg,802.752,477.36,1282.752,791.316,MESCHA,1920,1080
task_20210228/20210228-131846_(5.0).jpg,1196.352,746.5856,1694.208,1088.0,MESCHA,1920,1088
task_20210418_UPS/20210418-124247_(8.0).jpg,462.912,642.5728,998.016,908.2624,MESCHA,1920,1088
task_2021-03-01_17/20210301-170300_(12.0).jpg,1335.36,696.4288,1914.24,1088.0,MESCHA,1920,1088
task_2021_11_03-04_cescau4/2021-11-03-13-27-24.jpg,1217.28,473.364,1557.504,655.344,MESNOI,1920,1080
task_2021_11_03-04_cescau4/2021-11-03-13-23-55.jpg,631.488,4.428,1920.0,1080.0,MESCHA,1920,1080
task_2021-03-01_14/20210301-141323_(11.0).jpg,930.048,389.6128,1161.6,698.3872,MESCHA,1920,1088
task_21-01-2021/2021-01-21-12-01-35.jpg,476.736,173.536,806.592,623.0976,MESCHA,1920,1088
task_20210611_Lab/2021-06-11-13-58-02.jpg,455.424,204.12,1100.352,581.688,MESCHA,1920,1080
task_20211204_Orlu/2021-12-24-09-19-55.jpg,909.504,477.9,1336.704,1080.0,MESCHA,1920,1080
task_2021-03-01_17/20210301-175505_(11.0).jpg,117.696,476.4352,785.472,825.792,MESCHA,1920,1088
task_20211204_Orlu/2021-12-23-15-08-02.jpg,890.88,488.268,1728.576,1080.0,MESCHA,1920,1080
task_2021_11_03-04_cescau4/2021-11-03-11-04-47.jpg,598.08,477.792,1094.592,784.728,MESNON,1920,1080
task_20210616_Lab/2021-06-16-18-09-15.jpg,1276.224,279.936,1717.056,543.456,MESCHA,1920,1080
task_20210623_balacet/2021-06-23-09-28-56.jpg,978.432,354.672,1397.184,588.168,MESCHA,1920,1080
task_05-01-2021/2021-01-05-17-14-41.jpg,1069.056,449.4528,1707.84,814.1504,ACCMOU,1920,1088
task_20210227/20210227-171234_(9.0).jpg,675.456,513.1008,1242.816,843.0912,PINARB,1920,1088
task_2021-03-01_09/20210301-090941_(14.0).jpg,1171.392,401.2544,1401.024,731.136,VEREUR,1920,1088
task_20210615_Lab/2021-06-15-09-23-04.jpg,1001.472,246.672,1692.288,507.168,MESCHA,1920,1080
task_05-01-2021/2021-01-05-16-44-43.jpg,1307.712,494.9312,1911.744,974.0864,MESBLE,1920,1088
task_20210615_Lab/2021-06-15-09-08-50.jpg,1003.584,235.332,1514.112,459.108,MESCHA,1920,1080
task_20210526_UPS/20210526-150040_(29.0).jpg,834.816,278.3104,1916.16,1088.0,PIEBAV,1920,1088
task_2021-03-01_13/20210301-135436_(13.0).jpg,673.536,497.6512,934.08,762.0352,VEREUR,1920,1088
task_2021-03-01_13/20210301-135350_(18.0).jpg,976.512,488.0768,1356.672,711.8784,VEREUR,1920,1088
task_21-01-2021/2021-01-21-12-51-40.jpg,1028.544,474.5856,1765.632,1084.3008,MESCHA,1920,1088
task_2021-03-01_09/20210301-090737_(9.0).jpg,862.656,443.6864,1196.352,636.5888,MOIDOM,1920,1088
task_18-01-2021/2021-01-18-14-31-15.jpg,108.096,598.0736,657.984,1088.0,MESNON,1920,1088
task_2021_11_03-04_cescau4/2021-11-04-08-20-35.jpg,1186.56,464.94,1513.152,674.892,PINARB,1920,1080
task_19-01-2021/2021-01-19-11-07-11.jpg,1.92,188.9856,723.648,634.7392,MESNON,1920,1088
task_18-01-2021/2021-01-18-14-32-03.jpg,424.512,356.864,957.12,785.2096,MESCHA,1920,1088
task_2021-03-01_11/20210301-115206_(5.0).jpg,783.552,457.1776,1238.784,659.7632,PINARB,1920,1088
task_2021-03-01_09/20210301-090646_(7.0).jpg,733.248,441.728,1267.776,671.4048,VEREUR,1920,1088
task_20210611_Lab/2021-06-11-15-53-11.jpg,297.024,241.92,391.872,336.42,MESCHA,1920,1080
task_20210705-07_balacet/2021-07-06-14-57-24.jpg,792.96,470.664,1323.456,907.524,MESNON,1920,1080
task_20210525_UPS/20210525-154357_(19.0).jpg,322.368,430.1952,912.768,1086.2592,PIEBAV,1920,1088
task_20210615_Lab/2021-06-15-10-45-44.jpg,1213.824,456.948,1916.16,1033.992,MESCHA,1920,1080
task_18-01-2021/2021-01-18-14-31-43.jpg,1036.224,136.8704,1412.544,621.1392,MESCHA,1920,1088
task_20210624_balacet/2021-06-24-10-54-38.jpg,1124.928,364.392,1657.536,804.276,ACCMOU,1920,1080
task_20210624_balacet/2021-06-24-05-57-16.jpg,1246.656,325.728,1655.616,748.332,MESCHA,1920,1080
task_21-01-2021/2021-01-21-14-44-07.jpg,326.208,173.536,1206.144,682.9376,MESCHA,1920,1088
task_2021-03-01_10/20210301-102908_(10.0).jpg,144.768,393.5296,860.736,816.1088,PINARB,1920,1088
task_05-01-2021/2021-01-05-17-22-46.jpg,519.168,447.4944,1236.864,1088.0,MESCHA,1920,1088
task_20210615_Lab/2021-06-15-16-19-07.jpg,1136.64,235.116,1563.072,717.444,MESCHA,1920,1080
task_20210205/20210205-144948_06(85.0).jpg,233.472,424.224,929.664,1078.812,MESCHA,1920,1080
task_2021_11_03-04_cescau4/2021-11-03-11-49-18.jpg,1418.88,489.888,1628.544,674.028,MESCHA,1920,1080
task_20210615_Lab/2021-06-15-10-33-23.jpg,1213.824,223.452,1626.816,555.336,MESCHA,1920,1080
task_20210611_Lab/2021-06-11-15-55-49.jpg,1069.056,258.228,1779.264,659.556,MESCHA,1920,1080
task_20210616_Lab/2021-06-16-09-19-04.jpg,1237.824,219.456,1678.464,533.952,MESCHA,1920,1080
task_2021_11_03-04_cescau4/2021-11-04-08-27-14.jpg,1121.664,435.24,1364.736,752.652,PINARB,1920,1080
task_05-01-2021/2021-01-05-16-12-51.jpg,1209.984,497.6512,1920.0,1078.5344,MESCHA,1920,1088
task_2021-03-01_11/20210301-110934_(5.0).jpg,1061.376,424.32,1302.528,653.9968,MESCHA,1920,1088
task_2021_11_03-04_cescau4/2021-11-04-07-31-06.jpg,1209.216,509.652,1494.72,735.156,SITTOR,1920,1080
task_2021_11_03-04_cescau4/2021-11-03-14-30-56.jpg,1247.232,477.252,1543.104,642.492,MESNON,1920,1080
task_2021_11_03-04_cescau4/2021-11-03-11-47-48.jpg,782.592,516.996,1005.888,982.584,MESBLE,1920,1080
task_20210526_UPS/20210526-085441_(29.0).jpg,349.056,346.6368,1297.728,1084.6272,PIEBAV,1920,1088
task_05-01-2021/2021-01-05-16-47-52.jpg,717.888,160.0448,1144.32,416.704,MESCHA,1920,1088
task_20211204_Orlu/2021-12-23-15-07-11.jpg,1264.128,465.48,1920.0,873.936,MESCHA,1920,1080
task_2021_11_03-04_cescau4/2021-11-04-06-58-26.jpg,848.832,371.304,1217.088,701.244,MESHUP,1920,1080
task_20210611_Lab/2021-06-11-13-57-39.jpg,438.336,299.052,1305.408,708.804,MESCHA,1920,1080
task_2021_11_03-04_cescau4/2021-11-04-08-26-53.jpg,997.824,381.456,1660.032,761.616,PINARB,1920,1080
task_2021-03-01_17/20210301-175221_(5.0).jpg,1352.832,875.9488,1916.16,1088.0,MESCHA,1920,1088
task_2021_11_03-04_cescau4/2021-11-03-14-27-06.jpg,554.304,464.508,1007.616,756.108,MESNON,1920,1080
task_21-01-2021/2021-01-21-12-40-47.jpg,706.368,551.7248,1422.144,1088.0,MESCHA,1920,1088
task_20210615_Lab/2021-06-15-16-10-47.jpg,710.208,429.948,1512.96,1080.0,MESCHA,1920,1080
task_2021-03-01_15/20210301-155057_(14.0).jpg,1055.616,397.3376,1277.376,690.6624,MESCHA,1920,1088
task_21-01-2021/2021-01-21-13-24-50.jpg,432.192,241.1008,789.312,640.5056,MESCHA,1920,1088
task_2021_11_03-04_cescau4/2021-11-03-11-59-32.jpg,946.368,465.588,1406.592,699.732,SITTOR,1920,1080
task_20210523_UPS/20210523-192223_(44.0).jpg,478.08,361.8688,1914.432,1086.5856,PIEBAV,1920,1088
task_2021-03-01_10/20210301-103824_(8.0).jpg,521.088,352.9472,1045.824,692.6208,VEREUR,1920,1088
task_2021_11_03-04_cescau4/2021-11-04-07-32-46.jpg,839.808,364.176,1235.904,744.228,PINARB,1920,1080
task_05-01-2021/2021-01-05-16-51-33.jpg,837.504,505.376,1908.48,1080.4928,MESCHA,1920,1088
task_20210616_Lab/2021-06-16-09-18-19.jpg,1143.168,301.32,1616.832,781.596,MESCHA,1920,1080
task_MOIDOM_ODJ/572.jpeg,144.4266,129.69,618.0,450.0,MOIDOM,618,450
task_20211204_Orlu/2021-12-23-14-25-16.jpg,1068.096,493.776,1765.056,814.212,MESCHA,1920,1080
task_06-01-2021/2021-01-06-11-32-15.jpg,989.952,698.3872,1572.672,1024.4608,SITTOR,1920,1088
task_19-01-2021/2021-01-19-12-25-24.jpg,719.808,92.48,1495.488,530.5088,MESCHA,1920,1088
task_20211204_Orlu/2021-12-24-08-08-37.jpg,1041.024,504.036,1296.576,725.544,MESCHA,1920,1080
task_20211204_Orlu/2021-12-23-14-26-45.jpg,1106.88,442.044,1671.936,790.02,MESCHA,1920,1080
task_2021-03-01_12/20210301-123622_(6.0).jpg,640.704,499.6096,1152.0,735.0528,VEREUR,1920,1088
task_2021-03-01_08/20210301-085250_(6.0).jpg,359.04,432.0448,766.08,995.52,MESCHA,1920,1088
task_20210417_UPS/20210417-153914_(5.0).jpg,1014.528,807.9488,1375.68,1085.824,MESCHA,1920,1088
task_20210413_UPS/20210413-091550_(5.0).jpg,586.944,637.024,938.496,817.632,MESCHA,1920,1088
task_20210616_Lab/2021-06-16-18-00-33.jpg,1227.072,518.184,1507.2,1080.0,MESCHA,1920,1080
task_21-01-2021/2021-01-21-12-17-22.jpg,339.648,214.0096,1123.008,599.9232,MESBLE,1920,1088
task_20210615_Lab/2021-06-15-10-39-00.jpg,1112.448,255.852,1724.736,467.532,MESCHA,1920,1080
task_2021_11_03-04_cescau4/2021-11-03-12-50-15.jpg,963.456,478.224,1613.952,738.396,MESCHA,1920,1080
task_21-01-2021/2021-01-21-13-56-18.jpg,787.392,362.6304,1318.08,821.8752,MESBLE,1920,1088
task_20210612_1_Lab/2021-06-12-04-59-56.jpg,1069.056,248.616,1443.456,597.888,MESCHA,1920,1080
task_19-01-2021/2021-01-19-13-35-42.jpg,401.472,46.24,731.328,487.968,MESBLE,1920,1088
task_2021_11_03-04_cescau4/2021-11-03-15-06-01.jpg,1224.384,468.936,1508.544,670.572,MESCHA,1920,1080
task_21-01-2021/2021-01-21-14-12-28.jpg,187.2,212.16,688.896,627.0144,MESNON,1920,1088
task_2021_11_03-04_cescau4/2021-11-04-08-18-21.jpg,996.096,434.916,1638.144,767.88,PINARB,1920,1080
task_20210526_UPS/20210526-085410_(26.0).jpg,776.064,380.8,1790.976,1088.0,PIEBAV,1920,1088
task_20211204_Orlu/2021-12-24-07-53-27.jpg,1519.872,625.104,1861.824,1080.0,SITTOR,1920,1080
task_20210616_Lab/2021-06-16-04-35-54.jpg,1220.736,281.124,1722.816,1062.72,MESCHA,1920,1080
task_20210611_Lab/2021-06-11-15-12-37.jpg,1044.672,195.156,1718.976,614.628,MESCHA,1920,1080
task_18-01-2021/2021-01-18-14-33-30.jpg,1360.512,478.3936,1852.416,968.5376,MESCHA,1920,1088
task_05-01-2021/2021-01-05-16-09-31.jpg,1283.328,287.3408,1920.0,1078.5344,SITTOR,1920,1088
task_20210611_Lab/2021-06-11-15-32-01.jpg,787.392,329.4,1052.928,672.84,MESCHA,1920,1080
task_2021-03-01_12/20210301-123341_(14.0).jpg,490.176,466.8608,787.392,740.8192,MESCHA,1920,1088
task_2021-03-01_17/20210301-174116_(11.0).jpg,810.432,370.3552,1188.672,638.5472,MESCHA,1920,1088
task_20210615_Lab/2021-06-15-08-33-18.jpg,843.264,202.284,1337.28,476.28,VEREUR,1920,1080
task_20211204_Orlu/2021-12-23-14-12-00.jpg,480.384,461.268,1069.248,730.836,MESCHA,1920,1080
task_20210523_UPS/20210523-173845_(16.0).jpg,518.016,384.608,1018.944,1082.7776,PIEBAV,1920,1088
task_2021-03-01_15/20210301-150449_(15.0).jpg,702.336,434.0032,920.448,667.488,MESCHA,1920,1088
task_18-01-2021/2021-01-18-14-14-12.jpg,378.24,358.7136,1223.424,740.8192,MESCHA,1920,1088
task_20210616_Lab/2021-06-16-18-05-51.jpg,979.776,440.208,1439.808,1078.704,MESCHA,1920,1080
task_20210615_Lab/2021-06-15-16-18-25.jpg,957.12,202.284,1541.76,487.836,MESCHA,1920,1080
task_2021_11_03-04_cescau4/2021-11-04-07-48-58.jpg,1514.112,433.944,1920.0,831.06,MESCHA,1920,1080
task_2021-03-01_16/20210301-161335_(9.0).jpg,32.832,9.4656,457.344,223.6928,MESCHA,1920,1088
task_2021-03-01_10/20210301-100523_(6.0).jpg,1225.344,360.672,1852.416,843.0912,VEREUR,1920,1088
task_19-01-2021/2021-01-19-11-46-31.jpg,192.96,82.7968,897.408,534.3168,MESCHA,1920,1088
task_2021-03-01_14/20210301-144657_(19.0).jpg,966.72,343.3728,1401.024,679.1296,VEREUR,1920,1088
task_21-01-2021/2021-01-21-14-05-58.jpg,536.448,210.2016,1321.92,708.0704,MESNON,1920,1088
task_2021-03-01_08/20210301-085553_(9.0).jpg,441.984,443.6864,1115.328,794.8928,VEREUR,1920,1088
task_20210623_balacet/2021-06-23-13-10-26.jpg,1078.656,343.116,1296.768,584.388,MESCHA,1920,1080
task_20210227/20210227-121050_(5.0).jpg,926.208,727.328,1339.2,1088.0,MESCHA,1920,1088
task_05-01-2021/2021-01-05-16-58-25.jpg,1319.808,534.4256,1920.0,1020.6528,MESCHA,1920,1088
task_20211204_Orlu/2021-12-23-13-25-27.jpg,446.976,492.048,898.944,789.048,MESCHA,1920,1080
task_20210612_1_Lab/2021-06-12-06-33-51.jpg,854.784,235.116,1449.216,532.224,MESCHA,1920,1080
task_20210611_Lab/2021-06-11-16-43-53.jpg,844.032,219.888,1140.096,618.3,MESCHA,1920,1080
task_20211204_Orlu/2021-12-24-07-30-46.jpg,932.928,473.688,1378.752,708.048,MESBLE,1920,1080
task_20211204_Orlu/2021-12-24-10-18-53.jpg,673.344,578.448,1231.68,926.532,MESCHA,1920,1080
task_2021_11_03-04_cescau4/2021-11-03-11-44-57.jpg,956.16,474.336,1513.536,673.488,SITTOR,1920,1080
task_2021-03-01_09/20210301-095649_(19.0).jpg,447.744,385.8048,1127.04,719.6032,MESCHA,1920,1088
task_20210615_Lab/2021-06-15-16-13-17.jpg,1074.816,188.784,1399.104,435.78,MESCHA,1920,1080
task_20210623_balacet/2021-06-23-10-39-24.jpg,469.824,307.692,1217.664,673.488,MESCHA,1920,1080
task_2021_11_03-04_cescau4/2021-11-04-06-53-46.jpg,1216.128,428.112,1772.928,693.36,PINARB,1920,1080
task_19-01-2021/2021-01-19-11-40-48.jpg,519.168,169.6192,953.28,632.7808,MESCHA,1920,1088
task_21-01-2021/2021-01-21-12-52-39.jpg,0.0,165.8112,858.816,740.8192,MESCHA,1920,1088
task_2021_11_03-04_cescau4/2021-11-03-11-06-58.jpg,1100.16,414.18,1596.096,716.148,MESCHA,1920,1080
task_2021-03-01_09/20210301-090321_(6.0).jpg,1119.168,416.704,1383.552,744.736,MESCHA,1920,1088
task_20211204_Orlu/2021-12-24-09-44-45.jpg,1015.296,494.856,1770.048,882.468,MESCHA,1920,1080
task_20210624_balacet/2021-06-24-06-10-00.jpg,1171.392,350.892,1742.592,746.388,MESCHA,1920,1080
task_20210523_UPS/20210523-194528_(23.0).jpg,34.176,386.4576,1415.424,1088.0,PIEBAV,1920,1088
task_2021-03-01_09/20210301-091016_(5.0).jpg,764.16,460.9856,1260.096,694.4704,VEREUR,1920,1088
task_2021-03-01_09/20210301-091540_(21.0).jpg,669.696,293.1072,1323.84,999.4368,TOUTUR,1920,1088
task_2021-03-01_15/20210301-150327_(17.0).jpg,744.96,507.3344,931.968,655.9552,MESCHA,1920,1088
task_20210523_UPS/20210523-174035_(17.0).jpg,540.672,470.016,1320.576,1082.7776,PIEBAV,1920,1088
task_20210611_Lab/2021-06-11-14-01-42.jpg,918.336,245.916,1601.28,530.496,MESCHA,1920,1080
task_20210705-07_balacet/2021-07-07-07-35-42.jpg,968.256,404.46,1738.56,739.26,ACCMOU,1920,1080
task_21-01-2021/2021-01-21-12-50-37.jpg,737.088,524.7424,1449.216,1088.0,MESCHA,1920,1088
task_20210523_UPS/20210523-181822_(11.0).jpg,563.52,424.4288,1199.04,1084.6272,PIEBAV,1920,1088
task_20210526_UPS/20210526-164653_(21.0).jpg,942.912,420.6208,1920.0,982.2464,PIEBAV,1920,1088
task_20210611_Lab/2021-06-11-14-01-53.jpg,1120.704,206.82,1699.392,596.484,MESCHA,1920,1080
task_2021_11_03-04_cescau4/2021-11-04-06-55-35.jpg,648.96,536.112,1202.112,809.46,MESNOI,1920,1080
task_20210705-07_balacet/2021-07-07-07-17-18.jpg,1033.728,324.864,1440.576,888.84,ACCMOU,1920,1080
task_20210624_balacet/2021-06-24-08-25-35.jpg,806.592,348.948,1018.944,549.612,CAMPAG,1920,1080
task_20211204_Orlu/2021-12-23-15-18-35.jpg,1003.584,425.628,1490.304,729.0,MESBLE,1920,1080
task_2021-03-01_13/20210301-134242_(33.0).jpg,0.0,57.7728,656.064,1088.0,VEREUR,1920,1088
task_20211204_Orlu/2021-12-24-09-14-43.jpg,448.896,448.848,1084.992,730.836,MESCHA,1920,1080
task_06-01-2021/2021-01-06-11-52-22.jpg,1153.92,505.376,1920.0,1041.8688,MESCHA,1920,1088
task_20210612_1_Lab/2021-06-12-05-30-51.jpg,1161.6,206.172,1798.464,559.224,MESCHA,1920,1080
task_2021_11_03-04_cescau4/2021-11-03-15-39-14.jpg,1143.36,359.532,1367.616,674.136,MESHUP,1920,1080
task_20211204_Orlu/2021-12-24-10-27-24.jpg,894.528,481.248,1401.216,760.32,MESCHA,1920,1080
task_20210705-07_balacet/2021-07-06-10-55-23.jpg,852.48,313.74,1148.352,638.712,ROUGOR,1920,1080
task_2021_11_03-04_cescau4/2021-11-03-12-28-17.jpg,1504.32,501.12,1919.232,781.92,MESCHA,1920,1080
task_2021-03-01_10/20210301-102505_(6.0).jpg,295.296,451.4112,746.88,1032.1856,MESCHA,1920,1088
task_2021-03-01_14/20210301-143548_(8.0).jpg,843.264,428.2368,1466.496,679.1296,MESCHA,1920,1088
task_20211204_Orlu/2021-12-23-13-32-32.jpg,665.472,447.444,1233.6,712.8,MESCHA,1920,1080
task_06-01-2021/2021-01-06-11-48-07.jpg,835.584,617.3312,1260.096,982.0288,MESBLE,1920,1088
task_05-01-2021/2021-01-05-17-33-29.jpg,1182.912,457.1776,1920.0,891.2896,ACCMOU,1920,1088
task_20210611_Lab/2021-06-11-17-12-56.jpg,1181.376,217.404,1827.072,606.096,MESCHA,1920,1080
task_20210623_balacet/2021-06-23-16-14-01.jpg,821.568,260.496,1504.512,795.096,MESCHA,1920,1080
task_20210418_UPS/20210418-140506_(7.0).jpg,890.304,645.184,1193.856,882.368,MESCHA,1920,1088
task_2021_11_03-04_cescau4/2021-11-04-06-52-20.jpg,1142.592,515.268,1425.216,665.28,MESNON,1920,1080
task_21-01-2021/2021-01-21-12-06-11.jpg,565.44,256.4416,1335.36,582.624,MESCHA,1920,1088
task_06-01-2021/2021-01-06-11-46-07.jpg,1337.28,358.8224,1578.432,735.0528,PINARB,1920,1088
task_19-01-2021/2021-01-19-11-56-44.jpg,629.184,158.0864,962.88,578.7072,MESNON,1920,1088
task_21-01-2021/2021-01-21-13-04-34.jpg,712.128,271.8912,1213.824,833.408,MESCHA,1920,1088
task_05-01-2021/2021-01-05-17-26-37.jpg,1323.84,381.888,1800.384,754.3104,ACCMOU,1920,1088
task_2021_11_03-04_cescau4/2021-11-04-07-22-41.jpg,1173.696,472.608,1612.608,697.572,SITTOR,1920,1080
task_20210227/20210227-124142_(5.0).jpg,1055.616,785.2096,1387.392,1088.0,MESCHA,1920,1088
task_20210612_1_Lab/2021-06-12-06-19-47.jpg,282.048,230.904,805.056,601.344,MESCHA,1920,1080
task_18-01-2021/2021-01-18-14-31-03.jpg,0.0,308.5568,584.64,856.5824,MESCHA,1920,1088
task_2021_11_03-04_cescau4/2021-11-03-12-41-05.jpg,1229.568,511.272,1519.104,727.92,MESNOI,1920,1080
task_20210615_Lab/2021-06-15-09-26-40.jpg,881.856,271.728,1103.808,538.056,MESCHA,1920,1080
task_20210615_Lab/2021-06-15-11-06-45.jpg,825.984,150.12,1296.768,509.112,MESCHA,1920,1080
task_2021-03-01_13/20210301-135214_(10.0).jpg,609.792,457.1776,1034.304,711.8784,MESCHA,1920,1088
task_20210616_Lab/2021-06-16-05-33-02.jpg,1426.944,295.812,1920.0,639.576,MESCHA,1920,1080
task_2021_11_03-04_cescau4/2021-11-04-07-32-24.jpg,807.744,434.268,1033.536,738.504,PINARB,1920,1080
task_2021-03-01_09/20210301-090704_(14.0).jpg,852.864,352.9472,1304.448,655.9552,MOIDOM,1920,1088
task_20210616_Lab/2021-06-16-09-53-48.jpg,1353.408,268.38,1651.392,617.436,MESCHA,1920,1080
task_2021_11_03-04_cescau4/2021-11-03-16-23-31.jpg,1031.808,400.572,1516.8,870.48,MESCHA,1920,1080
task_20210615_Lab/2021-06-15-09-07-05.jpg,520.512,133.92,1071.744,571.536,MESCHA,1920,1080
task_20210217/20210217-143044_02(17.0).jpg,3.264,320.976,549.696,999.216,MESCHA,1920,1080
task_20211204_Orlu/2021-12-23-13-53-05.jpg,874.368,461.484,1204.032,750.924,MESNOI,1920,1080
task_20210615_Lab/2021-06-15-10-39-45.jpg,1084.416,248.616,1694.208,595.944,MESCHA,1920,1080
task_05-01-2021/2021-01-05-17-03-37.jpg,704.448,447.4944,1229.184,1088.0,SITTOR,1920,1088
task_20210615_Lab/2021-06-15-13-44-16.jpg,727.488,686.664,1738.56,1080.0,MESCHA,1920,1080
task_19-01-2021/2021-01-19-12-56-29.jpg,26.688,259.1616,786.816,792.1728,MESBLE,1920,1088
task_20210205/20210205-165310_07(12.0).jpg,223.872,18.252,1730.304,1078.812,PINARB,1920,1080
task_20210611_Lab/2021-06-11-15-21-39.jpg,616.704,228.852,1032.192,779.004,MESCHA,1920,1080
task_20210417_UPS/20210417-113328_(6.0).jpg,739.008,611.5648,1105.728,841.1328,MESCHA,1920,1088
task_2021-03-01_15/20210301-151303_(12.0).jpg,785.472,501.568,976.32,729.2864,MESCHA,1920,1088
task_05-01-2021/2021-01-05-17-15-24.jpg,1180.992,434.0032,1920.0,1037.952,MESCHA,1920,1088
task_20210228/20210228-125614_(19.0).jpg,1028.16,520.8256,1352.256,812.5184,MESCHA,1920,1088
task_2021-03-01_09/20210301-095611_(9.0).jpg,459.264,499.6096,931.968,709.92,MESBLE,1920,1088
task_2021_11_03-04_cescau4/2021-11-03-15-24-36.jpg,918.336,520.128,1214.784,917.568,MESHUP,1920,1080
task_20210526_UPS/20210526-114544_(30.0).jpg,753.216,384.608,1916.16,1033.4912,PIEBAV,1920,1088
task_19-01-2021/2021-01-19-13-23-02.jpg,1057.536,187.0272,1715.52,515.0592,MESCHA,1920,1088
task_2021-03-01_13/20210301-135341_(17.0).jpg,567.36,372.3136,1153.92,777.4848,VEREUR,1920,1088
task_20211204_Orlu/2021-12-24-07-45-35.jpg,1104.576,517.32,1355.328,718.416,MESCHA,1920,1080
task_20210611_Lab/2021-06-11-15-31-00.jpg,631.104,260.064,906.432,812.16,MESCHA,1920,1080
task_2021-03-01_09/20210301-090454_(10.0).jpg,901.248,569.1328,1649.856,1088.0,PINARB,1920,1088
task_20211204_Orlu/2021-12-24-10-09-55.jpg,1110.144,486.54,1396.032,735.48,MESCHA,1920,1080
task_2021-03-01_14/20210301-142858_(7.0).jpg,814.272,451.4112,978.432,661.7216,MESCHA,1920,1088
task_2021-03-01_07/20210301-074848_(9.0).jpg,409.152,426.2784,816.192,841.1328,VEREUR,1920,1088
task_20210705-07_balacet/2021-07-07-06-38-36.jpg,335.424,338.04,884.352,740.016,ACCMOU,1920,1080
task_20210217/20210217-154350_06(56.0).jpg,408.576,275.724,866.688,1078.38,MESCHA,1920,1080
task_20210705-07_balacet/2021-07-06-09-41-04.jpg,903.168,250.992,1207.872,673.38,ROUGOR,1920,1080
task_2021-03-01_09/20210301-090709_(8.0).jpg,690.816,501.568,968.64,721.5616,MOIDOM,1920,1088
task_2021_11_03-04_cescau4/2021-11-03-14-31-02.jpg,1438.08,442.692,1726.272,703.08,MESCHA,1920,1080
task_20210227/20210227-112545_(8.0).jpg,432.576,600.032,990.72,884.8704,MESCHA,1920,1088
task_2021-03-01_16/20210301-165955_(11.0).jpg,866.496,462.944,1090.368,688.704,VEREUR,1920,1088
task_2021_11_03-04_cescau4/2021-11-04-07-45-52.jpg,1166.592,489.564,1468.608,954.504,MESCHA,1920,1080
task_05-01-2021/2021-01-05-17-27-53.jpg,50.304,354.9056,638.784,810.3424,ACCMOU,1920,1088
task_20211204_Orlu/2021-12-24-10-45-20.jpg,526.272,503.712,1180.032,842.076,MESCHA,1920,1080
task_20210616_Lab/2021-06-16-06-55-28.jpg,823.68,44.604,1083.456,447.66,MESCHA,1920,1080
task_20211204_Orlu/2021-12-24-09-28-22.jpg,933.312,505.872,1397.376,823.932,MESCHA,1920,1080
task_2021-03-01_09/20210301-091115_(6.0).jpg,1111.488,503.5264,1918.08,1084.3008,VEREUR,1920,1088
task_20210227/20210227-115415_(5.0).jpg,824.064,758.2272,1281.408,1088.0,MESCHA,1920,1088
task_20210611_Lab/2021-06-11-15-21-46.jpg,624.192,318.06,971.328,807.516,MESCHA,1920,1080
task_20210705-07_balacet/2021-07-06-09-41-14.jpg,771.84,315.144,1049.856,613.116,ROUGOR,1920,1080
task_20210623_balacet/2021-06-23-09-38-02.jpg,1217.664,182.952,1840.896,777.276,ROUGOR,1920,1080
task_20210624_balacet/2021-06-24-06-59-20.jpg,791.232,412.56,1059.456,626.832,CAMPAG,1920,1080
task_20210615_Lab/2021-06-15-15-53-37.jpg,1427.904,837.108,1704.0,1041.66,MESCHA,1920,1080
task_21-01-2021/2021-01-21-13-32-54.jpg,908.928,443.6864,1638.336,864.3072,MESBLE,1920,1088
task_20210616_Lab/2021-06-16-06-55-08.jpg,712.704,136.188,1219.008,531.36,VEREUR,1920,1080
task_21-01-2021/2021-01-21-13-49-25.jpg,945.6,298.9824,1445.376,951.1296,MESNON,1920,1088
task_20211204_Orlu/2021-12-24-09-57-13.jpg,1135.872,475.092,1650.816,773.388,MESBLE,1920,1080
task_2021_11_03-04_cescau4/2021-11-04-06-47-09.jpg,1059.456,353.376,1315.392,685.368,PINARB,1920,1080
task_20210624_balacet/2021-06-24-13-19-44.jpg,648.384,354.672,1038.144,796.608,MESCHA,1920,1080
task_20211204_Orlu/2021-12-23-15-27-00.jpg,993.792,418.392,1314.24,809.568,MESBLE,1920,1080
task_20210611_Lab/2021-06-11-16-01-33.jpg,726.72,285.768,1199.04,798.012,MESCHA,1920,1080
task_18-01-2021/2021-01-18-13-53-14.jpg,389.76,399.296,1078.656,794.8928,MESNON,1920,1088
task_20210616_Lab/2021-06-16-18-07-10.jpg,1423.104,211.464,1919.04,519.372,MESCHA,1920,1080
task_19-01-2021/2021-01-19-11-11-42.jpg,1425.984,127.1872,1918.08,673.2544,MESCHA,1920,1088
task_2021-03-01_16/20210301-165806_(10.0).jpg,636.864,491.8848,1020.864,731.136,VEREUR,1920,1088
task_21-01-2021/2021-01-21-12-49-57.jpg,686.976,281.5744,1250.496,1088.0,MESCHA,1920,1088
task_2021_11_03-04_cescau4/2021-11-03-13-17-33.jpg,1039.68,462.672,1624.704,660.636,MESCHA,1920,1080
task_20210526_UPS/20210526-113902_(30.0).jpg,719.04,213.9008,1918.08,1088.0,PIEBAV,1920,1088
task_2021-03-01_18/20210301-180203_(6.0).jpg,754.56,451.4112,1192.512,613.5232,MESCHA,1920,1088
task_2021_11_03-04_cescau4/2021-11-04-08-11-09.jpg,998.016,565.488,1189.44,1029.132,MESNON,1920,1080
task_2021_11_03-04_cescau4/2021-11-04-08-08-04.jpg,1223.424,479.412,1591.68,674.352,SITTOR,1920,1080
task_20210611_Lab/2021-06-11-14-25-03.jpg,722.88,217.404,1352.832,540.0,MESCHA,1920,1080
task_20210616_Lab/2021-06-16-09-33-19.jpg,1093.44,245.916,1401.408,830.196,MESCHA,1920,1080
task_2021_11_03-04_cescau4/2021-11-04-07-23-07.jpg,504.96,385.776,1096.704,873.936,PINARB,1920,1080
task_20210615_Lab/2021-06-15-10-56-39.jpg,1202.304,188.784,1613.184,837.108,MESCHA,1920,1080
task_20210612_1_Lab/2021-06-12-04-24-02.jpg,991.872,316.116,1362.432,713.664,MESCHA,1920,1080
task_2021_11_03-04_cescau4/2021-11-04-07-20-03.jpg,1134.72,483.516,1575.744,668.196,MESNON,1920,1080
task_20210615_Lab/2021-06-15-16-19-34.jpg,1123.968,168.048,1406.784,470.88,MESCHA,1920,1080
task_20210228/20210228-143143_(12.0)(1).jpg,476.736,725.3696,1717.44,1088.0,MESCHA,1920,1088
task_20210417_UPS/20210417-100050_(6.0).jpg,1088.448,906.7392,1756.032,1088.0,MESCHA,1920,1088
task_2021_11_03-04_cescau4/2021-11-03-10-42-19.jpg,515.712,580.716,1133.76,857.952,MESNON,1920,1080
task_2021-03-01_10/20210301-100306_(12.0).jpg,1074.816,422.4704,1675.008,738.8608,VEREUR,1920,1088
task_20210611_Lab/2021-06-11-13-56-43.jpg,1192.32,262.116,1711.488,629.856,MESCHA,1920,1080
task_20210228/20210228-164119_(6.0).jpg,540.288,468.7104,845.184,777.4848,MESBLE,1920,1088
task_05-01-2021/2021-01-05-17-21-38.jpg,488.256,463.0528,1184.832,1018.6944,MESNON,1920,1088
task_05-01-2021/2021-01-05-17-40-43.jpg,652.224,322.048,1485.888,843.0912,ROUGOR,1920,1088
task_20210416_UPS/20210416-155634_(6.0).jpg,669.696,775.5264,1315.968,1088.0,MESCHA,1920,1088
task_20210611_Lab/2021-06-11-16-51-13.jpg,584.448,211.788,1193.472,560.844,MESCHA,1920,1080
task_2021_11_03-04_cescau4/2021-11-03-11-57-43.jpg,1432.512,396.9,1664.832,633.852,MESNOI,1920,1080
task_21-01-2021/2021-01-21-12-45-44.jpg,696.576,262.3168,1086.336,727.328,MESCHA,1920,1088
task_20211204_Orlu/2021-12-23-13-35-55.jpg,736.32,478.008,1217.472,696.708,MESCHA,1920,1080
task_2021_11_03-04_cescau4/2021-11-03-16-27-41.jpg,831.744,502.956,1231.68,720.9,MESNOI,1920,1080
task_20210612_1_Lab/2021-06-12-05-36-54.jpg,1267.776,262.116,1675.008,661.5,MESCHA,1920,1080
task_20210612_1_Lab/2021-06-12-05-36-58.jpg,1279.296,717.444,1657.536,1072.548,MESCHA,1920,1080
task_21-01-2021/2021-01-21-14-32-04.jpg,295.296,0.0,988.032,646.272,MESNON,1920,1088
task_20210227/20210227-131013_(11.0).jpg,1163.712,526.592,1391.232,711.8784,MESCHA,1920,1088
task_20210611_Lab/2021-06-11-13-58-29.jpg,1036.992,601.56,1670.592,1063.8,MESCHA,1920,1080
task_2021-03-01_17/20210301-175114_(10.0).jpg,281.856,443.6864,768.0,769.76,MESCHA,1920,1088
task_2021_11_03-04_cescau4/2021-11-04-07-15-59.jpg,1518.336,940.248,1882.752,1080.0,MESNON,1920,1080
task_2021-03-01_12/20210301-124609_(15.0).jpg,420.672,432.0448,831.744,692.6208,MESCHA,1920,1088
task_20210624_balacet/2021-06-24-06-34-45.jpg,822.912,318.6,1349.568,876.312,MESCHA,1920,1080
task_2021_11_03-04_cescau4/2021-11-04-07-57-50.jpg,759.168,628.02,1087.872,1079.244,MESNON,1920,1080
task_2021_11_03-04_cescau4/2021-11-04-08-17-19.jpg,593.856,533.736,1021.824,952.668,MESNON,1920,1080
task_20210623_balacet/2021-06-23-17-00-13.jpg,1088.448,685.476,1669.632,1080.0,MESCHA,1920,1080
task_2021_11_03-04_cescau4/2021-11-04-07-44-42.jpg,1360.32,501.012,1849.92,768.852,MESCHA,1920,1080
task_2021_11_03-04_cescau4/2021-11-04-07-27-30.jpg,1372.8,477.9,1577.088,670.572,MESNOI,1920,1080
task_20211204_Orlu/2021-12-23-14-55-45.jpg,1042.944,487.404,1797.696,814.968,MESCHA,1920,1080
task_19-01-2021/2021-01-19-13-25-15.jpg,432.384,188.9856,1227.264,843.0912,MESBLE,1920,1088
task_20211204_Orlu/2021-12-24-10-24-41.jpg,1440.96,740.34,1892.928,1080.0,MESCHA,1920,1080
task_20210705-07_balacet/2021-07-06-11-34-55.jpg,288.768,358.56,920.64,667.548,MESBLE,1920,1080
task_20210415_UPS/20210415-192642_(5.0).jpg,1078.656,684.896,1321.92,951.1296,MESCHA,1920,1088
task_05-01-2021/2021-01-05-17-34-09.jpg,399.552,524.7424,1530.24,1047.6352,ACCMOU,1920,1088
task_2021-03-01_14/20210301-145448_(22.0).jpg,324.288,482.3104,777.6,804.4672,MESBLE,1920,1088
task_20210205/20210205-164501_01(12.0).jpg,1200.96,631.044,1792.896,1080.0,MESCHA,1920,1080
task_2021_11_03-04_cescau4/2021-11-04-08-08-49.jpg,723.456,511.92,1266.624,829.44,MESCHA,1920,1080
task_MOIDOM_ODJ/1676.jpeg,270.66,184.95,422.28,337.68,MOIDOM,600,450
task_2021_11_03-04_cescau4/2021-11-03-16-18-22.jpg,646.848,519.372,1300.032,834.516,PINARB,1920,1080
task_20210615_Lab/2021-06-15-11-02-17.jpg,957.12,235.116,1194.432,511.056,MESCHA,1920,1080
task_20210616_Lab/2021-06-16-04-39-50.jpg,1468.032,258.012,1825.728,573.696,MESCHA,1920,1080
task_2021_11_03-04_cescau4/2021-11-03-11-00-37.jpg,1138.176,480.6,1536.384,654.696,MESNON,1920,1080
task_18-01-2021/2021-01-18-13-23-27.jpg,119.616,298.9824,729.408,723.4112,MESBLE,1920,1088
task_05-01-2021/2021-01-05-17-28-03.jpg,1296.384,493.8432,1696.512,1028.0512,MESNON,1920,1088
task_05-01-2021/2021-01-05-16-43-29.jpg,1332.288,508.096,1916.16,1088.0,MESCHA,1920,1088
task_20210227/20210227-134527_(5.0).jpg,714.048,484.16,955.2,748.544,MESCHA,1920,1088
task_2021-03-01_09/20210301-091130_(14.0).jpg,638.784,383.8464,1049.856,669.4464,MESCHA,1920,1088
task_21-01-2021/2021-01-21-12-42-20.jpg,750.72,237.184,1260.096,667.488,MESCHA,1920,1088
task_21-01-2021/2021-01-21-13-15-35.jpg,733.248,354.9056,1657.536,835.3664,MESCHA,1920,1088
task_20210612_1_Lab/2021-06-12-06-01-13.jpg,604.032,231.228,930.048,746.388,MESCHA,1920,1080
task_20211204_Orlu/2021-12-24-10-56-34.jpg,709.056,474.984,988.992,926.964,MESCHA,1920,1080
task_2021-03-01_07/20210301-074821_(10.0).jpg,239.232,380.0384,860.736,947.3216,VEREUR,1920,1088
task_2021-03-01_13/20210301-134859_(9.0).jpg,575.04,480.352,978.432,860.4992,VEREUR,1920,1088
task_20210228/20210228-171522_(9.0).jpg,216.192,395.3792,769.92,953.088,MESCHA,1920,1088
task_19-01-2021/2021-01-19-12-25-32.jpg,988.032,98.2464,1277.376,520.8256,MESCHA,1920,1088
task_20210615_Lab/2021-06-15-10-56-44.jpg,859.008,213.948,1095.36,462.456,MESCHA,1920,1080
task_20211204_Orlu/2021-12-24-08-56-32.jpg,750.144,525.42,1360.512,826.848,SITTOR,1920,1080
task_20210623_balacet/2021-06-23-09-59-29.jpg,605.952,341.172,1063.296,1062.936,MESCHA,1920,1080
task_2021_11_03-04_cescau4/2021-11-03-12-28-57.jpg,1198.464,440.1,1764.288,688.716,MESCHA,1920,1080
task_2021_11_03-04_cescau4/2021-11-03-16-01-01.jpg,845.376,528.012,1185.792,832.248,MESNOI,1920,1080
task_2021-03-01_09/20210301-095851_(15.0).jpg,723.648,625.056,1429.824,1088.0,MESCHA,1920,1088
task_05-01-2021/2021-01-05-16-45-47.jpg,0.0,358.8224,804.672,887.4816,ROUGOR,1920,1088
task_20210227/20210227-155540_(8.0).jpg,1047.744,713.8368,1541.76,1084.3008,MESCHA,1920,1088
task_20210227/20210227-185433_(6.0).jpg,1370.112,592.1984,1618.944,910.656,MESBLE,1920,1088
task_2021-03-01_17/20210301-172831_(10.0).jpg,777.6,420.512,1238.784,630.8224,MESCHA,1920,1088
task_20210217/20210217-174340_04(11.0).jpg,768.384,0.0,1557.696,634.824,TOUTUR,1920,1080
task_20210419_UPS/20210419-150221_(12.0).jpg,804.48,724.1728,1574.784,1086.5856,PIEBAV,1920,1088
task_20210523_UPS/20210523-175451_(22.0).jpg,643.2,382.6496,1191.552,1086.5856,PIEBAV,1920,1088
task_21-01-2021/2021-01-21-11-58-07.jpg,818.112,104.0128,1545.792,949.1712,MESCHA,1920,1088
task_05-01-2021/2021-01-05-16-58-09.jpg,1287.168,391.5712,1920.0,958.8544,MESCHA,1920,1088
task_2021-03-01_08/20210301-085516_(7.0).jpg,698.496,378.08,1049.856,742.7776,VEREUR,1920,1088
task_2021_11_03-04_cescau4/2021-11-04-08-06-56.jpg,1485.888,592.488,1920.0,929.232,MESNON,1920,1080
task_18-01-2021/2021-01-18-14-34-54.jpg,50.304,352.9472,663.936,719.6032,MESCHA,1920,1088
task_20210611_Lab/2021-06-11-14-10-45.jpg,480.0,232.632,1106.112,475.524,MOIDOM,1920,1080
task_2021-03-01_17/20210301-173743_(15.0).jpg,1090.368,395.3792,1537.92,856.5824,MESCHA,1920,1088
task_20210615_Lab/2021-06-15-11-03-57.jpg,1281.408,227.34,1541.76,584.28,MESCHA,1920,1080
task_20210526_UPS/20210526-070622_(61.0).jpg,7.68,193.0112,1916.16,1088.0,PIEBAV,1920,1088
task_20210623_balacet/2021-06-23-10-02-29.jpg,833.856,290.196,1518.912,688.932,MESCHA,1920,1080
task_20210611_Lab/2021-06-11-14-08-47.jpg,867.072,232.632,1495.104,520.992,MESCHA,1920,1080
task_20210417_UPS/20210417-150910_(9.0).jpg,783.552,592.1984,1231.104,829.6,MESCHA,1920,1088
task_2021_11_03-04_cescau4/2021-11-04-08-31-01.jpg,718.08,492.912,1170.24,714.42,MESNON,1920,1080
task_20211204_Orlu/2021-12-23-15-51-57.jpg,750.72,397.764,1380.672,701.352,MESCHA,1920,1080
task_05-01-2021/2021-01-05-17-22-26.jpg,796.992,372.3136,1111.488,831.4496,MESBLE,1920,1088
task_2021-03-01_07/20210301-075420_(22.0).jpg,1069.056,584.5824,1516.8,1084.3008,MESCHA,1920,1088
task_20210611_Lab/2021-06-11-15-23-25.jpg,865.152,261.036,1531.008,627.264,MESCHA,1920,1080
task_05-01-2021/2021-01-05-16-43-03.jpg,727.488,370.2464,1410.624,1086.2592,SITTOR,1920,1088
task_20210624_balacet/2021-06-24-13-35-42.jpg,949.44,348.948,1761.792,715.5,ACCMOU,1920,1080
task_05-01-2021/2021-01-05-16-50-24.jpg,675.456,627.0144,1719.36,1088.0,MESNON,1920,1088
task_20211204_Orlu/2021-12-23-14-44-40.jpg,648.96,557.928,1057.344,1080.0,MESCHA,1920,1080
task_20210205/20210205-165310_01(12.0).jpg,284.544,720.252,618.624,1076.868,MESCHA,1920,1080
task_2021-03-01_09/20210301-091305_(12.0).jpg,822.144,432.0448,1034.304,713.8368,VEREUR,1920,1088
task_2021-03-01_15/20210301-155206_(9.0).jpg,154.368,432.0448,773.76,812.192,MESCHA,1920,1088
task_2021-03-01_14/20210301-143107_(5.0).jpg,868.416,378.08,1344.96,675.2128,VEREUR,1920,1088
task_20211204_Orlu/2021-12-24-08-57-03.jpg,1100.736,498.852,1288.32,690.984,MESCHA,1920,1080
task_2021-03-01_12/20210301-123337_(9.0).jpg,275.904,482.3104,743.04,1088.0,MESCHA,1920,1088
task_21-01-2021/2021-01-21-12-55-38.jpg,625.152,291.2576,1225.344,621.1392,MESBLE,1920,1088
task_20210205/20210205-164741_01(40.0).jpg,1024.512,520.992,1455.168,1080.0,MESCHA,1920,1080
task_2021-03-01_13/20210301-130844_(18.0).jpg,0.0,300.832,547.968,848.8576,MESCHA,1920,1088
task_20210615_Lab/2021-06-15-11-06-50.jpg,1142.4,215.784,1609.344,526.5,MESCHA,1920,1080
task_2021_11_03-04_cescau4/2021-11-03-15-38-27.jpg,1248.384,499.608,1549.248,654.588,MESNON,1920,1080
task_2021_11_03-04_cescau4/2021-11-03-16-29-04.jpg,1487.04,488.052,1840.128,938.952,MESNON,1920,1080
task_2021-03-01_08/20210301-085954_(6.0).jpg,447.744,486.1184,986.112,769.76,VEREUR,1920,1088
task_20211204_Orlu/2021-12-23-16-12-43.jpg,1128.0,328.428,1635.456,856.44,MESCHA,1920,1080
task_20210623_balacet/2021-06-23-08-55-22.jpg,548.736,333.936,801.984,691.74,MESCHA,1920,1080
task_2021-03-01_11/20210301-115308_(6.0).jpg,1015.104,426.2784,1350.72,692.6208,MESCHA,1920,1088
task_20210615_Lab/2021-06-15-10-37-05.jpg,1244.352,208.116,1771.776,386.64,MESCHA,1920,1080
task_2021-03-01_17/20210301-171729_(11.0).jpg,459.264,426.2784,1109.568,740.8192,MESCHA,1920,1088
task_05-01-2021/2021-01-05-17-19-58.jpg,299.136,420.512,1518.72,1036.1024,MESCHA,1920,1088
task_05-01-2021/2021-01-05-16-11-11.jpg,1414.464,397.4464,1881.408,748.544,SITTOR,1920,1088
task_20210525_UPS/20210525-154255_(19.0).jpg,27.072,389.6128,991.872,1088.0,PIEBAV,1920,1088
task_2021-03-01_16/20210301-164956_(14.0).jpg,272.064,482.3104,812.352,920.3392,MESCHA,1920,1088
task_20211204_Orlu/2021-12-24-09-33-55.jpg,197.568,530.064,851.52,906.768,MESCHA,1920,1080
task_2021_11_03-04_cescau4/2021-11-04-07-59-04.jpg,905.28,491.076,1421.952,817.668,MESCHA,1920,1080
task_20210611_Lab/2021-06-11-15-50-24.jpg,590.016,219.348,1420.992,693.684,MESCHA,1920,1080
task_20210615_Lab/2021-06-15-10-57-38.jpg,770.88,259.74,1332.288,562.572,MESCHA,1920,1080
task_21-01-2021/2021-01-21-12-47-21.jpg,1.92,160.0448,656.064,675.2128,MESCHA,1920,1088
task_21-01-2021/2021-01-21-14-28-46.jpg,328.128,163.8528,769.92,605.7984,MESCHA,1920,1088
task_21-01-2021/2021-01-21-14-07-25.jpg,258.624,420.512,598.272,609.6064,MESCHA,1920,1088
task_20210525_UPS/20210525-154444_(19.0).jpg,441.984,356.864,1144.32,1088.0,PIEBAV,1920,1088
task_21-01-2021/2021-01-21-14-18-43.jpg,82.944,0.0,1070.976,480.352,MESCHA,1920,1088
task_20210612_1_Lab/2021-06-12-05-40-15.jpg,295.296,248.616,704.448,619.056,MESCHA,1920,1080
task_2021-03-01_11/20210301-114815_(9.0).jpg,359.04,407.0208,808.512,1041.8688,MESCHA,1920,1088
task_20210705-07_balacet/2021-07-06-15-15-35.jpg,1059.456,233.82,1411.968,818.532,ROUGOR,1920,1080
task_2021-03-01_15/20210301-150303_(7.0).jpg,262.464,497.6512,721.728,955.0464,MESCHA,1920,1088
task_2021_11_03-04_cescau4/2021-11-03-16-03-19.jpg,1308.864,498.204,1588.8,656.208,MESNON,1920,1080
task_20210616_Lab/2021-06-16-04-42-09.jpg,1325.952,233.712,1662.144,729.54,MESCHA,1920,1080
task_20210217/20210217-154204_03(12.0).jpg,948.288,593.136,1798.848,1080.0,MESCHA,1920,1080
task_2021-03-01_17/20210301-170027_(7.0).jpg,812.352,416.704,1030.464,706.112,VEREUR,1920,1088
task_05-01-2021/2021-01-05-16-43-41.jpg,1057.536,721.1264,1640.256,1088.0,SITTOR,1920,1088
task_2021-03-01_11/20210301-115248_(22.0).jpg,829.824,3.6992,1918.08,1088.0,MESCHA,1920,1088
task_20210705-07_balacet/2021-07-06-15-25-35.jpg,1306.176,291.924,1808.064,849.636,ROUGOR,1920,1080
task_20210616_Lab/2021-06-16-09-07-25.jpg,1290.624,932.256,1767.168,1079.892,MESCHA,1920,1080
task_20210417_UPS/20210417-173051_(6.0).jpg,949.44,870.0736,1817.856,1088.0,MESCHA,1920,1088
task_21-01-2021/2021-01-21-12-08-57.jpg,829.824,188.9856,1574.592,623.0976,MESBLE,1920,1088
task_19-01-2021/2021-01-19-11-54-46.jpg,937.92,5.6576,1518.72,557.4912,MESCHA,1920,1088
task_2021_11_03-04_cescau4/2021-11-04-06-53-34.jpg,1031.424,438.48,1641.408,726.516,PINARB,1920,1080
task_20211204_Orlu/2021-12-23-13-52-04.jpg,777.792,476.172,1170.816,685.908,MESNOI,1920,1080
task_2021_11_03-04_cescau4/2021-11-03-15-46-38.jpg,1374.912,489.024,1636.032,668.196,MESNON,1920,1080
task_20210228/20210228-170222_(6.0).jpg,455.424,555.5328,696.576,999.4368,MESCHA,1920,1088
task_20211204_Orlu/2021-12-23-14-34-02.jpg,939.648,448.74,1319.616,708.696,MESCHA,1920,1080
task_21-01-2021/2021-01-21-13-57-07.jpg,959.04,410.8288,1597.824,958.8544,MESCHA,1920,1088
task_2021-03-01_14/20210301-143007_(5.0).jpg,949.44,374.1632,1285.248,669.4464,VEREUR,1920,1088
task_20210417_UPS/20210417-111025_(10.0).jpg,918.528,632.7808,1294.848,823.8336,MESCHA,1920,1088
task_2021_11_03-04_cescau4/2021-11-03-10-26-51.jpg,1136.256,376.272,1507.392,716.364,PINARB,1920,1080
task_20210615_Lab/2021-06-15-13-37-12.jpg,1177.152,300.672,1618.944,601.668,MESCHA,1920,1080
task_2021-03-01_11/20210301-112951_(5.0).jpg,1017.024,839.2832,1401.024,1088.0,MESCHA,1920,1088
task_20210523_UPS/20210523-174128_(11.0).jpg,795.648,407.8912,1324.992,1087.1296,PIEBAV,1920,1088
task_20211204_Orlu/2021-12-24-09-00-20.jpg,927.552,491.832,1374.72,700.164,MESNON,1920,1080
task_20210525_UPS/20210525-175933_(13.0).jpg,813.888,551.3984,1233.024,1063.0848,MESCHA,1920,1088
task_20210623_balacet/2021-06-23-13-10-09.jpg,976.512,240.84,1514.88,700.056,MESCHA,1920,1080
task_20210612_1_Lab/2021-06-12-04-59-35.jpg,320.448,246.672,688.896,725.22,MESCHA,1920,1080
task_20210615_Lab/2021-06-15-10-58-28.jpg,565.44,302.616,1065.216,873.828,MESCHA,1920,1080
task_20211204_Orlu/2021-12-23-13-36-26.jpg,1499.904,78.732,1757.376,344.52,MESCHA,1920,1080
task_2021-03-01_11/20210301-113014_(9.0).jpg,316.416,389.6128,762.24,1088.0,MESCHA,1920,1088
task_2021_11_03-04_cescau4/2021-11-04-08-13-45.jpg,868.992,459.972,1557.312,693.252,PINARB,1920,1080
task_20210616_Lab/2021-06-16-18-19-16.jpg,628.992,419.256,1440.384,1030.212,MESCHA,1920,1080
task_20210616_Lab/2021-06-16-18-52-00.jpg,1083.648,142.452,1657.536,457.704,MESCHA,1920,1080
task_20210616_Lab/2021-06-16-09-08-53.jpg,1131.072,224.64,1352.448,605.772,MESCHA,1920,1080
task_05-01-2021/2021-01-05-17-18-16.jpg,719.808,156.128,885.696,291.1488,ACCMOU,1920,1088
task_20210615_Lab/2021-06-15-10-00-55.jpg,750.72,221.508,1157.76,462.78,MESCHA,1920,1080
task_20210413_UPS/20210413-111603_(6.0).jpg,792.0,693.2736,1220.352,1088.0,MESCHA,1920,1088
task_2021-03-01_10/20210301-100117_(10.0).jpg,314.688,349.1392,868.416,951.1296,VEREUR,1920,1088
task_18-01-2021/2021-01-18-13-18-44.jpg,1231.104,385.8048,1912.32,937.6384,MESBLE,1920,1088
task_20211204_Orlu/2021-12-23-13-34-54.jpg,283.968,493.668,872.832,943.596,MESCHA,1920,1080
task_20211204_Orlu/2021-12-23-16-03-13.jpg,1114.368,506.736,1327.488,691.092,MESCHA,1920,1080
task_20210616_Lab/2021-06-16-09-11-49.jpg,1213.824,251.532,1714.752,517.752,MESCHA,1920,1080
task_2021_11_03-04_cescau4/2021-11-03-15-56-08.jpg,1409.664,497.556,1595.904,679.32,MESNON,1920,1080
task_2021-03-01_16/20210301-165825_(14.0).jpg,754.56,484.16,1036.224,771.7184,VEREUR,1920,1088
task_21-01-2021/2021-01-21-14-01-54.jpg,117.696,250.6752,903.168,783.2512,MESCHA,1920,1088
task_20210525_UPS/20210525-154521_(35.0).jpg,23.232,152.32,1474.368,1088.0,PIEBAV,1920,1088
task_20210615_Lab/2021-06-15-10-57-50.jpg,907.008,431.892,1508.928,1006.884,MESCHA,1920,1080
task_20210615_Lab/2021-06-15-11-06-21.jpg,1381.632,260.172,1835.136,547.668,MESCHA,1920,1080
task_2021-03-01_08/20210301-085620_(6.0).jpg,1315.968,239.1424,1422.144,356.864,MESCHA,1920,1088
task_18-01-2021/2021-01-18-13-23-11.jpg,939.84,387.6544,1545.6,729.2864,MESNON,1920,1088
task_19-01-2021/2021-01-19-11-37-47.jpg,824.064,26.8736,1325.76,412.7872,MESCHA,1920,1088
task_20210228/20210228-132948_(7.0).jpg,1015.104,424.32,1429.824,684.896,MESBLE,1920,1088
task_05-01-2021/2021-01-05-16-39-18.jpg,499.776,376.1216,725.568,592.1984,SITTOR,1920,1088
task_20210525_UPS/20210525-155800_(18.0).jpg,233.472,401.2544,1250.496,1084.3008,PIEBAV,1920,1088
task_05-01-2021/2021-01-05-16-09-28.jpg,1302.528,462.944,1920.0,1088.0,SITTOR,1920,1088
task_20210227/20210227-132935_(9.0).jpg,163.968,266.1248,669.696,488.0768,PINARB,1920,1088
task_2021-03-01_17/20210301-170139_(14.0).jpg,1119.168,636.5888,1842.816,1088.0,VEREUR,1920,1088
task_20210526_UPS/20210526-113839_(36.0).jpg,810.24,447.168,1916.16,1084.6272,MESBLE,1920,1088
task_2021-03-01_11/20210301-115650_(16.0).jpg,760.32,484.16,1053.696,796.7424,MESCHA,1920,1088
task_20210526_UPS/20210526-070624_(79.0).jpg,309.312,232.832,1916.16,1088.0,PIEBAV,1920,1088
task_2021-03-01_08/20210301-082254_(6.0).jpg,337.728,434.0032,818.304,765.952,MESCHA,1920,1088
task_2021-03-01_14/20210301-140830_(16.0).jpg,173.76,470.6688,754.56,1020.6528,MESCHA,1920,1088
task_2021_11_03-04_cescau4/2021-11-04-07-04-27.jpg,1496.064,839.16,1913.088,1080.0,PINARB,1920,1080
task_20210615_Lab/2021-06-15-11-02-17.jpg,1310.208,196.452,1819.776,422.28,MESCHA,1920,1080
task_20211204_Orlu/2021-12-24-07-35-41.jpg,999.36,506.844,1192.128,718.308,MESCHA,1920,1080
task_19-01-2021/2021-01-19-11-53-21.jpg,690.816,96.288,1489.728,572.9408,MESCHA,1920,1088
task_20211204_Orlu/2021-12-24-10-10-29.jpg,963.84,480.168,1364.544,781.38,MESCHA,1920,1080
task_20210217/20210217-163341_01(33.0).jpg,1068.096,870.048,1734.144,1080.0,MESCHA,1920,1080
task_20210526_UPS/20210526-085350_(17.0).jpg,739.968,403.5392,1544.448,1088.0,PIEBAV,1920,1088
task_2021_11_03-04_cescau4/2021-11-03-15-34-12.jpg,540.672,507.168,1008.576,895.104,MESNON,1920,1080
task_20210612_1_Lab/2021-06-12-04-55-32.jpg,310.656,179.064,743.04,653.832,MESCHA,1920,1080
task_2021_11_03-04_cescau4/2021-11-03-11-06-04.jpg,1005.888,436.752,1289.088,685.908,SITTOR,1920,1080
task_20210612_1_Lab/2021-06-12-06-37-42.jpg,571.2,125.064,1067.136,831.384,MESCHA,1920,1080
task_20210228/20210228-142255_(11.0).jpg,1142.4,544.0,1917.504,1087.0208,VEREUR,1920,1088
task_2021_11_03-04_cescau4/2021-11-04-06-43-39.jpg,778.56,488.16,1342.464,807.3,MESCHA,1920,1080
task_2021_11_03-04_cescau4/2021-11-03-11-53-04.jpg,1192.704,449.172,1850.496,671.976,MESCHA,1920,1080
task_20210525_UPS/20210525-131500_(12.0).jpg,912.768,767.8016,1352.64,1088.0,MESCHA,1920,1088
task_2021-03-01_08/20210301-084353_(5.0).jpg,447.744,480.352,781.632,858.5408,MESBLE,1920,1088
task_20210415_UPS/20210415-163839_(11.0).jpg,721.728,698.3872,1271.616,968.5376,MESCHA,1920,1088
task_20210705-07_balacet/2021-07-06-10-08-17.jpg,915.648,263.412,1366.272,682.452,ROUGOR,1920,1080
task_05-01-2021/2021-01-05-17-03-01.jpg,1.92,0.0,116.544,181.5872,MESCHA,1920,1088
task_20210418_UPS/20210418-110734_(5.0).jpg,599.616,600.9024,963.84,912.0704,MESCHA,1920,1088
task_05-01-2021/2021-01-05-17-14-55.jpg,0.0,419.7504,480.576,830.3616,ACCMOU,1920,1088
task_2021-03-01_12/20210301-123552_(17.0).jpg,466.944,434.0032,845.184,843.0912,VEREUR,1920,1088
task_05-01-2021/2021-01-05-16-41-48.jpg,0.0,356.7552,542.208,808.384,MESCHA,1920,1088
task_20211204_Orlu/2021-12-24-10-00-22.jpg,327.36,564.732,824.064,1022.652,MESCHA,1920,1080
task_20210623_balacet/2021-06-23-12-49-37.jpg,853.056,320.112,1382.208,720.468,MESCHA,1920,1080
task_2021-03-01_13/20210301-130715_(5.0).jpg,399.552,474.5856,744.96,929.9136,MESBLE,1920,1088
task_20210227/20210227-124413_(5.0).jpg,947.52,663.68,1603.584,1086.2592,VEREUR,1920,1088
task_2021_11_03-04_cescau4/2021-11-04-06-54-54.jpg,796.032,435.348,1455.936,794.124,PINARB,1920,1080
task_20210611_Lab/2021-06-11-14-08-11.jpg,603.264,169.992,1223.808,555.12,MESCHA,1920,1080
task_20210616_Lab/2021-06-16-18-49-31.jpg,943.104,198.504,1533.12,456.948,MESCHA,1920,1080
task_20210205/20210205-154214_01(18.0).jpg,787.392,490.644,1386.816,756.216,MESBLE,1920,1080
task_20211204_Orlu/2021-12-23-15-48-23.jpg,612.672,492.696,972.672,735.156,MESCHA,1920,1080
task_2021_11_03-04_cescau4/2021-11-03-11-38-26.jpg,1221.504,466.884,1683.072,882.144,MESCHA,1920,1080
task_2021_11_03-04_cescau4/2021-11-03-11-29-34.jpg,910.08,425.736,1175.424,868.536,MESCHA,1920,1080
task_20210612_1_Lab/2021-06-12-06-19-33.jpg,832.512,252.072,1431.36,516.024,MESCHA,1920,1080
task_20210611_Lab/2021-06-11-14-01-38.jpg,1246.464,316.116,1510.272,780.948,MESCHA,1920,1080
task_2021_11_03-04_cescau4/2021-11-04-07-52-08.jpg,1338.432,467.748,1720.128,820.476,SITTOR,1920,1080
task_20210416_UPS/20210416-194903_(8.0).jpg,785.472,790.976,1348.8,1088.0,MESCHA,1920,1088
task_20210705-07_balacet/2021-07-07-07-35-56.jpg,981.888,426.276,1218.048,737.208,ACCMOU,1920,1080
task_20210611_Lab/2021-06-11-15-34-31.jpg,1212.288,295.272,1815.744,826.416,MESCHA,1920,1080
task_2021-03-01_09/20210301-090932_(5.0).jpg,729.408,441.728,968.64,702.1952,VEREUR,1920,1088
task_20210623_balacet/2021-06-23-14-12-24.jpg,1175.232,345.06,1763.712,740.664,ACCMOU,1920,1080
task_20210616_Lab/2021-06-16-04-40-32.jpg,1331.52,248.076,1535.04,468.72,MESCHA,1920,1080
task_20210612_1_Lab/2021-06-12-04-40-01.jpg,387.84,246.672,974.592,609.444,MESCHA,1920,1080
task_06-01-2021/2021-01-06-10-55-25.jpg,986.112,623.0976,1541.76,1037.952,MESCHA,1920,1088
task_20211204_Orlu/2021-12-23-13-23-21.jpg,312.96,362.34,800.256,855.9,MESCHA,1920,1080
task_20210611_Lab/2021-06-11-16-50-34.jpg,1164.672,234.36,1796.928,636.228,MESCHA,1920,1080
task_2021-03-01_07/20210301-075634_(6.0).jpg,1011.264,547.9168,1702.08,1009.0112,VEREUR,1920,1088
task_05-01-2021/2021-01-05-17-03-40.jpg,777.216,455.6544,1861.44,1088.0,SITTOR,1920,1088
task_20210228/20210228-152043_(10.0).jpg,443.904,416.704,1084.416,727.328,MESCHA,1920,1088
task_2021-03-01_17/20210301-170228_(10.0).jpg,1379.712,947.3216,1709.76,1088.0,MESCHA,1920,1088
task_2021-03-01_16/20210301-165843_(10.0).jpg,1383.552,611.456,1563.072,941.5552,MESCHA,1920,1088
task_20210615_Lab/2021-06-15-13-41-57.jpg,897.408,335.448,1366.272,669.276,MESCHA,1920,1080
task_20211204_Orlu/2021-12-24-08-27-58.jpg,890.496,515.484,1220.928,719.172,MESNON,1920,1080
task_2021-03-01_10/20210301-100153_(9.0).jpg,698.496,484.16,1001.472,989.7536,VEREUR,1920,1088
task_20210615_Lab/2021-06-15-10-55-13.jpg,1022.592,261.036,1561.92,563.652,MESCHA,1920,1080
task_2021-03-01_07/20210301-075725_(9.0).jpg,936.0,385.8048,1381.632,854.7328,VEREUR,1920,1088
task_20210217/20210217-131956_01(15.0).jpg,748.416,310.392,1760.448,1079.028,MESCHA,1920,1080
task_21-01-2021/2021-01-21-12-45-33.jpg,88.704,188.9856,708.288,684.896,MESCHA,1920,1088
task_21-01-2021/2021-01-21-14-12-39.jpg,19.392,256.4416,733.248,1005.2032,MESNON,1920,1088
task_20211204_Orlu/2021-12-23-16-02-57.jpg,1067.712,483.3,1685.568,844.02,MESBLE,1920,1080
task_05-01-2021/2021-01-05-17-23-42.jpg,0.0,477.1968,801.024,904.3456,ACCMOU,1920,1088
task_2021-03-01_12/20210301-120519_(6.0).jpg,953.28,426.2784,1153.92,704.1536,MESCHA,1920,1088
task_2021-03-01_12/20210301-123531_(10.0).jpg,619.392,457.1776,920.448,723.4112,VEREUR,1920,1088
task_20210615_Lab/2021-06-15-15-50-02.jpg,1082.496,246.672,1756.032,1039.716,MESCHA,1920,1080
task_20210624_balacet/2021-06-24-13-18-22.jpg,968.64,345.06,1267.776,802.44,MESCHA,1920,1080
task_2021-03-01_08/20210301-085209_(11.0).jpg,1049.856,536.2752,1464.576,1088.0,MESCHA,1920,1088
task_20210615_Lab/2021-06-15-09-05-24.jpg,1133.952,269.028,1741.44,605.124,MESCHA,1920,1080
task_2021_11_03-04_cescau4/2021-11-03-16-02-24.jpg,768.96,495.288,1173.888,989.28,MESNON,1920,1080
task_21-01-2021/2021-01-21-12-00-03.jpg,878.016,96.288,1526.4,777.4848,MESCHA,1920,1088
task_20211204_Orlu/2021-12-24-09-09-42.jpg,693.888,468.612,1275.456,724.356,MESCHA,1920,1080
task_19-01-2021/2021-01-19-11-40-39.jpg,791.232,302.7904,1661.376,794.8928,MESCHA,1920,1088
task_05-01-2021/2021-01-05-16-23-36.jpg,980.352,0.0,1628.736,478.3936,MESBLE,1920,1088
task_19-01-2021/2021-01-19-11-10-28.jpg,52.224,123.3792,717.888,553.6832,MESNON,1920,1088
task_20210525_UPS/20210525-154348_(20.0).jpg,428.352,304.7488,1049.856,1088.0,PIEBAV,1920,1088
task_19-01-2021/2021-01-19-12-08-29.jpg,1188.672,92.48,1779.264,524.7424,MESCHA,1920,1088
task_20211204_Orlu/2021-12-23-15-59-50.jpg,1544.832,774.792,1890.432,1080.0,MESCHA,1920,1080
task_19-01-2021/2021-01-19-12-30-59.jpg,57.984,88.672,480.576,545.8496,MESNON,1920,1088
task_20210615_Lab/2021-06-15-15-47-03.jpg,768.0,0.0,1337.28,553.5,MESCHA,1920,1080
task_2021-03-01_17/20210301-174316_(16.0).jpg,850.944,397.3376,1223.424,661.7216,MESCHA,1920,1088
task_20210611_Lab/2021-06-11-18-38-01.jpg,466.944,278.964,1010.112,590.868,MESCHA,1920,1080
task_21-01-2021/2021-01-21-13-59-30.jpg,758.4,204.4352,1433.856,785.2096,MESCHA,1920,1088
task_MOIDOM_ODJ/885.jpeg,192.555,149.9706,252.27,183.9396,MOIDOM,450,338
task_20210612_1_Lab/2021-06-12-06-10-13.jpg,586.56,362.448,1385.472,723.276,MESCHA,1920,1080
task_06-01-2021/2021-01-06-12-05-34.jpg,173.76,590.3488,995.712,1088.0,MESBLE,1920,1088
task_20210612_1_Lab/2021-06-12-05-47-41.jpg,879.936,302.616,1385.472,806.22,MESCHA,1920,1080
task_18-01-2021/2021-01-18-13-39-56.jpg,523.008,163.8528,1333.44,686.7456,MESNON,1920,1088
task_2021_11_03-04_cescau4/2021-11-04-08-21-51.jpg,810.624,386.64,1497.024,718.416,PINARB,1920,1080
task_20210624_balacet/2021-06-24-09-02-03.jpg,704.448,379.836,1511.04,800.496,MESCHA,1920,1080
task_18-01-2021/2021-01-18-13-32-53.jpg,833.664,354.9056,1644.096,1076.576,MESBLE,1920,1088
task_2021-03-01_10/20210301-103350_(18.0).jpg,399.552,428.2368,982.272,694.4704,MESCHA,1920,1088
task_2021-03-01_17/20210301-170305_(13.0).jpg,1350.72,709.92,1914.24,1088.0,MESCHA,1920,1088
task_2021_11_03-04_cescau4/2021-11-04-08-01-32.jpg,1228.032,507.384,1617.024,655.992,MESNOI,1920,1080
task_20210611_Lab/2021-06-11-15-20-03.jpg,1206.72,206.712,1777.152,733.752,MESCHA,1920,1080
task_2021_11_03-04_cescau4/2021-11-03-16-13-30.jpg,790.848,376.596,1376.832,910.764,MESCHA,1920,1080
task_2021_11_03-04_cescau4/2021-11-03-16-19-07.jpg,1008.384,427.032,1764.288,763.02,PINARB,1920,1080
task_20210217/20210217-163509_01(14.0).jpg,868.992,373.032,1474.176,1078.812,VEREUR,1920,1080
task_20211204_Orlu/2021-12-24-10-40-37.jpg,1022.208,759.888,1399.488,1080.0,SITTOR,1920,1080
task_2021_11_03-04_cescau4/2021-11-04-07-28-12.jpg,1008.768,382.86,1416.768,921.672,MESHUP,1920,1080
task_2021_11_03-04_cescau4/2021-11-04-07-12-32.jpg,1479.552,588.276,1920.0,905.256,MESCHA,1920,1080
task_20210615_Lab/2021-06-15-09-03-08.jpg,1394.304,291.06,1710.912,671.76,MESCHA,1920,1080
task_20210615_Lab/2021-06-15-11-04-47.jpg,1327.68,617.112,1920.0,1080.0,MESCHA,1920,1080
task_20210705-07_balacet/2021-07-05-11-03-05.jpg,1161.408,387.72,1573.44,799.956,MESNON,1920,1080
task_05-01-2021/2021-01-05-16-45-53.jpg,324.288,401.1456,1124.928,769.76,MESCHA,1920,1088
task_20211204_Orlu/2021-12-24-09-38-38.jpg,945.6,464.616,1403.136,750.492,MESNON,1920,1080
task_2021_11_03-04_cescau4/2021-11-04-06-47-55.jpg,1470.72,456.84,1755.072,1006.344,MESCHA,1920,1080
task_20210705-07_balacet/2021-07-07-07-22-12.jpg,760.896,309.96,1219.008,815.94,ACCMOU,1920,1080
task_2021_11_03-04_cescau4/2021-11-04-07-39-55.jpg,1005.888,520.236,1624.896,825.552,MESCHA,1920,1080
task_21-01-2021/2021-01-21-13-15-21.jpg,189.12,246.8672,976.512,808.384,MESBLE,1920,1088
task_MOIDOM_ODJ/1595.jpeg,463.86,275.58,558.225,368.685,MOIDOM,675,450
task_05-01-2021/2021-01-05-17-24-20.jpg,1148.16,553.6832,1920.0,912.6144,MESNON,1920,1088
task_20210525_UPS/20210525-155655_(30.0).jpg,514.368,354.5792,1919.808,1088.0,PIEBAV,1920,1088
task_2021_11_03-04_cescau4/2021-11-04-07-09-21.jpg,1248.768,510.192,1658.496,669.6,MESNOI,1920,1080
task_2021-03-01_13/20210301-135123_(15.0).jpg,775.68,412.7872,1315.968,719.6032,VEREUR,1920,1088
task_21-01-2021/2021-01-21-12-21-41.jpg,941.76,322.048,1289.088,634.7392,MESCHA,1920,1088
task_2021_11_03-04_cescau4/2021-11-04-07-36-03.jpg,608.064,389.016,1067.136,759.024,PINARB,1920,1080
task_20210624_balacet/2021-06-24-10-49-13.jpg,1040.064,335.448,1472.448,603.612,MESCHA,1920,1080
task_21-01-2021/2021-01-21-11-56-41.jpg,733.248,146.5536,1408.704,603.84,MESNON,1920,1088
task_20210624_balacet/2021-06-24-12-36-44.jpg,858.816,289.116,1157.76,671.22,ACCMOU,1920,1080
task_2021_11_03-04_cescau4/2021-11-04-06-33-58.jpg,1396.8,472.068,1619.136,677.052,MESNON,1920,1080
task_20210615_Lab/2021-06-15-08-46-43.jpg,1195.2,214.164,1570.368,480.492,MESCHA,1920,1080
task_2021-03-01_12/20210301-123103_(7.0).jpg,252.864,385.8048,825.984,812.192,VEREUR,1920,1088
task_20210417_UPS/20210417-131127_(6.0).jpg,945.6,621.1392,1248.576,823.8336,MESCHA,1920,1088
task_20210616_Lab/2021-06-16-18-01-35.jpg,662.784,2.052,1386.048,352.62,MESCHA,1920,1080
task_20210623_balacet/2021-06-23-12-25-50.jpg,868.416,289.116,1103.808,644.112,MESCHA,1920,1080
task_19-01-2021/2021-01-19-11-18-43.jpg,590.592,46.1312,1227.264,563.2576,MESNON,1920,1088
task_2021_11_03-04_cescau4/2021-11-03-15-49-13.jpg,1241.088,463.968,1466.112,693.792,MESNON,1920,1080
task_19-01-2021/2021-01-19-13-02-58.jpg,0.0,194.752,754.56,889.44,MESBLE,1920,1088
task_21-01-2021/2021-01-21-12-48-45.jpg,198.72,314.432,1018.944,823.8336,MESCHA,1920,1088
task_2021_11_03-04_cescau4/2021-11-04-08-13-26.jpg,713.28,540.108,1221.12,875.988,MESCHA,1920,1080
task_05-01-2021/2021-01-05-17-06-28.jpg,1134.72,555.6416,1225.344,677.1712,MESCHA,1920,1088
task_2021-03-01_15/20210301-153428_(15.0).jpg,372.48,528.5504,708.288,1086.2592,MESCHA,1920,1088
task_2021_11_03-04_cescau4/2021-11-03-16-16-01.jpg,1329.984,448.632,1548.096,696.492,PINARB,1920,1080
task_20211204_Orlu/2021-12-23-15-39-24.jpg,1237.824,492.372,1855.68,902.988,MESCHA,1920,1080
task_2021_11_03-04_cescau4/2021-11-03-14-59-47.jpg,1392.96,493.02,1566.144,642.924,MESNON,1920,1080
task_20210615_Lab/2021-06-15-09-09-47.jpg,1306.368,223.452,1813.824,447.336,MESCHA,1920,1080
task_2021_11_03-04_cescau4/2021-11-04-08-03-28.jpg,1075.968,529.2,1218.24,690.228,MESNON,1920,1080
task_2021_11_03-04_cescau4/2021-11-03-12-11-37.jpg,1747.008,665.712,1920.0,1062.18,MESNOI,1920,1080
task_2021_11_03-04_cescau4/2021-11-04-07-26-59.jpg,1547.328,475.092,1868.16,790.128,MESNOI,1920,1080
task_20210612_1_Lab/2021-06-12-05-47-07.jpg,1072.896,236.952,1522.56,736.776,MESCHA,1920,1080
task_2021-03-01_14/20210301-143226_(11.0).jpg,839.424,401.2544,1184.832,650.1888,MESCHA,1920,1088
task_05-01-2021/2021-01-05-16-44-13.jpg,1098.048,487.424,1681.152,1088.0,MESCHA,1920,1088
task_20211204_Orlu/2021-12-24-10-56-19.jpg,1060.224,550.26,1856.256,851.148,MESCHA,1920,1080
task_21-01-2021/2021-01-21-12-01-15.jpg,0.0,146.5536,798.912,627.0144,MESCHA,1920,1088
task_21-01-2021/2021-01-21-12-29-14.jpg,555.84,212.16,1308.288,688.704,MESCHA,1920,1088
task_20211204_Orlu/2021-12-23-13-30-41.jpg,1067.52,484.164,1351.104,718.848,MESCHA,1920,1080
task_2021-03-01_14/20210301-144639_(11.0).jpg,650.304,435.9616,1094.208,646.272,MESCHA,1920,1088
task_20210615_Lab/2021-06-15-08-26-42.jpg,524.928,267.84,1254.336,758.052,MESCHA,1920,1080
task_21-01-2021/2021-01-21-13-24-38.jpg,557.76,325.9648,1387.392,735.0528,MESCHA,1920,1088
task_20210217/20210217-134009_06(55.0).jpg,98.88,235.872,1003.584,683.532,MESCHA,1920,1080
task_20210228/20210228-150156_(7.0).jpg,364.8,364.5888,1107.648,750.5024,PINARB,1920,1088
task_20210227/20210227-143841_(11.0).jpg,1192.512,727.328,1767.552,1088.0,VEREUR,1920,1088
task_21-01-2021/2021-01-21-12-01-18.jpg,175.68,161.8944,1304.448,698.3872,MESCHA,1920,1088
task_20210612_1_Lab/2021-06-12-06-20-22.jpg,970.752,244.728,1182.912,516.78,MESCHA,1920,1080
task_19-01-2021/2021-01-19-13-02-02.jpg,706.368,111.8464,1514.88,524.7424,ROUGOR,1920,1088
task_2021_11_03-04_cescau4/2021-11-04-08-09-40.jpg,1623.168,531.144,1920.0,899.532,MESNON,1920,1080
task_2021-03-01_13/20210301-134918_(14.0).jpg,960.96,362.6304,1534.08,709.92,MESCHA,1920,1088
task_20210612_1_Lab/2021-06-12-05-37-40.jpg,555.84,198.396,1177.152,563.112,MESCHA,1920,1080
task_20210217/20210217-154122_03(11.0).jpg,580.416,318.816,947.328,588.924,VEREUR,1920,1080
task_2021-03-01_12/20210301-123557_(7.0).jpg,480.576,331.7312,1134.72,775.5264,VEREUR,1920,1088
task_18-01-2021/2021-01-18-13-32-49.jpg,9.6,565.216,905.088,1088.0,MESBLE,1920,1088
task_20210525_UPS/20210525-150336_(41.0).jpg,1.92,285.3824,1532.16,1086.2592,PIEBAV,1920,1088
task_2021-03-01_17/20210301-173618_(9.0).jpg,843.264,430.1952,1155.84,675.2128,VEREUR,1920,1088
task_20210523_UPS/20210523-174354_(17.0).jpg,324.48,388.416,1309.056,1082.7776,PIEBAV,1920,1088
task_21-01-2021/2021-01-21-13-21-54.jpg,81.024,115.6544,957.12,679.1296,MESCHA,1920,1088
task_20211204_Orlu/2021-12-23-16-05-07.jpg,1300.416,459.216,1819.392,815.616,MESCHA,1920,1080
task_2021-03-01_15/20210301-151650_(16.0).jpg,596.352,430.1952,1165.632,646.272,MESCHA,1920,1088
task_2021-03-01_17/20210301-173802_(29.0).jpg,928.128,474.5856,1291.008,1088.0,MESCHA,1920,1088
task_05-01-2021/2021-01-05-16-45-43.jpg,0.0,364.48,331.968,787.0592,ROUGOR,1920,1088
task_21-01-2021/2021-01-21-14-28-44.jpg,428.352,298.9824,910.848,630.8224,MESCHA,1920,1088
task_20210525_UPS/20210525-154251_(31.0).jpg,36.672,416.704,1296.768,1088.0,PIEBAV,1920,1088
task_20210705-07_balacet/2021-07-07-08-14-12.jpg,936.384,362.556,1147.584,629.856,ACCMOU,1920,1080
task_2021_11_03-04_cescau4/2021-11-03-15-43-01.jpg,1206.912,482.868,1660.032,645.408,MESNOI,1920,1080
task_19-01-2021/2021-01-19-11-36-31.jpg,754.56,82.7968,1190.592,611.5648,MESCHA,1920,1088
task_20210616_Lab/2021-06-16-18-12-18.jpg,1224.0,206.172,1600.128,558.9,MESCHA,1920,1080
task_2021_11_03-04_cescau4/2021-11-04-08-18-03.jpg,1239.936,479.196,1598.208,726.732,PINARB,1920,1080
task_05-01-2021/2021-01-05-16-13-23.jpg,690.816,362.6304,1609.344,843.0912,SITTOR,1920,1088
task_2021-03-01_14/20210301-141509_(18.0).jpg,638.784,401.2544,1032.384,638.5472,MESCHA,1920,1088
task_20210612_1_Lab/2021-06-12-06-33-04.jpg,690.816,236.952,982.272,511.056,MESCHA,1920,1080
task_20210523_UPS/20210523-174246_(26.0).jpg,415.488,396.032,1108.032,1082.7776,PIEBAV,1920,1088
task_20210205/20210205-165604_08(19.0).jpg,60.672,240.192,1049.28,913.788,MESCHA,1920,1080
task_2021_11_03-04_cescau4/2021-11-03-11-33-47.jpg,1314.624,437.508,1576.896,662.688,MESHUP,1920,1080
task_2021-03-01_12/20210301-122156_(9.0).jpg,351.168,439.7696,773.76,926.1056,MESCHA,1920,1088
task_20210616_Lab/2021-06-16-09-11-02.jpg,630.336,132.624,1492.608,1076.76,MESCHA,1920,1080
task_20210523_UPS/20210523-173803_(38.0).jpg,796.8,284.0768,1637.376,1078.9696,PIEBAV,1920,1088
task_2021_11_03-04_cescau4/2021-11-04-08-16-32.jpg,1185.024,466.56,1521.984,902.448,MESCHA,1920,1080
task_21-01-2021/2021-01-21-13-03-14.jpg,571.2,283.5328,1177.152,634.7392,MESCHA,1920,1088
task_2021-03-01_15/20210301-154054_(16.0).jpg,617.472,395.3792,1134.72,653.9968,MESCHA,1920,1088
task_2021_11_03-04_cescau4/2021-11-03-15-41-19.jpg,1494.912,492.156,1918.272,888.732,MESCHA,1920,1080
task_20210624_balacet/2021-06-24-14-47-35.jpg,991.872,356.616,1592.064,775.332,MESCHA,1920,1080
task_20210615_Lab/2021-06-15-15-51-12.jpg,1020.864,507.168,1696.128,1080.0,MESCHA,1920,1080
task_2021_11_03-04_cescau4/2021-11-03-16-02-57.jpg,864.192,474.12,1204.416,726.516,MESNON,1920,1080
task_20210623_balacet/2021-06-23-13-53-16.jpg,1138.56,308.448,1491.648,624.888,MESCHA,1920,1080
task_20210205/20210205-145003_06(15.0).jpg,580.608,395.82,1157.376,663.336,MESBLE,1920,1080
task_20210612_1_Lab/2021-06-12-06-41-06.jpg,978.432,327.672,1424.064,781.164,MESCHA,1920,1080
task_2021_11_03-04_cescau4/2021-11-03-14-00-07.jpg,888.96,460.944,1564.608,780.084,MESCHA,1920,1080
task_20210523_UPS/20210523-174646_(23.0).jpg,533.184,346.6368,1100.352,1084.6272,PIEBAV,1920,1088
task_20210624_balacet/2021-06-24-12-17-13.jpg,216.768,281.88,915.072,640.98,MESCHA,1920,1080
task_2021_11_03-04_cescau4/2021-11-03-15-36-21.jpg,1094.784,513.432,1397.184,675.432,SITTOR,1920,1080
task_20210612_1_Lab/2021-06-12-06-28-47.jpg,428.352,294.84,988.032,595.944,MESCHA,1920,1080
task_2021_11_03-04_cescau4/2021-11-04-07-49-17.jpg,1316.736,731.916,1915.584,1080.0,MESCHA,1920,1080
task_20210615_Lab/2021-06-15-13-42-10.jpg,878.016,308.448,1578.432,644.112,MESCHA,1920,1080
task_2021-03-01_11/20210301-115641_(20.0).jpg,1242.624,677.1712,1833.216,1088.0,MESCHA,1920,1088
task_2021-03-01_10/20210301-102855_(11.0).jpg,986.112,482.3104,1192.512,920.3392,MESBLE,1920,1088
task_20210227/20210227-114412_(6.0).jpg,830.4,466.8608,1293.504,883.6736,VEREUR,1920,1088
task_19-01-2021/2021-01-19-11-40-51.jpg,874.176,142.6368,1209.984,735.0528,MESCHA,1920,1088
task_2021_11_03-04_cescau4/2021-11-04-07-44-46.jpg,891.456,6.372,1920.0,1078.38,MESCHA,1920,1080
task_20210615_Lab/2021-06-15-15-49-07.jpg,875.712,138.564,1411.2,516.456,MESCHA,1920,1080
task_20210624_balacet/2021-06-24-14-17-24.jpg,779.712,310.284,1175.232,702.0,MESCHA,1920,1080
task_2021_11_03-04_cescau4/2021-11-03-16-22-21.jpg,1264.128,346.464,1722.048,747.36,MESCHA,1920,1080
task_20210705-07_balacet/2021-07-07-07-39-10.jpg,681.216,348.84,994.176,675.756,SITTOR,1920,1080
task_20210227/20210227-151140_(8.0).jpg,748.8,464.9024,1030.464,735.0528,MESCHA,1920,1088
task_21-01-2021/2021-01-21-12-38-41.jpg,445.824,69.3056,1086.336,715.6864,MESCHA,1920,1088
task_2021_11_03-04_cescau4/2021-11-03-13-26-18.jpg,569.472,450.144,1087.296,820.044,MESCHA,1920,1080
task_20210624_balacet/2021-06-24-06-10-44.jpg,517.248,379.836,1013.184,798.552,MESCHA,1920,1080
task_20210227/20210227-142632_(5.0).jpg,661.824,489.9264,988.032,754.3104,PINARB,1920,1088
task_19-01-2021/2021-01-19-11-18-46.jpg,1339.2,152.32,1748.352,628.864,MESNON,1920,1088
task_20210612_1_Lab/2021-06-12-06-28-41.jpg,638.784,250.56,957.12,615.168,MESCHA,1920,1080
task_2021_11_03-04_cescau4/2021-11-03-15-20-31.jpg,1360.704,490.86,1548.672,663.768,MESNOI,1920,1080
task_2021_11_03-04_cescau4/2021-11-03-14-31-20.jpg,1290.816,484.056,1636.416,675.756,MESCHA,1920,1080
task_20210705-07_balacet/2021-07-07-07-34-47.jpg,540.48,331.128,1230.336,657.828,ACCMOU,1920,1080
task_20210615_Lab/2021-06-15-11-06-50.jpg,1115.328,200.34,1373.952,395.28,MESCHA,1920,1080
task_2021_11_03-04_cescau4/2021-11-04-08-37-10.jpg,614.976,539.028,1155.84,879.984,MESNON,1920,1080
task_2021-03-01_13/20210301-135445_(12.0).jpg,733.248,397.3376,1059.456,769.76,VEREUR,1920,1088
task_20210415_UPS/20210415-141051_(6.0).jpg,596.928,692.1856,1069.44,937.6384,MESCHA,1920,1088
task_2021-03-01_10/20210301-103728_(6.0).jpg,1167.552,297.024,1410.624,800.6592,VEREUR,1920,1088
task_21-01-2021/2021-01-21-12-28-57.jpg,1300.608,204.4352,1920.0,856.5824,MESCHA,1920,1088
task_2021_11_03-04_cescau4/2021-11-03-12-40-17.jpg,1041.216,480.492,1548.672,688.932,MESCHA,1920,1080
task_2021-03-01_07/20210301-074546_(5.0).jpg,463.104,499.6096,926.208,738.8608,VEREUR,1920,1088
task_20211204_Orlu/2021-12-24-07-42-29.jpg,1033.92,484.056,1357.44,716.364,MESCHA,1920,1080
task_20210228/20210228-145351_(5.0).jpg,874.176,358.7136,1217.664,690.6624,VEREUR,1920,1088
task_2021_11_03-04_cescau4/2021-11-04-07-29-53.jpg,1129.728,507.816,1307.136,671.112,MESNON,1920,1080
task_20210625_balacet/2021-06-25-05-53-23.jpg,552.0,451.224,872.256,1080.0,MESCHA,1920,1080
task_20210615_Lab/2021-06-15-08-33-29.jpg,1442.688,875.34,1803.84,1080.0,MESCHA,1920,1080
task_21-01-2021/2021-01-21-11-56-51.jpg,602.112,258.4,1024.704,565.216,MESNON,1920,1088
task_2021_11_03-04_cescau4/2021-11-03-12-34-21.jpg,913.344,460.188,1264.32,859.14,MESCHA,1920,1080
task_2021-03-01_14/20210301-145622_(16.0).jpg,613.632,462.944,916.608,663.68,MESCHA,1920,1088
task_2021-03-01_13/20210301-134700_(12.0).jpg,729.408,374.1632,1180.992,740.8192,VEREUR,1920,1088
task_19-01-2021/2021-01-19-11-24-56.jpg,793.152,129.1456,1425.984,572.9408,MESCHA,1920,1088
task_20210615_Lab/2021-06-15-13-24-14.jpg,750.72,275.832,1356.864,608.688,MESCHA,1920,1080
task_20210623_balacet/2021-06-23-09-21-48.jpg,354.624,296.136,788.736,702.216,MESCHA,1920,1080
task_2021-03-01_13/20210301-131626_(12.0).jpg,393.6,439.7696,988.032,723.4112,MESCHA,1920,1088
task_05-01-2021/2021-01-05-17-21-12.jpg,106.176,453.2608,679.296,850.816,ACCMOU,1920,1088
task_2021-03-01_12/20210301-120204_(8.0).jpg,659.904,484.16,1057.536,632.7808,MESCHA,1920,1088
task_20210615_Lab/2021-06-15-09-26-48.jpg,831.744,236.952,1209.984,547.668,MESCHA,1920,1080
task_2021-03-01_13/20210301-135332_(13.0).jpg,636.864,408.9792,1049.856,789.0176,VEREUR,1920,1088
task_20210615_Lab/2021-06-15-13-27-20.jpg,698.496,547.668,1696.32,1080.0,MESCHA,1920,1080
task_21-01-2021/2021-01-21-13-51-34.jpg,1111.488,356.864,1659.456,974.304,MESCHA,1920,1088
task_2021_11_03-04_cescau4/2021-11-03-13-32-31.jpg,1251.648,484.164,1675.008,656.964,MESNON,1920,1080
task_18-01-2021/2021-01-18-14-12-44.jpg,7.68,551.7248,762.24,1088.0,MESBLE,1920,1088
task_20210615_Lab/2021-06-15-13-54-37.jpg,727.488,140.508,1107.648,470.448,MESCHA,1920,1080
task_05-01-2021/2021-01-05-17-06-46.jpg,272.064,397.4464,795.072,837.3248,MESCHA,1920,1088
task_20211204_Orlu/2021-12-24-08-08-13.jpg,953.28,463.752,1286.208,785.7,MESBLE,1920,1080
task_2021_11_03-04_cescau4/2021-11-03-16-06-16.jpg,1408.128,445.716,1604.736,697.356,MESHUP,1920,1080
task_2021_11_03-04_cescau4/2021-11-04-07-56-11.jpg,1336.896,471.42,1715.136,648.972,MESNON,1920,1080
task_20210624_balacet/2021-06-24-09-11-13.jpg,1009.152,329.616,1580.352,565.056,MESCHA,1920,1080
task_20210615_Lab/2021-06-15-09-02-15.jpg,1163.712,252.396,1526.4,798.552,MESCHA,1920,1080
task_2021_11_03-04_cescau4/2021-11-03-12-01-23.jpg,1031.04,390.528,1531.968,680.4,MESCHA,1920,1080
task_2021_11_03-04_cescau4/2021-11-04-07-13-55.jpg,1292.928,540.0,1676.928,1080.0,MESNON,1920,1080
task_20210615_Lab/2021-06-15-10-40-30.jpg,914.496,241.488,1425.216,410.184,MESCHA,1920,1080
task_20210616_Lab/2021-06-16-18-01-30.jpg,583.296,214.164,1339.392,703.296,MESCHA,1920,1080
task_20210228/20210228-143234_(8.0)(1).jpg,273.984,343.3728,771.84,951.1296,MESCHA,1920,1088
task_20210611_Lab/2021-06-11-18-37-53.jpg,862.464,232.2,1241.856,698.868,MESCHA,1920,1080
task_20210615_Lab/2021-06-15-10-40-14.jpg,1231.104,208.008,1715.52,397.116,MESCHA,1920,1080
task_21-01-2021/2021-01-21-14-21-39.jpg,262.464,0.0,895.488,430.1952,MESBLE,1920,1088
task_05-01-2021/2021-01-05-17-25-05.jpg,777.792,385.8048,1146.24,870.0736,MESNON,1920,1088
task_2021_11_03-04_cescau4/2021-11-04-07-33-20.jpg,820.032,401.544,1373.184,749.52,PINARB,1920,1080
task_20210615_Lab/2021-06-15-10-35-45.jpg,1263.936,200.34,1819.776,495.612,MESCHA,1920,1080
task_20210419_UPS/20210419-150158_(18.0).jpg,897.408,775.4176,1916.16,1086.5856,PIEBAV,1920,1088
task_2021_11_03-04_cescau4/2021-11-03-16-19-16.jpg,693.504,627.48,1003.2,1046.196,MESNON,1920,1080
task_2021-03-01_13/20210301-134116_(5.0).jpg,740.928,474.5856,1015.104,829.6,VEREUR,1920,1088
task_06-01-2021/2021-01-06-10-51-06.jpg,1366.272,563.2576,1910.4,1012.928,MESCHA,1920,1088
task_20210414/20210414-115713_(7.0).jpg,617.472,652.0384,1144.32,872.032,MESCHA,1920,1088
task_20210217/20210217-174327_01(12.0).jpg,815.808,63.828,1887.744,634.824,TOUTUR,1920,1080
task_20210217/20210217-132659_03(28.0).jpg,657.024,212.544,1386.24,851.472,MESCHA,1920,1080
task_19-01-2021/2021-01-19-11-14-46.jpg,746.88,190.8352,1121.088,783.2512,MESCHA,1920,1088
task_20211204_Orlu/2021-12-23-15-54-23.jpg,932.352,459.216,1363.584,971.352,MESCHA,1920,1080
task_20210615_Lab/2021-06-15-10-45-55.jpg,1299.456,252.288,1524.48,446.148,MESCHA,1920,1080
task_20211204_Orlu/2021-12-24-09-17-20.jpg,1157.184,469.476,1487.232,851.148,MESCHA,1920,1080
task_21-01-2021/2021-01-21-14-30-47.jpg,146.688,217.9264,818.304,665.5296,MESNON,1920,1088
task_20210523_UPS/20210523-185719_(16.0).jpg,153.792,378.9504,1183.872,1086.5856,PIEBAV,1920,1088
task_2021-03-01_14/20210301-143230_(21.0).jpg,470.784,721.5616,752.64,1088.0,MESBLE,1920,1088
task_MOIDOM_ODJ/1655.jpeg,348.7725,229.095,528.525,310.05,MOIDOM,675,450
task_21-01-2021/2021-01-21-14-21-14.jpg,117.696,275.808,914.688,613.5232,MESCHA,1920,1088
task_2021_11_03-04_cescau4/2021-11-04-06-53-57.jpg,685.824,478.224,1016.832,908.172,MESCHA,1920,1080
task_20210227/20210227-114325_(7.0).jpg,1138.56,507.3344,1632.0,1082.3424,MESCHA,1920,1088
task_20210228/20210228-141637_(6.0).jpg,806.592,484.16,1511.04,1082.3424,VEREUR,1920,1088
task_20210611_Lab/2021-06-11-14-00-05.jpg,278.976,232.632,825.408,657.612,MESCHA,1920,1080
task_20210612_1_Lab/2021-06-12-05-41-29.jpg,841.344,217.728,1445.376,532.224,MESCHA,1920,1080
task_20211204_Orlu/2021-12-23-13-37-45.jpg,791.232,453.384,1304.832,669.384,MESCHA,1920,1080
task_20210525_UPS/20210525-160013_(13.0).jpg,32.832,40.3648,1395.264,1088.0,PIEBAV,1920,1088
task_20210624_balacet/2021-06-24-13-11-12.jpg,941.76,271.728,1754.112,819.72,ROUGOR,1920,1080
task_20210705-07_balacet/2021-07-06-08-58-25.jpg,819.456,263.736,1059.456,616.572,ROUGOR,1920,1080
task_20210611_Lab/2021-06-11-15-09-42.jpg,550.272,232.632,1199.04,520.992,MESCHA,1920,1080
task_20211204_Orlu/2021-12-23-15-45-57.jpg,1034.112,488.7,1326.144,707.724,MESCHA,1920,1080
task_20210419_UPS/20210419-133147_(7.0).jpg,1117.44,720.3648,1720.896,1088.0,MESCHA,1920,1088
task_20210612_1_Lab/2021-06-12-05-41-46.jpg,812.352,235.116,1447.296,518.724,MESCHA,1920,1080
task_20211204_Orlu/2021-12-24-08-00-18.jpg,908.928,420.66,1214.784,738.936,MESCHA,1920,1080
task_20210523_UPS/20210523-173741_(46.0).jpg,214.464,392.224,1462.848,1084.6272,PIEBAV,1920,1088
task_2021-03-01_09/20210301-092253_(11.0).jpg,924.288,242.9504,1918.08,1086.2592,TOUTUR,1920,1088
task_20210705-07_balacet/2021-07-06-15-26-28.jpg,752.256,199.584,1132.992,764.64,ROUGOR,1920,1080
task_2021-03-01_12/20210301-123054_(5.0).jpg,607.872,462.944,829.824,771.7184,VEREUR,1920,1088
task_19-01-2021/2021-01-19-13-03-00.jpg,654.144,187.0272,916.608,493.8432,MESBLE,1920,1088
task_20210615_Lab/2021-06-15-13-47-42.jpg,667.776,208.008,1001.472,485.892,MESCHA,1920,1080
task_2021-03-01_13/20210301-135517_(14.0).jpg,561.6,412.7872,1227.264,754.3104,VEREUR,1920,1088
task_2021-03-01_18/20210301-182725_(6.0).jpg,156.288,495.8016,812.352,762.0352,MESCHA,1920,1088
task_20210624_balacet/2021-06-24-07-08-12.jpg,916.608,236.952,1128.96,636.444,MESCHA,1920,1080
task_20210615_Lab/2021-06-15-14-05-32.jpg,1424.064,254.34,1702.08,511.056,MESCHA,1920,1080
task_21-01-2021/2021-01-21-14-21-21.jpg,0.0,258.4,692.736,752.4608,MESCHA,1920,1088
task_2021_11_03-04_cescau4/2021-11-03-11-23-03.jpg,915.456,381.456,1026.048,525.096,MESCHA,1920,1080
task_20211204_Orlu/2021-12-24-08-21-21.jpg,839.616,466.128,1340.352,706.104,MESBLE,1920,1080
task_20210612_1_Lab/2021-06-12-06-09-15.jpg,612.864,246.456,860.544,558.36,MESCHA,1920,1080
task_2021-03-01_15/20210301-150840_(8.0).jpg,187.2,447.4944,779.712,850.816,MESCHA,1920,1088
task_20210526_UPS/20210526-064107_(13.0).jpg,1015.104,447.168,1918.08,1088.0,PIEBAV,1920,1088
task_19-01-2021/2021-01-19-12-56-32.jpg,359.04,223.6928,1196.352,680.9792,MESBLE,1920,1088
task_20210624_balacet/2021-06-24-14-18-17.jpg,702.336,335.448,1088.448,765.72,MESCHA,1920,1080
task_2021-03-01_08/20210301-083719_(18.0).jpg,3.84,374.1632,976.512,1088.0,MESCHA,1920,1088
task_20210217/20210217-143559_01(16.0).jpg,917.568,317.736,1249.152,583.524,MESCHA,1920,1080
task_20210205/20210205-125632_01(18.0).jpg,1343.808,764.1,1915.968,1078.704,MESCHA,1920,1080
task_20210612_1_Lab/2021-06-12-05-46-37.jpg,1325.76,455.004,1746.432,931.716,MESCHA,1920,1080
task_20210611_Lab/2021-06-11-15-34-13.jpg,1090.56,321.408,1394.88,812.808,MESCHA,1920,1080
task_2021-03-01_10/20210301-104253_(10.0).jpg,870.336,696.4288,1414.464,1088.0,MESCHA,1920,1088
task_20210227/20210227-172741_(6.0).jpg,995.712,744.736,1360.512,1088.0,MESCHA,1920,1088
task_2021-03-01_08/20210301-085521_(6.0).jpg,613.632,407.0208,1179.072,729.2864,VEREUR,1920,1088
task_2021_11_03-04_cescau4/2021-11-04-06-36-24.jpg,683.52,461.268,1392.768,710.1,PINARB,1920,1080
task_20211204_Orlu/2021-12-24-08-31-57.jpg,1518.528,554.04,1883.328,1066.392,MESCHA,1920,1080
task_2021-03-01_09/20210301-095721_(10.0).jpg,243.264,350.9888,818.304,937.7472,PINARB,1920,1088
task_20211204_Orlu/2021-12-24-08-28-26.jpg,1071.552,500.364,1273.536,698.652,MESCHA,1920,1080
task_20210227/20210227-133113_(11.0).jpg,1007.232,557.4912,1223.424,721.5616,VEREUR,1920,1088
task_20210228/20210228-121547_(10.0).jpg,781.632,434.0032,1441.536,1088.0,VEREUR,1920,1088
task_2021_11_03-04_cescau4/2021-11-03-11-10-05.jpg,1013.952,526.176,1279.296,940.896,MESNON,1920,1080
task_20210616_Lab/2021-06-16-04-37-02.jpg,1235.136,199.26,1531.2,452.628,MESCHA,1920,1080
task_2021-03-01_15/20210301-154108_(15.0).jpg,189.12,391.5712,802.752,937.7472,MESCHA,1920,1088
task_20210523_UPS/20210523-175258_(28.0).jpg,811.968,301.1584,1373.568,1082.7776,PIEBAV,1920,1088
task_20211204_Orlu/2021-12-24-07-53-54.jpg,619.392,546.156,1202.304,776.088,MESNON,1920,1080
task_20210624_balacet/2021-06-24-11-03-01.jpg,1082.496,408.78,1375.872,740.664,ACCMOU,1920,1080
task_06-01-2021/2021-01-06-11-57-44.jpg,1055.616,509.2928,1920.0,1088.0,MESCHA,1920,1088
task_2021-03-01_17/20210301-174217_(12.0).jpg,451.584,462.944,719.808,1036.1024,MESCHA,1920,1088
task_2021_11_03-04_cescau4/2021-11-03-12-50-05.jpg,827.136,479.952,1439.04,713.232,MESCHA,1920,1080
task_20210615_Lab/2021-06-15-10-40-23.jpg,1136.256,154.656,1536.96,519.156,MESCHA,1920,1080
task_05-01-2021/2021-01-05-16-57-13.jpg,59.904,248.3904,317.76,425.5168,MESCHA,1920,1088
task_20210625_balacet/2021-06-25-05-42-10.jpg,291.456,372.06,1188.672,862.164,ACCMOU,1920,1080
task_20210615_Lab/2021-06-15-09-08-50.jpg,1370.688,284.904,1629.312,711.072,MESCHA,1920,1080
task_18-01-2021/2021-01-18-14-24-47.jpg,986.112,90.5216,1744.512,603.84,MESBLE,1920,1088
task_2021_11_03-04_cescau4/2021-11-03-13-28-28.jpg,708.48,440.856,1430.784,848.88,MESCHA,1920,1080
task_21-01-2021/2021-01-21-12-03-32.jpg,449.664,246.8672,1225.344,599.9232,MESCHA,1920,1088
task_20210205/20210205-145838_01(28.0).jpg,521.856,475.524,1233.216,724.032,MESCHA,1920,1080
task_20210525_UPS/20210525-154418_(35.0).jpg,607.872,395.3792,1231.104,1088.0,PIEBAV,1920,1088
task_2021-03-01_10/20210301-103034_(8.0).jpg,960.96,347.1808,1472.448,723.4112,VEREUR,1920,1088
task_2021_11_03-04_cescau4/2021-11-03-12-49-11.jpg,1012.416,450.144,1355.52,697.248,MESCHA,1920,1080
task_05-01-2021/2021-01-05-16-49-31.jpg,1123.008,634.7392,1918.08,1086.2592,SITTOR,1920,1088
task_2021_11_03-04_cescau4/2021-11-03-11-48-47.jpg,1535.232,933.876,1920.0,1080.0,MESNON,1920,1080
task_20210526_UPS/20210526-091233_(21.0).jpg,838.656,394.0736,1728.384,1088.0,PIEBAV,1920,1088
task_20210526_UPS/20210526-085606_(24.0).jpg,851.904,333.3632,1916.16,1084.6272,PIEBAV,1920,1088
task_20210205/20210205-145419_01(24.0).jpg,554.88,273.132,1154.88,965.844,VEREUR,1920,1080
task_20210418_UPS/20210418-134504_(9.0).jpg,571.008,623.6416,846.144,925.344,MESCHA,1920,1088
task_2021_11_03-04_cescau4/2021-11-04-08-20-30.jpg,1497.408,439.02,1830.72,701.568,MESNON,1920,1080
task_2021-03-01_17/20210301-173614_(6.0).jpg,881.856,393.5296,1117.248,702.1952,VEREUR,1920,1088
task_2021-03-01_16/20210301-165950_(37.0).jpg,3.84,266.1248,345.408,684.896,VEREUR,1920,1088
task_2021-03-01_07/20210301-074614_(8.0).jpg,507.456,407.0208,781.632,765.952,VEREUR,1920,1088
task_20211204_Orlu/2021-12-24-08-03-30.jpg,774.144,527.58,1093.632,715.716,MESCHA,1920,1080
task_20211204_Orlu/2021-12-23-13-57-07.jpg,646.848,450.9,1161.024,751.572,MESCHA,1920,1080
task_2021-03-01_12/20210301-125041_(8.0).jpg,243.264,422.4704,773.76,773.6768,MESCHA,1920,1088
task_20211204_Orlu/2021-12-24-08-48-35.jpg,856.512,444.636,1430.592,737.964,MESCHA,1920,1080
task_2021-03-01_11/20210301-114929_(11.0).jpg,640.704,466.8608,910.848,653.9968,MESCHA,1920,1088
task_20210623_balacet/2021-06-23-12-34-21.jpg,224.832,291.816,764.352,870.696,MESCHA,1920,1080
task_2021_11_03-04_cescau4/2021-11-03-11-45-32.jpg,682.176,280.368,1308.672,812.16,ROUGOR,1920,1080
task_20210615_Lab/2021-06-15-09-59-57.jpg,1256.256,215.784,1705.92,848.664,MESCHA,1920,1080
task_20210612_1_Lab/2021-06-12-05-41-33.jpg,972.672,240.84,1511.04,474.336,MESCHA,1920,1080
task_2021_11_03-04_cescau4/2021-11-04-06-39-52.jpg,1495.296,483.192,1920.0,838.08,MESCHA,1920,1080
task_20210612_1_Lab/2021-06-12-05-27-45.jpg,1084.416,202.284,1458.816,532.224,MESCHA,1920,1080
task_19-01-2021/2021-01-19-11-19-52.jpg,569.28,302.7904,1038.144,997.4784,MESNON,1920,1088
task_05-01-2021/2021-01-05-17-17-55.jpg,1065.216,491.8848,1920.0,951.2384,MESCHA,1920,1088
task_05-01-2021/2021-01-05-17-27-26.jpg,449.664,474.4768,1273.536,964.7296,ACCMOU,1920,1088
task_20210612_1_Lab/2021-06-12-05-59-27.jpg,350.4,214.92,1098.24,601.668,MESCHA,1920,1080
task_20211204_Orlu/2021-12-24-10-32-18.jpg,1080.192,475.848,1391.232,801.36,MESNOI,1920,1080
task_05-01-2021/2021-01-05-17-35-00.jpg,985.728,497.6512,1920.0,979.744,ACCMOU,1920,1088
task_20210623_balacet/2021-06-23-15-00-32.jpg,931.968,302.616,1534.08,632.556,MESCHA,1920,1080
task_20211204_Orlu/2021-12-23-16-03-54.jpg,1027.584,509.22,1308.288,689.148,MESCHA,1920,1080
task_06-01-2021/2021-01-06-11-45-51.jpg,59.904,644.3136,754.56,1088.0,MESCHA,1920,1088
task_2021_11_03-04_cescau4/2021-11-04-08-02-11.jpg,1427.904,542.916,1920.0,1080.0,MESNON,1920,1080
task_2021_11_03-04_cescau4/2021-11-04-08-04-36.jpg,650.112,0.0,1914.24,1075.68,MESCHA,1920,1080
task_20210227/20210227-142941_(5.0).jpg,1157.76,538.2336,1618.944,742.7776,VEREUR,1920,1088
task_20210616_Lab/2021-06-16-06-56-21.jpg,882.048,194.292,1406.784,470.556,VEREUR,1920,1080
task_20210205/20210205-122625_05(13.0).jpg,808.32,412.884,1223.808,824.58,VEREUR,1920,1080
task_21-01-2021/2021-01-21-12-23-03.jpg,885.696,248.7168,1485.888,740.8192,MESCHA,1920,1088
task_20210526_UPS/20210526-150139_(28.0).jpg,734.208,295.392,1916.16,984.096,PIEBAV,1920,1088
task_20210616_Lab/2021-06-16-05-32-23.jpg,1033.536,237.708,1367.04,607.824,VEREUR,1920,1080
task_2021-03-01_09/20210301-090222_(6.0).jpg,515.328,493.8432,999.552,696.4288,MESCHA,1920,1088
task_2021_11_03-04_cescau4/2021-11-03-12-21-32.jpg,899.52,444.312,1316.736,705.132,MESNOI,1920,1080
task_MOIDOM_ODJ/1676.jpeg,333.06,130.725,490.32,348.66,MOIDOM,600,450
task_20210615_Lab/2021-06-15-09-03-41.jpg,1240.704,349.812,1832.832,683.424,MESCHA,1920,1080
task_21-01-2021/2021-01-21-12-41-18.jpg,825.984,306.7072,1348.8,773.6768,MESCHA,1920,1088
task_20210417_UPS/20210417-121023_(6.0).jpg,969.024,876.2752,1575.744,1084.6272,MESBLE,1920,1088
task_20210616_Lab/2021-06-16-09-31-07.jpg,1093.056,346.248,1448.256,929.124,MESCHA,1920,1080
task_20210523_UPS/20210523-173704_(22.0).jpg,912.576,407.3472,1918.08,1084.6272,PIEBAV,1920,1088
task_20211204_Orlu/2021-12-24-09-38-21.jpg,572.352,479.412,1088.832,733.536,MESNON,1920,1080
task_21-01-2021/2021-01-21-13-13-02.jpg,962.88,310.5152,1458.816,746.5856,MESCHA,1920,1088
task_20210612_1_Lab/2021-06-12-04-47-30.jpg,924.288,221.508,1582.272,613.332,MESCHA,1920,1080
task_20210227/20210227-121548_(5.0).jpg,609.792,395.3792,1142.4,731.136,PINARB,1920,1088
task_2021-03-01_09/20210301-091639_(42.0).jpg,289.728,54.944,1476.288,1088.0,TOUTUR,1920,1088
task_20210417_UPS/20210417-082607_(5.0).jpg,698.496,779.4432,949.44,1057.3184,MESCHA,1920,1088
task_20210616_Lab/2021-06-16-04-48-31.jpg,1255.104,289.224,1653.696,631.908,MESCHA,1920,1080
task_20211204_Orlu/2021-12-24-10-23-18.jpg,1058.304,457.272,1432.512,725.652,MESCHA,1920,1080
task_2021-03-01_13/20210301-134850_(12.0).jpg,766.08,464.9024,1402.944,781.4016,VEREUR,1920,1088
task_2021-03-01_17/20210301-175923_(11.0).jpg,683.136,455.2192,1113.408,655.9552,MESCHA,1920,1088
task_20210615_Lab/2021-06-15-13-51-21.jpg,441.984,184.896,980.352,557.28,MESCHA,1920,1080
task_20210615_Lab/2021-06-15-15-49-20.jpg,880.512,698.652,1626.048,1080.0,MESCHA,1920,1080
task_2021-03-01_08/20210301-084533_(5.0).jpg,1041.984,762.0352,1393.152,1088.0,MESBLE,1920,1088
task_2021-03-01_17/20210301-172348_(12.0).jpg,779.712,489.9264,930.048,627.0144,MESBLE,1920,1088
task_20210615_Lab/2021-06-15-13-42-16.jpg,1215.744,854.496,1920.0,1080.0,MESCHA,1920,1080
task_06-01-2021/2021-01-06-11-47-21.jpg,1221.504,540.192,1559.232,943.4048,PINARB,1920,1088
task_20210526_UPS/20210526-085348_(22.0).jpg,654.528,411.1552,1392.576,1088.0,PIEBAV,1920,1088
task_20210625_balacet/2021-06-25-05-31-09.jpg,474.816,451.224,1111.488,935.496,MESCHA,1920,1080
task_20210612_1_Lab/2021-06-12-05-55-37.jpg,781.632,229.284,1051.776,534.168,MESCHA,1920,1080
task_MOIDOM_ODJ/1575.jpeg,66.36,127.755,346.2,295.02,MOIDOM,600,450
task_2021_11_03-04_cescau4/2021-11-04-07-22-51.jpg,1047.36,481.788,1515.264,700.812,MESHUP,1920,1080
task_20210615_Lab/2021-06-15-09-02-56.jpg,986.112,231.228,1507.008,466.668,MESCHA,1920,1080
task_20210615_Lab/2021-06-15-09-57-10.jpg,1291.776,224.316,1759.488,481.572,MESCHA,1920,1080
task_20210616_Lab/2021-06-16-05-29-56.jpg,480.384,171.612,1040.448,586.872,MESCHA,1920,1080
task_2021_11_03-04_cescau4/2021-11-04-07-37-59.jpg,1208.064,470.772,1556.352,658.26,MESNON,1920,1080
task_2021_11_03-04_cescau4/2021-11-03-14-11-02.jpg,359.04,9.288,1903.296,1076.976,MESCHA,1920,1080
task_19-01-2021/2021-01-19-11-10-23.jpg,1.728,113.696,856.704,906.7392,MESCHA,1920,1088
task_19-01-2021/2021-01-19-10-53-06.jpg,254.784,169.6192,1001.472,598.0736,MESNON,1920,1088
task_2021_11_03-04_cescau4/2021-11-03-14-12-42.jpg,1268.544,446.58,1470.144,692.388,MESCHA,1920,1080
task_20210419_UPS/20210419-101420_(8.0).jpg,1282.56,450.976,1779.648,868.4416,MESCHA,1920,1088
task_20210227/20210227-124402_(9.0).jpg,1022.784,611.5648,1454.976,1088.0,VEREUR,1920,1088
task_2021_11_03-04_cescau4/2021-11-03-13-13-09.jpg,1022.208,412.344,1622.208,678.348,MESCHA,1920,1080
task_2021_11_03-04_cescau4/2021-11-04-07-32-18.jpg,1302.912,431.244,1556.16,736.02,PINARB,1920,1080
task_20210624_balacet/2021-06-24-09-10-21.jpg,936.0,264.06,1352.64,609.444,MESCHA,1920,1080
task_2021-03-01_16/20210301-160142_(21.0).jpg,571.2,441.728,1155.84,763.9936,MESCHA,1920,1088
task_20210227/20210227-173052_(5.0).jpg,949.44,709.92,1487.808,1086.2592,VEREUR,1920,1088
task_20211204_Orlu/2021-12-23-15-12-21.jpg,821.76,513.432,1004.928,705.996,MESNOI,1920,1080
task_20210227/20210227-163459_(5.0).jpg,843.264,538.2336,1236.864,754.3104,MESCHA,1920,1088
task_20210624_balacet/2021-06-24-11-24-28.jpg,239.232,333.504,841.344,796.608,ACCMOU,1920,1080
task_2021_11_03-04_cescau4/2021-11-03-15-50-34.jpg,1685.184,500.904,1914.24,991.008,MESHUP,1920,1080
task_2021_11_03-04_cescau4/2021-11-03-11-41-14.jpg,1365.312,609.984,1690.56,926.532,MESNON,1920,1080
task_20210615_Lab/2021-06-15-09-03-47.jpg,1101.888,204.228,1549.632,638.388,MESCHA,1920,1080
task_20210217/20210217-134009_01(55.0).jpg,462.528,315.684,840.96,872.748,MESCHA,1920,1080
task_20210611_Lab/2021-06-11-13-52-00.jpg,701.952,297.108,1144.128,794.232,MESCHA,1920,1080
task_2021-03-01_13/20210301-135832_(13.0).jpg,903.168,393.5296,1383.552,675.2128,VEREUR,1920,1088
task_19-01-2021/2021-01-19-11-40-24.jpg,600.192,96.288,881.856,570.9824,MESCHA,1920,1088
task_2021-03-01_17/20210301-173938_(5.0).jpg,575.04,982.2464,723.648,1088.0,MESCHA,1920,1088
task_20210616_Lab/2021-06-16-04-39-35.jpg,553.728,143.532,1178.88,464.724,MESCHA,1920,1080
task_20210612_1_Lab/2021-06-12-06-08-29.jpg,1202.304,702.0,1692.288,1080.0,MESCHA,1920,1080
task_20210615_Lab/2021-06-15-09-06-27.jpg,936.0,146.34,1177.152,570.78,MESCHA,1920,1080
task_20211204_Orlu/2021-12-24-11-00-56.jpg,1138.752,487.08,1399.104,739.368,SITTOR,1920,1080
task_2021-03-01_07/20210301-074443_(5.0).jpg,528.768,474.5856,856.704,735.0528,VEREUR,1920,1088
task_2021_11_03-04_cescau4/2021-11-03-14-08-01.jpg,1294.656,424.008,1612.224,688.068,MESCHA,1920,1080
task_20211204_Orlu/2021-12-23-16-09-22.jpg,772.8,495.072,1212.288,752.22,MESBLE,1920,1080
task_19-01-2021/2021-01-19-11-08-08.jpg,1215.744,131.104,1530.24,661.7216,MESCHA,1920,1088
task_05-01-2021/2021-01-05-17-14-58.jpg,1344.96,297.024,1920.0,711.8784,ACCMOU,1920,1088
task_2021-03-01_13/20210301-135904_(18.0).jpg,376.32,395.3792,796.992,715.6864,MESCHA,1920,1088
task_2021-03-01_16/20210301-165848_(6.0).jpg,1045.824,470.6688,1373.952,702.1952,VEREUR,1920,1088
task_20210611_Lab/2021-06-11-13-56-25.jpg,929.664,164.376,1250.304,600.696,MESCHA,1920,1080
task_2021_11_03-04_cescau4/2021-11-03-16-15-46.jpg,1166.208,450.144,1514.112,662.148,MESNOI,1920,1080
task_20210417_UPS/20210417-144729_(5.0).jpg,972.672,630.8224,1267.776,819.9168,MESCHA,1920,1088
task_21-01-2021/2021-01-21-11-57-17.jpg,696.576,123.3792,1580.352,721.5616,MESCHA,1920,1088
task_20210616_Lab/2021-06-16-09-09-41.jpg,761.856,152.28,1241.472,447.552,MESCHA,1920,1080
task_19-01-2021/2021-01-19-11-36-34.jpg,540.288,190.8352,1188.672,576.8576,MESCHA,1920,1088
task_20210615_Lab/2021-06-15-10-34-06.jpg,594.432,254.34,1127.04,783.108,MESCHA,1920,1080
task_21-01-2021/2021-01-21-14-09-22.jpg,706.368,352.9472,1263.936,625.056,MESCHA,1920,1088
task_20210616_Lab/2021-06-16-18-52-05.jpg,1336.128,2.916,1792.512,538.272,MESCHA,1920,1080
task_21-01-2021/2021-01-21-13-16-03.jpg,995.712,401.2544,1549.632,802.6176,MESCHA,1920,1088
task_20210526_UPS/20210526-091156_(24.0).jpg,914.496,227.1744,1912.32,913.92,PIEBAV,1920,1088
task_20210623_balacet/2021-06-23-12-52-14.jpg,1057.536,356.616,1860.288,758.052,ACCMOU,1920,1080
task_06-01-2021/2021-01-06-11-43-37.jpg,1096.128,574.8992,1690.368,966.5792,MESCHA,1920,1088
task_2021-03-01_17/20210301-172813_(10.0).jpg,642.624,482.3104,862.656,706.112,MESBLE,1920,1088
task_2021_11_03-04_cescau4/2021-11-03-16-32-35.jpg,1767.36,665.496,1920.0,990.684,MESNON,1920,1080
task_2021-03-01_17/20210301-171833_(11.0).jpg,1003.392,690.6624,1508.928,1088.0,MESCHA,1920,1088
task_20210227/20210227-114518_(5.0).jpg,422.592,619.2896,808.512,935.68,MESBLE,1920,1088
task_2021-03-01_07/20210301-074625_(5.0).jpg,440.064,468.7104,841.344,762.0352,VEREUR,1920,1088
task_MOIDOM_ODJ/11721.jpeg,181.935,109.2063,324.72,326.5416,MOIDOM,450,399
task_20210623_balacet/2021-06-23-13-24-01.jpg,1086.336,238.896,1655.616,756.108,ROUGOR,1920,1080
task_20210418_UPS/20210418-095758_(6.0).jpg,925.824,942.4256,1419.072,1088.0,MESCHA,1920,1088
task_2021_11_03-04_cescau4/2021-11-04-07-31-44.jpg,824.064,486.108,1281.6,715.284,MESNON,1920,1080
task_20210227/20210227-132935_(9.0).jpg,683.136,594.1568,916.608,1086.2592,VEREUR,1920,1088
task_20211204_Orlu/2021-12-24-09-24-13.jpg,983.616,515.052,1193.28,697.68,MESNOI,1920,1080
task_20210612_1_Lab/2021-06-12-06-36-22.jpg,986.112,233.172,1246.656,595.944,MESCHA,1920,1080
task_2021_11_03-04_cescau4/2021-11-04-07-10-53.jpg,1206.336,514.944,1556.736,756.108,SITTOR,1920,1080
task_2021-03-01_15/20210301-154310_(9.0).jpg,283.776,468.7104,754.56,806.4256,MESCHA,1920,1088
task_2021_11_03-04_cescau4/2021-11-03-12-43-05.jpg,1110.336,416.232,1532.352,688.176,MESCHA,1920,1080
task_2021-03-01_07/20210301-075702_(7.0).jpg,1049.856,526.592,1688.448,1088.0,VEREUR,1920,1088
task_20210612_1_Lab/2021-06-12-06-10-07.jpg,575.04,279.396,908.928,837.108,MESCHA,1920,1080
task_20210523_UPS/20210523-174406_(12.0).jpg,650.688,367.5264,1199.04,1084.6272,PIEBAV,1920,1088
task_2021-03-01_10/20210301-103043_(6.0).jpg,1179.072,387.6544,1541.76,733.0944,VEREUR,1920,1088
task_20210705-07_balacet/2021-07-07-08-30-58.jpg,993.216,328.644,1229.568,639.576,SITTOR,1920,1080
task_21-01-2021/2021-01-21-13-37-14.jpg,501.696,555.5328,1296.768,1088.0,MESBLE,1920,1088
task_20211204_Orlu/2021-12-24-10-15-48.jpg,244.032,511.056,878.4,994.14,MESCHA,1920,1080
task_2021_11_03-04_cescau4/2021-11-03-11-34-32.jpg,692.16,390.312,1165.824,947.376,MESHUP,1920,1080
task_20210612_1_Lab/2021-06-12-05-45-14.jpg,293.376,46.116,1560.384,1080.0,MESCHA,1920,1080
task_MOIDOM_ODJ/1407.jpeg,326.1,206.19,420.06,340.875,MOIDOM,600,450
task_21-01-2021/2021-01-21-13-56-30.jpg,835.584,231.4176,1383.552,713.8368,MESBLE,1920,1088
task_20210611_Lab/2021-06-11-15-34-05.jpg,1173.312,219.132,1803.072,619.488,MESCHA,1920,1080
task_20211204_Orlu/2021-12-24-08-13-17.jpg,1080.96,486.972,1255.296,781.38,MESBLE,1920,1080
task_20210414/20210414-104126_(6.0).jpg,513.408,1009.0112,1478.208,1088.0,MESCHA,1920,1088
task_2021-03-01_08/20210301-080831_(6.0).jpg,254.784,476.4352,850.944,762.0352,MESCHA,1920,1088
task_2021-03-01_07/20210301-074620_(5.0).jpg,453.504,443.6864,854.784,765.952,VEREUR,1920,1088
task_20210217/20210217-174314_07(11.0).jpg,3.84,50.544,1920.0,1080.0,TOUTUR,1920,1080
task_19-01-2021/2021-01-19-11-09-38.jpg,739.008,156.128,1511.04,576.8576,MESCHA,1920,1088
task_21-01-2021/2021-01-21-13-57-36.jpg,633.024,345.2224,1483.968,866.2656,MESBLE,1920,1088
task_2021_11_03-04_cescau4/2021-11-04-08-37-51.jpg,1358.208,439.344,1600.704,681.264,MESHUP,1920,1080
task_05-01-2021/2021-01-05-16-58-37.jpg,1285.248,528.5504,1920.0,937.7472,SITTOR,1920,1088
task_05-01-2021/2021-01-05-16-31-21.jpg,955.2,444.992,1489.536,1088.0,MESCHA,1920,1088
task_20210612_1_Lab/2021-06-12-06-28-47.jpg,914.688,227.34,1321.92,526.5,MESCHA,1920,1080
task_19-01-2021/2021-01-19-13-18-27.jpg,976.32,242.9504,1680.768,710.0288,MESCHA,1920,1088
task_2021-03-01_14/20210301-143002_(8.0).jpg,816.192,364.5888,1267.776,650.1888,VEREUR,1920,1088
task_20210228/20210228-160407_(15.0).jpg,1076.736,598.0736,1920.0,1025.2224,MESCHA,1920,1088
task_20210217/20210217-125839_08(12.0).jpg,1.152,2.052,531.648,300.78,MESCHA,1920,1080
task_20210624_balacet/2021-06-24-12-38-28.jpg,1223.424,169.452,1622.784,636.444,MESCHA,1920,1080
task_2021_11_03-04_cescau4/2021-11-04-06-50-41.jpg,925.248,397.764,1219.2,777.708,PINARB,1920,1080
task_21-01-2021/2021-01-21-13-45-41.jpg,835.584,279.616,1539.84,847.008,MESCHA,1920,1088
task_20211204_Orlu/2021-12-23-15-20-56.jpg,638.208,511.812,1059.84,773.496,MESBLE,1920,1080
task_20210623_balacet/2021-06-23-10-39-18.jpg,793.344,256.284,1116.48,666.252,MESCHA,1920,1080
task_2021-03-01_11/20210301-114204_(9.0).jpg,926.208,439.7696,1078.656,628.864,MESCHA,1920,1088
task_MOIDOM_ODJ/435.jpeg,6.5475,219.5127,73.7775,263.3919,MOIDOM,675,389
task_20210616_Lab/2021-06-16-09-08-47.jpg,912.0,134.784,1307.52,481.248,MESCHA,1920,1080
task_20211204_Orlu/2021-12-23-15-08-42.jpg,1259.904,465.48,1830.144,888.408,SITTOR,1920,1080
task_21-01-2021/2021-01-21-13-57-38.jpg,1150.08,424.32,1611.264,924.1472,MESBLE,1920,1088
task_18-01-2021/2021-01-18-13-33-47.jpg,1208.064,389.6128,1914.24,999.4368,MESNON,1920,1088
task_05-01-2021/2021-01-05-17-05-13.jpg,1308.288,498.5216,1914.24,1082.4512,SITTOR,1920,1088
task_21-01-2021/2021-01-21-12-55-53.jpg,420.672,682.9376,1530.24,1088.0,MESBLE,1920,1088
task_20211204_Orlu/2021-12-24-11-05-24.jpg,448.128,535.572,617.28,677.16,MESBLE,1920,1080
task_20210217/20210217-141417_01(75.0).jpg,498.624,326.268,854.784,642.06,MESCHA,1920,1080
task_20210624_balacet/2021-06-24-09-01-06.jpg,1059.456,287.172,1721.28,773.388,MESCHA,1920,1080
task_2021-03-01_14/20210301-143121_(12.0).jpg,768.0,468.7104,1103.808,621.1392,MESBLE,1920,1088
task_20210611_Lab/2021-06-11-18-17-05.jpg,1107.84,394.632,1454.016,888.516,MESCHA,1920,1080
task_21-01-2021/2021-01-21-12-46-59.jpg,754.56,335.648,1213.824,704.1536,MESCHA,1920,1088
task_2021-03-01_12/20210301-123049_(5.0).jpg,625.152,460.9856,866.496,771.7184,VEREUR,1920,1088
task_2021_11_03-04_cescau4/2021-11-03-15-36-16.jpg,1141.248,497.88,1744.704,804.492,MESCHA,1920,1080
task_21-01-2021/2021-01-21-12-46-12.jpg,366.72,217.9264,1121.088,665.5296,MESCHA,1920,1088
task_2021_11_03-04_cescau4/2021-11-03-16-18-27.jpg,273.6,0.0,1117.632,747.468,PINARB,1920,1080
task_20210611_Lab/2021-06-11-15-52-49.jpg,903.168,118.8,1580.352,596.916,MESCHA,1920,1080
task_2021_11_03-04_cescau4/2021-11-04-06-52-03.jpg,1365.888,426.492,1774.272,726.408,PINARB,1920,1080
task_2021_11_03-04_cescau4/2021-11-04-08-10-19.jpg,1457.088,525.528,1920.0,1078.704,MESNON,1920,1080
task_20210615_Lab/2021-06-15-13-53-19.jpg,384.0,194.508,903.168,648.0,MESCHA,1920,1080
task_20210612_1_Lab/2021-06-12-05-58-25.jpg,1171.776,646.056,1653.312,1076.76,MESCHA,1920,1080
task_20211204_Orlu/2021-12-23-15-30-40.jpg,1036.032,525.528,1382.4,1058.4,MESCHA,1920,1080
task_2021_11_03-04_cescau4/2021-11-04-07-04-22.jpg,1529.088,932.472,1920.0,1080.0,MESNOI,1920,1080
task_2021-03-01_13/20210301-135105_(12.0).jpg,766.08,466.8608,1032.384,814.1504,VEREUR,1920,1088
task_20210615_Lab/2021-06-15-09-07-53.jpg,1229.184,293.004,1788.864,864.108,MESCHA,1920,1080
task_2021-03-01_10/20210301-102422_(9.0).jpg,573.12,266.1248,988.032,717.6448,MESCHA,1920,1088
task_2021_11_03-04_cescau4/2021-11-04-06-48-36.jpg,420.864,286.308,806.016,660.744,PINARB,1920,1080
task_20210526_UPS/20210526-162118_(39.0).jpg,783.552,401.6896,1920.0,1086.5856,PIEBAV,1920,1088
task_2021_11_03-04_cescau4/2021-11-03-14-57-53.jpg,1384.896,541.728,1792.32,1073.088,MESNON,1920,1080
task_20210611_Lab/2021-06-11-15-53-15.jpg,870.912,291.492,1265.472,765.72,MESCHA,1920,1080
task_2021-03-01_11/20210301-115646_(6.0).jpg,885.696,480.352,1070.976,640.5056,MESCHA,1920,1088
task_05-01-2021/2021-01-05-17-02-10.jpg,769.92,140.6784,959.04,289.2992,MESBLE,1920,1088
task_2021_11_03-04_cescau4/2021-11-04-07-42-01.jpg,1387.392,510.84,1648.512,701.892,MESNON,1920,1080
task_21-01-2021/2021-01-21-13-23-30.jpg,283.776,227.5008,547.968,486.1184,MESNON,1920,1088
task_20210217/20210217-134009_05(55.0).jpg,356.16,258.228,1117.44,608.04,MESCHA,1920,1080
task_20210705-07_balacet/2021-07-07-08-15-43.jpg,997.248,363.852,1625.472,915.408,ACCMOU,1920,1080
task_19-01-2021/2021-01-19-11-16-24.jpg,0.0,142.6368,951.36,742.7776,MESCHA,1920,1088
task_21-01-2021/2021-01-21-14-02-38.jpg,0.0,194.752,1001.472,646.272,MESCHA,1920,1088
task_2021-03-01_12/20210301-123618_(5.0).jpg,700.416,414.7456,1026.624,731.136,VEREUR,1920,1088
task_20210615_Lab/2021-06-15-10-39-25.jpg,1281.024,276.696,1554.432,556.956,MESCHA,1920,1080
task_20210228/20210228-121352_(8.0).jpg,1.92,202.4768,389.76,397.3376,MESCHA,1920,1088
task_21-01-2021/2021-01-21-13-45-51.jpg,735.168,572.9408,1752.192,1088.0,MESCHA,1920,1088
task_2021_11_03-04_cescau4/2021-11-04-07-29-46.jpg,1053.12,132.84,1355.52,523.368,MESNON,1920,1080
task_2021_11_03-04_cescau4/2021-11-04-06-59-51.jpg,867.456,449.82,1503.552,773.82,PINARB,1920,1080
task_20211204_Orlu/2021-12-23-13-48-35.jpg,836.736,477.144,1039.872,693.144,MESNOI,1920,1080
task_20210205/20210205-154013_04(19.0).jpg,235.2,429.948,1060.608,817.02,PINARB,1920,1080
task_2021_11_03-04_cescau4/2021-11-03-16-32-43.jpg,1348.992,445.068,1915.392,699.408,MESCHA,1920,1080
task_20210227/20210227-170338_(5.0).jpg,1045.824,696.4288,1460.736,1084.3008,VEREUR,1920,1088
task_20210612_1_Lab/2021-06-12-06-21-28.jpg,592.512,310.284,999.552,621.0,MESCHA,1920,1080
task_20210611_Lab/2021-06-11-16-50-48.jpg,990.912,283.716,1241.28,829.116,MESCHA,1920,1080
task_21-01-2021/2021-01-21-12-07-27.jpg,90.624,7.5072,605.952,922.1888,MESCHA,1920,1088
task_06-01-2021/2021-01-06-11-41-01.jpg,1339.2,424.32,1920.0,1088.0,MESCHA,1920,1088
task_2021-03-01_15/20210301-151713_(15.0).jpg,355.008,350.9888,964.8,827.6416,MESCHA,1920,1088
task_05-01-2021/2021-01-05-16-20-35.jpg,1234.944,439.7696,1920.0,968.5376,MESCHA,1920,1088
task_20210227/20210227-113933_(6.0).jpg,534.528,545.9584,1053.696,1032.1856,MESCHA,1920,1088
task_21-01-2021/2021-01-21-14-38-09.jpg,540.288,254.592,893.376,634.7392,MESCHA,1920,1088
task_20211204_Orlu/2021-12-24-09-28-50.jpg,803.328,490.86,1355.328,738.072,MESBLE,1920,1080
task_20210611_Lab/2021-06-11-15-21-13.jpg,679.296,285.768,1003.584,784.728,MESCHA,1920,1080
task_20210615_Lab/2021-06-15-09-02-26.jpg,1101.888,219.672,1375.872,418.392,MESCHA,1920,1080
task_06-01-2021/2021-01-06-10-54-38.jpg,1354.56,650.1888,1800.384,1086.2592,SITTOR,1920,1088
task_20210227/20210227-151757_(11.0).jpg,1150.08,640.5056,1898.88,1088.0,MESCHA,1920,1088
task_2021_11_03-04_cescau4/2021-11-03-15-09-38.jpg,1404.48,473.688,1567.68,642.708,MESNON,1920,1080
task_20210624_balacet/2021-06-24-13-30-19.jpg,1233.024,329.616,1769.472,796.608,MESCHA,1920,1080
task_20210217/20210217-161059_01(14.0).jpg,1324.608,996.084,1541.568,1079.028,MESBLE,1920,1080
task_20210526_UPS/20210526-091246_(13.0).jpg,738.048,403.5392,1713.216,1088.0,PIEBAV,1920,1088
task_20210228/20210228-181354_(13.0).jpg,362.88,418.5536,1070.976,773.6768,MESCHA,1920,1088
task_20210616_Lab/2021-06-16-05-38-57.jpg,1033.92,345.06,1302.336,750.816,MESCHA,1920,1080
task_2021_11_03-04_cescau4/2021-11-03-11-22-17.jpg,1250.496,435.348,1656.384,666.36,MESCHA,1920,1080
task_2021-03-01_16/20210301-164523_(14.0).jpg,534.528,459.136,1107.648,665.5296,MESCHA,1920,1088
task_20210525_UPS/20210525-150332_(50.0).jpg,187.2,78.9888,1315.968,1088.0,PIEBAV,1920,1088
task_05-01-2021/2021-01-05-16-55-07.jpg,1364.352,509.2928,1920.0,1028.2688,ACCMOU,1920,1088
task_21-01-2021/2021-01-21-13-51-36.jpg,1067.136,358.7136,1673.088,980.0704,MESCHA,1920,1088
task_20210612_1_Lab/2021-06-12-06-31-42.jpg,484.416,291.06,1227.264,659.556,MESCHA,1920,1080
task_20210217/20210217-152425_06(13.0).jpg,3.264,257.148,619.776,906.768,MESCHA,1920,1080
task_20210616_Lab/2021-06-16-09-22-41.jpg,1336.128,288.36,1849.344,639.036,MESCHA,1920,1080
task_2021_11_03-04_cescau4/2021-11-04-07-33-17.jpg,848.256,464.832,1171.776,714.744,PINARB,1920,1080
task_2021-03-01_13/20210301-134139_(6.0).jpg,831.744,459.136,1105.728,802.6176,VEREUR,1920,1088
task_18-01-2021/2021-01-18-13-50-06.jpg,457.344,370.3552,1030.464,686.7456,MESBLE,1920,1088
task_2021-03-01_10/20210301-103540_(13.0).jpg,335.808,464.9024,1005.312,848.8576,PINARB,1920,1088
task_21-01-2021/2021-01-21-13-20-55.jpg,480.576,190.8352,903.168,827.6416,MESCHA,1920,1088
task_20210616_Lab/2021-06-16-09-10-57.jpg,1059.072,207.576,1422.528,437.724,MESCHA,1920,1080
task_20210616_Lab/2021-06-16-18-11-42.jpg,890.88,258.552,1593.792,748.224,MESCHA,1920,1080
task_2021_11_03-04_cescau4/2021-11-03-10-25-00.jpg,1219.2,469.584,1569.6,782.676,PINARB,1920,1080
task_2021_11_03-04_cescau4/2021-11-03-16-29-32.jpg,990.144,450.144,1370.112,698.112,MESCHA,1920,1080
task_2021_11_03-04_cescau4/2021-11-04-06-46-24.jpg,513.984,550.692,917.952,970.704,MESNON,1920,1080
task_21-01-2021/2021-01-21-14-02-19.jpg,550.08,233.376,1094.208,640.5056,MESCHA,1920,1088
task_2021-03-01_11/20210301-115715_(13.0).jpg,266.304,345.2224,831.744,887.4816,VEREUR,1920,1088
task_20210611_Lab/2021-06-11-15-09-17.jpg,1193.28,318.6,1817.472,754.38,MESCHA,1920,1080
task_20210615_Lab/2021-06-15-13-41-16.jpg,1094.208,177.228,1630.656,483.948,MESCHA,1920,1080
task_20210624_balacet/2021-06-24-08-52-19.jpg,1111.488,354.348,1920.0,910.008,MESCHA,1920,1080
task_05-01-2021/2021-01-05-17-08-18.jpg,565.44,362.6304,1703.808,1028.2688,MESCHA,1920,1088
task_20210612_1_Lab/2021-06-12-06-32-34.jpg,617.472,233.172,1184.832,478.224,MESCHA,1920,1080
task_05-01-2021/2021-01-05-17-28-33.jpg,0.0,460.6592,934.272,1071.7888,MESNON,1920,1088
task_20210612_1_Lab/2021-06-12-07-07-47.jpg,607.872,267.84,989.952,723.276,MESCHA,1920,1080
task_20210415_UPS/20210415-190031_(6.0).jpg,858.816,733.0944,1233.024,908.6976,MESCHA,1920,1088
task_20210616_Lab/2021-06-16-05-37-51.jpg,432.768,189.0,1127.808,621.0,MESCHA,1920,1080
task_2021-03-01_17/20210301-172402_(7.0).jpg,899.328,437.92,1217.664,737.0112,MESCHA,1920,1088
task_21-01-2021/2021-01-21-13-19-09.jpg,748.8,289.2992,1157.76,779.4432,MESCHA,1920,1088
task_2021_11_03-04_cescau4/2021-11-04-08-22-35.jpg,758.016,419.904,1428.096,756.864,PINARB,1920,1080
task_20210418_UPS/20210418-125704_(6.0).jpg,810.24,701.4336,1252.224,940.4672,MESBLE,1920,1088
task_20210624_balacet/2021-06-24-08-58-00.jpg,894.144,275.94,1525.248,598.212,MESCHA,1920,1080
task_20210705-07_balacet/2021-07-07-08-04-13.jpg,503.808,339.012,860.352,699.732,SITTOR,1920,1080
task_2021_11_03-04_cescau4/2021-11-04-07-57-05.jpg,1652.16,577.26,1920.0,957.204,MESCHA,1920,1080
task_2021-03-01_17/20210301-172558_(10.0).jpg,737.088,437.7024,1103.808,617.3312,MESBLE,1920,1088
task_20210612_1_Lab/2021-06-12-06-08-09.jpg,372.48,242.784,1225.344,707.832,MESCHA,1920,1080
task_2021-03-01_14/20210301-143945_(15.0).jpg,279.744,447.4944,1013.184,775.5264,MESCHA,1920,1088
task_20211204_Orlu/2021-12-23-15-35-28.jpg,84.096,8.964,1305.984,1065.852,MESBLE,1920,1080
task_20210615_Lab/2021-06-15-16-16-34.jpg,947.52,374.004,1344.96,638.388,MESCHA,1920,1080
task_20210205/20210205-164741_08(40.0).jpg,309.312,429.948,1347.072,794.232,MESCHA,1920,1080
task_2021_11_03-04_cescau4/2021-11-03-11-22-43.jpg,804.096,417.744,1255.296,674.46,MESCHA,1920,1080
task_18-01-2021/2021-01-18-13-48-34.jpg,905.088,642.464,1644.096,1037.952,MESBLE,1920,1088
task_20210616_Lab/2021-06-16-04-42-00.jpg,1223.616,271.08,1612.608,535.572,MESCHA,1920,1080
task_2021-03-01_07/20210301-074350_(5.0).jpg,523.008,472.6272,833.664,733.0944,VEREUR,1920,1088
task_20210624_balacet/2021-06-24-10-28-45.jpg,1128.576,352.944,1530.624,604.908,MESCHA,1920,1080
task_21-01-2021/2021-01-21-13-50-16.jpg,1051.776,362.6304,1534.08,879.7568,MESCHA,1920,1088
task_05-01-2021/2021-01-05-16-44-57.jpg,451.584,121.4208,580.992,279.616,MESBLE,1920,1088
task_2021_11_03-04_cescau4/2021-11-03-12-14-36.jpg,737.664,461.052,1202.496,837.432,MESNON,1920,1080
task_2021-03-01_13/20210301-134728_(24.0).jpg,1146.24,592.1984,1655.616,1088.0,VEREUR,1920,1088
task_06-01-2021/2021-01-06-10-50-55.jpg,663.936,659.7632,1007.232,1047.6352,MESCHA,1920,1088
task_20210623_balacet/2021-06-23-13-09-46.jpg,1011.264,306.504,1410.624,781.164,ACCMOU,1920,1080
task_20210705-07_balacet/2021-07-06-11-12-16.jpg,173.568,520.344,968.064,873.072,MESNON,1920,1080
task_05-01-2021/2021-01-05-16-52-26.jpg,1074.816,491.1232,1911.936,1088.0,SITTOR,1920,1088
task_21-01-2021/2021-01-21-13-45-52.jpg,521.088,333.6896,1620.864,1088.0,MESCHA,1920,1088
task_2021-03-01_16/20210301-164914_(18.0).jpg,858.816,405.0624,1539.84,702.1952,MESCHA,1920,1088
task_20210525_UPS/20210525-155752_(17.0).jpg,443.904,405.0624,1534.08,1088.0,PIEBAV,1920,1088
task_05-01-2021/2021-01-05-17-12-46.jpg,0.0,591.5456,902.208,1088.0,SITTOR,1920,1088
task_20210624_balacet/2021-06-24-10-30-18.jpg,792.768,334.26,1280.832,661.5,MESCHA,1920,1080
task_20210217/20210217-154350_01(56.0).jpg,531.648,161.46,839.808,1077.948,MESCHA,1920,1080
task_20210611_Lab/2021-06-11-14-02-11.jpg,626.112,261.036,1210.56,509.652,MOIDOM,1920,1080
task_2021-03-01_10/20210301-100257_(13.0).jpg,414.912,520.8256,841.344,841.1328,MESBLE,1920,1088
task_20210616_Lab/2021-06-16-04-51-31.jpg,1290.432,265.032,1693.44,524.016,MESCHA,1920,1080
task_20211204_Orlu/2021-12-24-08-23-32.jpg,1086.528,539.352,1495.488,775.332,MESBLE,1920,1080
task_06-01-2021/2021-01-06-11-32-24.jpg,1.92,789.1264,281.856,1088.0,ACCMOU,1920,1088
task_05-01-2021/2021-01-05-17-02-10.jpg,1135.488,476.544,1908.48,963.0976,MESCHA,1920,1088
task_20210417_UPS/20210417-184332_(10.0).jpg,849.024,574.8992,1443.456,1084.3008,PIEBAV,1920,1088
task_20211204_Orlu/2021-12-24-07-47-17.jpg,1154.88,445.932,1540.608,777.708,MESCHA,1920,1080
task_19-01-2021/2021-01-19-10-45-05.jpg,934.08,24.9152,1869.888,756.2688,MESCHA,1920,1088
task_2021-03-01_07/20210301-074641_(5.0).jpg,492.096,364.5888,771.84,771.7184,VEREUR,1920,1088
task_20210615_Lab/2021-06-15-10-57-33.jpg,990.336,303.048,1480.704,645.516,MESCHA,1920,1080
task_2021-03-01_13/20210301-131114_(8.0).jpg,249.024,459.136,737.088,1012.928,MESCHA,1920,1088
task_2021_11_03-04_cescau4/2021-11-04-07-13-30.jpg,1242.816,445.932,1562.88,729.864,MESNOI,1920,1080
task_2021-03-01_16/20210301-165333_(8.0).jpg,644.544,435.9616,881.856,760.0768,MESCHA,1920,1088
task_20210623_balacet/2021-06-23-15-09-25.jpg,989.952,379.836,1908.48,800.496,ACCMOU,1920,1080
task_05-01-2021/2021-01-05-16-52-15.jpg,748.608,570.2208,1918.08,1088.0,SITTOR,1920,1088
task_20210616_Lab/2021-06-16-06-54-44.jpg,769.152,119.124,1091.136,476.172,VEREUR,1920,1080
task_2021_11_03-04_cescau4/2021-11-03-16-02-36.jpg,1111.488,459.432,1385.088,652.428,MESNON,1920,1080
task_20210523_UPS/20210523-175336_(13.0).jpg,258.048,369.376,1187.712,1086.5856,PIEBAV,1920,1088
task_19-01-2021/2021-01-19-11-19-24.jpg,605.952,200.5184,1675.008,941.5552,MESCHA,1920,1088
task_20211204_Orlu/2021-12-23-14-16-43.jpg,524.544,533.088,1212.864,821.232,SITTOR,1920,1080
task_20210228/20210228-145019_(5.0).jpg,964.8,453.2608,1377.792,806.4256,MESCHA,1920,1088
task_20210615_Lab/2021-06-15-10-01-48.jpg,1285.248,243.216,1920.0,650.7,MESCHA,1920,1080
task_20211204_Orlu/2021-12-24-08-19-26.jpg,1093.632,933.336,1404.48,1078.38,MESBLE,1920,1080
task_2021-03-01_12/20210301-125256_(10.0).jpg,449.664,453.2608,1127.04,729.2864,MESCHA,1920,1088
task_05-01-2021/2021-01-05-15-59-29.jpg,1231.104,279.616,1920.0,964.7296,MESCHA,1920,1088
task_06-01-2021/2021-01-06-11-56-33.jpg,0.0,692.6208,748.8,1088.0,MESCHA,1920,1088
task_2021_11_03-04_cescau4/2021-11-03-12-50-28.jpg,1144.128,417.42,1537.536,649.188,MESCHA,1920,1080
task_05-01-2021/2021-01-05-17-40-47.jpg,951.36,381.888,1920.0,1088.0,ROUGOR,1920,1088
task_20210611_Lab/2021-06-11-14-36-00.jpg,373.824,276.264,998.016,610.2,MESCHA,1920,1080
task_2021-03-01_13/20210301-130819_(6.0).jpg,287.616,493.8432,841.344,744.736,MESBLE,1920,1088
task_20210417_UPS/20210417-141226_(9.0).jpg,531.648,603.7312,1075.776,881.6064,MESCHA,1920,1088
task_20210217/20210217-174009_01(14.0).jpg,125.184,363.528,555.84,980.1,MESBLE,1920,1080
task_20210624_balacet/2021-06-24-10-44-22.jpg,395.712,343.116,802.752,655.776,MESCHA,1920,1080
task_2021-03-01_18/20210301-180213_(10.0).jpg,879.936,472.6272,1202.304,682.9376,MESCHA,1920,1088
task_2021_11_03-04_cescau4/2021-11-03-12-41-55.jpg,985.536,489.888,1349.568,896.94,MESNOI,1920,1080
task_20210612_1_Lab/2021-06-12-06-20-17.jpg,762.24,181.008,1020.864,622.944,MESCHA,1920,1080
task_20210616_Lab/2021-06-16-04-41-23.jpg,1341.12,258.984,1693.248,563.976,MESCHA,1920,1080
task_2021_11_03-04_cescau4/2021-11-03-15-24-36.jpg,1387.584,488.484,1852.8,872.856,MESNON,1920,1080
task_20210705-07_balacet/2021-07-06-10-05-23.jpg,1100.928,206.928,1557.12,768.744,ROUGOR,1920,1080
task_20210616_Lab/2021-06-16-04-44-07.jpg,1147.584,845.532,1920.0,1077.192,MESCHA,1920,1080
task_05-01-2021/2021-01-05-15-59-17.jpg,1169.472,376.1216,1703.808,831.4496,MESCHA,1920,1088
task_2021_11_03-04_cescau4/2021-11-03-12-28-57.jpg,1304.064,649.62,1584.0,1080.0,MESNOI,1920,1080
task_20210227/20210227-172706_(5.0).jpg,490.176,501.568,1065.216,810.3424,MESCHA,1920,1088
task_2021_11_03-04_cescau4/2021-11-04-07-49-56.jpg,1089.408,424.332,1526.208,699.3,SITTOR,1920,1080
task_21-01-2021/2021-01-21-11-59-16.jpg,3.84,167.7696,872.256,648.2304,MESCHA,1920,1088
task_2021_11_03-04_cescau4/2021-11-03-15-49-31.jpg,1435.584,490.212,1606.272,664.956,MESNON,1920,1080
task_2021-03-01_13/20210301-134130_(8.0).jpg,715.968,459.136,1362.432,804.4672,VEREUR,1920,1088
task_20210612_1_Lab/2021-06-12-06-00-40.jpg,868.416,233.172,1233.024,588.168,MESCHA,1920,1080
task_20210611_Lab/2021-06-11-14-58-38.jpg,303.552,358.344,740.544,788.724,MESBLE,1920,1080
task_20211204_Orlu/2021-12-23-14-57-32.jpg,1054.272,462.996,1443.84,721.656,MESCHA,1920,1080
task_2021-03-01_17/20210301-175336_(9.0).jpg,804.672,416.704,1418.304,694.4704,MESCHA,1920,1088
task_05-01-2021/2021-01-05-16-51-49.jpg,816.384,642.3552,1387.584,1088.0,MESBLE,1920,1088
task_20210623_balacet/2021-06-23-10-40-13.jpg,843.264,347.004,1640.256,806.22,MESCHA,1920,1080
task_20210525_UPS/20210525-154455_(70.0).jpg,646.464,358.7136,1412.544,1088.0,PIEBAV,1920,1088
task_20210416_UPS/20210416-161839_(5.0).jpg,382.08,760.0768,901.248,1086.2592,MESCHA,1920,1088
task_20210616_Lab/2021-06-16-06-54-48.jpg,821.376,181.98,1068.288,461.376,MESCHA,1920,1080
task_2021-03-01_11/20210301-115655_(13.0).jpg,712.128,746.5856,1381.632,1086.2592,MESCHA,1920,1088
task_21-01-2021/2021-01-21-11-56-00.jpg,1018.944,331.7312,1914.24,1086.1504,MESCHA,1920,1088
task_21-01-2021/2021-01-21-12-41-29.jpg,547.968,204.4352,1096.128,625.056,MESCHA,1920,1088
task_20210615_Lab/2021-06-15-16-13-05.jpg,941.952,496.044,1687.68,1000.836,MESCHA,1920,1080
task_20210227/20210227-113952_(6.0).jpg,621.312,572.9408,1167.552,816.1088,VEREUR,1920,1088
task_20210615_Lab/2021-06-15-13-38-53.jpg,1069.056,221.508,1505.088,483.948,MESCHA,1920,1080
task_2021_11_03-04_cescau4/2021-11-04-08-17-04.jpg,1318.08,465.696,1683.84,713.232,PINARB,1920,1080
task_2021_11_03-04_cescau4/2021-11-03-16-22-04.jpg,1010.88,470.34,1586.88,811.296,MESCHA,1920,1080
task_20210624_balacet/2021-06-24-06-13-47.jpg,478.656,472.392,839.424,974.16,MESCHA,1920,1080
task_2021-03-01_09/20210301-095810_(6.0).jpg,301.056,495.8016,793.152,781.4016,MESCHA,1920,1088
task_20210526_UPS/20210526-085238_(30.0).jpg,979.008,396.032,1918.08,1086.5856,PIEBAV,1920,1088
task_21-01-2021/2021-01-21-14-21-06.jpg,891.456,302.7904,1653.696,1088.0,MESNON,1920,1088
task_2021-03-01_12/20210301-123152_(6.0).jpg,0.0,696.4288,416.832,1088.0,MESCHA,1920,1088
task_20210623_balacet/2021-06-23-09-20-40.jpg,580.608,268.812,1128.576,645.408,MESCHA,1920,1080
task_20210228/20210228-120220_(9.0).jpg,789.312,601.8816,1287.168,1086.2592,MESCHA,1920,1088
task_20210615_Lab/2021-06-15-11-06-16.jpg,1344.384,264.492,1814.592,621.108,MESCHA,1920,1080
task_20210526_UPS/20210526-091353_(21.0).jpg,476.16,382.6496,1187.712,1088.0,PIEBAV,1920,1088
task_20210615_Lab/2021-06-15-14-09-05.jpg,1263.936,208.008,1838.976,458.892,MESCHA,1920,1080
task_20210623_balacet/2021-06-23-10-33-55.jpg,1007.232,352.728,1325.76,817.776,ACCMOU,1920,1080
task_05-01-2021/2021-01-05-16-27-59.jpg,785.472,534.3168,1530.24,1088.0,MESCHA,1920,1088
task_20211204_Orlu/2021-12-24-09-07-42.jpg,935.616,416.34,1308.672,698.328,MESBLE,1920,1080
task_2021_11_03-04_cescau4/2021-11-03-15-27-35.jpg,1390.08,464.724,1557.888,647.568,MESNON,1920,1080
task_2021-03-01_07/20210301-074403_(8.0).jpg,553.92,474.5856,833.664,723.4112,VEREUR,1920,1088
task_21-01-2021/2021-01-21-12-34-57.jpg,262.464,250.6752,584.64,627.0144,MESBLE,1920,1088
task_2021_11_03-04_cescau4/2021-11-04-06-55-46.jpg,1197.12,484.92,1667.136,699.84,SITTOR,1920,1080
task_2021-03-01_14/20210301-141007_(15.0).jpg,470.976,418.5536,1049.856,792.9344,MESCHA,1920,1088
task_20210616_Lab/2021-06-16-17-56-55.jpg,753.792,664.956,1505.856,1080.0,MESCHA,1920,1080
task_2021_11_03-04_cescau4/2021-11-04-07-10-58.jpg,1274.496,490.212,1659.456,676.188,MESNOI,1920,1080
task_2021_11_03-04_cescau4/2021-11-04-08-19-37.jpg,1570.368,888.948,1918.464,1080.0,PINARB,1920,1080
task_20210615_Lab/2021-06-15-14-07-31.jpg,1329.6,277.56,1618.944,997.272,MESCHA,1920,1080
task_20210615_Lab/2021-06-15-09-08-42.jpg,923.52,211.68,1575.552,589.14,MESCHA,1920,1080
task_2021-03-01_17/20210301-172908_(8.0).jpg,704.448,416.704,1072.896,675.2128,MESCHA,1920,1088
task_20210525_UPS/20210525-190216_(82.0).jpg,530.304,281.5744,1920.0,1087.456,PIEBAV,1920,1088
task_20210612_1_Lab/2021-06-12-05-59-31.jpg,719.808,248.616,1231.104,470.448,MESCHA,1920,1080
task_2021-03-01_15/20210301-155102_(13.0).jpg,731.328,480.352,926.208,702.1952,MESBLE,1920,1088
task_2021-03-01_12/20210301-123500_(5.0).jpg,474.816,489.9264,934.08,744.736,VEREUR,1920,1088
task_21-01-2021/2021-01-21-14-02-16.jpg,575.04,252.6336,1124.928,877.7984,MESCHA,1920,1088
task_2021-03-01_11/20210301-112326_(7.0).jpg,793.152,488.0768,993.792,625.056,MESBLE,1920,1088
task_18-01-2021/2021-01-18-13-47-29.jpg,370.56,383.8464,980.352,891.2896,MESBLE,1920,1088
task_20210417_UPS/20210417-162128_(5.0).jpg,663.936,655.9552,1063.296,1088.0,MESCHA,1920,1088
task_2021-03-01_08/20210301-085414_(6.0).jpg,646.464,443.6864,920.448,831.5584,VEREUR,1920,1088
task_20211204_Orlu/2021-12-23-16-12-48.jpg,1245.504,944.46,1645.632,1079.136,MESBLE,1920,1080
task_20210217/20210217-131231_04(11.0).jpg,770.688,0.0,1429.824,499.608,MESCHA,1920,1080
task_21-01-2021/2021-01-21-14-43-13.jpg,102.336,260.3584,1086.336,827.6416,MESCHA,1920,1088
task_21-01-2021/2021-01-21-13-50-37.jpg,991.872,347.1808,1489.728,872.032,MESCHA,1920,1088
task_05-01-2021/2021-01-05-16-49-05.jpg,1252.416,497.6512,1918.08,1088.0,SITTOR,1920,1088
task_20210612_1_Lab/2021-06-12-06-08-00.jpg,219.072,218.808,1603.776,1080.0,MESCHA,1920,1080
task_2021-03-01_12/20210301-123240_(8.0).jpg,96.576,453.2608,787.392,804.4672,MESCHA,1920,1088
task_20210616_Lab/2021-06-16-18-08-01.jpg,1333.824,282.204,1747.008,904.608,MESCHA,1920,1080
task_20210623_balacet/2021-06-23-16-17-23.jpg,467.136,296.46,801.6,794.88,MESCHA,1920,1080
task_20210611_Lab/2021-06-11-14-04-05.jpg,271.296,183.276,804.48,598.752,MESCHA,1920,1080
task_20210615_Lab/2021-06-15-09-06-03.jpg,694.656,250.56,1424.064,659.556,MESCHA,1920,1080
task_06-01-2021/2021-01-06-11-18-22.jpg,1335.36,634.7392,1806.144,974.304,MESNON,1920,1088
task_20210612_1_Lab/2021-06-12-06-19-08.jpg,607.872,223.452,978.432,549.612,MESCHA,1920,1080
task_19-01-2021/2021-01-19-11-29-15.jpg,1.92,50.048,748.8,565.216,MESCHA,1920,1088
task_2021-03-01_16/20210301-161705_(14.0).jpg,769.92,650.1888,1474.368,1088.0,MESBLE,1920,1088
task_06-01-2021/2021-01-06-12-00-46.jpg,310.656,891.2896,650.304,1088.0,MESCHA,1920,1088
task_20210616_Lab/2021-06-16-04-43-31.jpg,1055.04,285.552,1637.376,626.832,MESCHA,1920,1080
task_20210611_Lab/2021-06-11-14-47-10.jpg,990.336,357.804,1309.056,780.948,MESCHA,1920,1080
task_20210205/20210205-165310_06(12.0).jpg,269.376,693.684,614.784,1078.812,MESCHA,1920,1080
task_06-01-2021/2021-01-06-10-53-02.jpg,455.424,692.6208,1092.288,1072.768,MESCHA,1920,1088
task_05-01-2021/2021-01-05-16-19-29.jpg,1134.72,538.3424,1889.28,1088.0,MESCHA,1920,1088
task_05-01-2021/2021-01-05-16-59-41.jpg,1188.672,476.544,1920.0,1088.0,MESCHA,1920,1088
task_2021-03-01_13/20210301-135200_(13.0).jpg,889.536,509.2928,1640.256,758.2272,VEREUR,1920,1088
task_20210616_Lab/2021-06-16-04-41-28.jpg,1392.576,248.94,1717.248,516.24,MESCHA,1920,1080
task_2021-03-01_10/20210301-100140_(8.0).jpg,656.064,464.9024,943.68,955.0464,VEREUR,1920,1088
task_21-01-2021/2021-01-21-14-26-07.jpg,654.144,256.4416,1267.776,806.4256,MESCHA,1920,1088
task_20210611_Lab/2021-06-11-17-12-16.jpg,747.072,260.928,1010.496,542.16,MESCHA,1920,1080
task_05-01-2021/2021-01-05-17-21-42.jpg,1233.024,414.7456,1584.384,897.1648,MESCHA,1920,1088
task_20210217/20210217-135809_04(30.0).jpg,579.456,262.548,973.824,634.608,MESBLE,1920,1080
task_20210412/20210412-181155_(6.0).jpg,1001.856,673.0368,1358.4,1067.5456,MESCHA,1920,1088
task_2021-03-01_14/20210301-145559_(11.0).jpg,146.688,468.7104,854.784,953.088,MESCHA,1920,1088
task_20210217/20210217-171316_05(11.0).jpg,711.552,765.72,1200.96,1080.0,MESCHA,1920,1080
task_2021_11_03-04_cescau4/2021-11-03-15-38-35.jpg,1171.2,466.668,1347.648,646.704,MESNON,1920,1080
task_20210612_1_Lab/2021-06-12-05-21-00.jpg,571.2,225.396,1061.376,540.0,MESCHA,1920,1080
task_2021-03-01_10/20210301-102918_(8.0).jpg,1165.44,435.9616,1622.784,709.92,MESBLE,1920,1088
task_05-01-2021/2021-01-05-17-34-02.jpg,945.408,482.3104,1829.376,991.712,ACCMOU,1920,1088
task_2021-03-01_11/20210301-112824_(10.0).jpg,214.272,466.8608,760.32,873.9904,MESCHA,1920,1088
task_20211204_Orlu/2021-12-24-09-13-03.jpg,470.976,521.748,940.032,818.64,MESCHA,1920,1080
task_20210615_Lab/2021-06-15-09-22-20.jpg,1024.704,171.396,1539.84,468.612,MESCHA,1920,1080
task_21-01-2021/2021-01-21-11-58-16.jpg,7.68,158.0864,704.448,762.0352,MESCHA,1920,1088
task_19-01-2021/2021-01-19-10-42-26.jpg,1458.816,173.536,1916.16,875.9488,ROUGOR,1920,1088
task_20210205/20210205-170418_01(21.0).jpg,432.384,383.076,1136.256,779.652,PINARB,1920,1080
task_21-01-2021/2021-01-21-12-53-58.jpg,191.04,457.1776,1368.192,1088.0,MESCHA,1920,1088
task_06-01-2021/2021-01-06-11-27-17.jpg,646.464,729.2864,1070.976,1059.168,ACCMOU,1920,1088
task_2021_11_03-04_cescau4/2021-11-03-15-22-55.jpg,1221.312,452.196,1580.16,654.264,MESNON,1920,1080
task_21-01-2021/2021-01-21-13-13-58.jpg,704.448,420.512,1605.504,823.8336,MESCHA,1920,1088
task_05-01-2021/2021-01-05-17-18-32.jpg,833.664,138.8288,1074.816,300.832,ACCMOU,1920,1088
task_20210523_UPS/20210523-173835_(14.0).jpg,237.12,354.2528,1007.424,1084.6272,PIEBAV,1920,1088
task_20210217/20210217-143940_02(13.0).jpg,809.088,317.736,1284.288,1067.256,MESCHA,1920,1080
task_20211204_Orlu/2021-12-24-09-36-20.jpg,663.552,493.128,1084.416,749.412,MESBLE,1920,1080
task_20211204_Orlu/2021-12-23-15-24-04.jpg,911.232,459.864,1341.312,689.796,MESCHA,1920,1080
task_2021-03-01_07/20210301-075003_(6.0).jpg,949.44,679.1296,1425.984,1086.2592,VEREUR,1920,1088
task_2021-03-01_17/20210301-173642_(12.0).jpg,991.872,470.6688,1252.416,727.328,VEREUR,1920,1088
task_21-01-2021/2021-01-21-13-35-35.jpg,706.368,339.456,1406.784,769.76,MESNON,1920,1088
task_20210227/20210227-113620_(5.0).jpg,916.608,565.216,1072.896,729.2864,VEREUR,1920,1088
task_2021_11_03-04_cescau4/2021-11-04-08-22-31.jpg,537.024,419.04,1181.952,798.984,PINARB,1920,1080
task_20210205/20210205-164741_06(40.0).jpg,960.0,348.408,1601.28,1080.0,MESCHA,1920,1080
task_20211204_Orlu/2021-12-24-10-22-00.jpg,1544.832,766.044,1918.272,1080.0,MESCHA,1920,1080
task_20210616_Lab/2021-06-16-09-47-19.jpg,523.392,243.648,1107.264,607.068,MESCHA,1920,1080
task_2021_11_03-04_cescau4/2021-11-03-11-56-12.jpg,900.48,456.084,1135.872,993.384,MESCHA,1920,1080
task_20210612_1_Lab/2021-06-12-06-24-15.jpg,1170.048,236.196,1809.216,666.9,MESCHA,1920,1080
task_20210615_Lab/2021-06-15-09-57-06.jpg,1219.584,275.616,1655.616,509.112,MESCHA,1920,1080
task_20210612_1_Lab/2021-06-12-06-28-52.jpg,659.904,238.896,1111.488,549.612,MESCHA,1920,1080
task_20211204_Orlu/2021-12-24-09-18-51.jpg,1079.616,521.424,1296.384,716.58,MESCHA,1920,1080
task_21-01-2021/2021-01-21-12-01-30.jpg,783.552,225.6512,1551.552,652.0384,MESBLE,1920,1088
task_2021_11_03-04_cescau4/2021-11-03-14-01-38.jpg,804.672,415.8,1369.92,819.612,MESCHA,1920,1080
task_20210217/20210217-154036_01(17.0).jpg,1374.528,227.448,1496.832,478.332,MESBLE,1920,1080
task_2021_11_03-04_cescau4/2021-11-03-15-03-30.jpg,768.96,496.908,1323.84,690.876,MESCHA,1920,1080
task_20210616_Lab/2021-06-16-09-32-20.jpg,1094.784,243.972,1450.368,441.828,MESCHA,1920,1080
task_20210612_1_Lab/2021-06-12-05-42-44.jpg,696.576,289.116,1508.928,690.444,MESCHA,1920,1080
task_21-01-2021/2021-01-21-11-58-44.jpg,466.944,215.968,795.072,605.7984,MESNON,1920,1088
task_20210615_Lab/2021-06-15-11-05-43.jpg,1333.44,113.508,1748.352,507.168,MESCHA,1920,1080
task_2021_11_03-04_cescau4/2021-11-03-12-04-02.jpg,1403.904,473.688,1724.544,830.952,SITTOR,1920,1080
task_20210623_balacet/2021-06-23-09-53-05.jpg,669.696,281.34,1175.232,590.112,MESCHA,1920,1080
task_2021_11_03-04_cescau4/2021-11-04-07-19-04.jpg,1457.472,473.688,1895.808,718.092,MESNON,1920,1080
task_20211204_Orlu/2021-12-23-15-04-50.jpg,746.88,512.352,952.32,737.532,MESBLE,1920,1080
task_2021-03-01_13/20210301-132910_(10.0).jpg,434.112,503.5264,1130.88,804.4672,MESCHA,1920,1088
task_20210615_Lab/2021-06-15-10-04-14.jpg,1375.872,294.84,1757.952,680.832,MESCHA,1920,1080
task_20211204_Orlu/2021-12-24-09-05-02.jpg,90.624,347.22,753.984,875.988,MESCHA,1920,1080
task_20210705-07_balacet/2021-07-05-13-53-36.jpg,415.68,188.784,949.824,692.82,ROUGOR,1920,1080
task_20210623_balacet/2021-06-23-09-38-10.jpg,1022.784,277.56,1269.696,603.612,ROUGOR,1920,1080
task_2021_11_03-04_cescau4/2021-11-03-10-29-54.jpg,1092.672,393.552,1737.408,708.696,PINARB,1920,1080
task_2021-03-01_09/20210301-090513_(6.0).jpg,488.256,499.6096,1179.072,806.4256,MOIDOM,1920,1088
task_2021_11_03-04_cescau4/2021-11-03-12-35-50.jpg,1198.464,442.152,1855.296,686.988,MESCHA,1920,1080
task_20210227/20210227-113645_(8.0).jpg,748.8,642.464,1462.656,1061.1264,VEREUR,1920,1088
task_20210612_1_Lab/2021-06-12-06-37-46.jpg,1030.464,474.228,1815.36,1064.772,MESCHA,1920,1080
task_05-01-2021/2021-01-05-17-16-39.jpg,939.84,465.9904,1920.0,1088.0,SITTOR,1920,1088
task_20210523_UPS/20210523-174423_(16.0).jpg,335.808,420.6208,1229.376,1086.5856,PIEBAV,1920,1088
task_2021_11_03-04_cescau4/2021-11-03-11-08-18.jpg,864.576,403.812,1302.144,692.064,MESHUP,1920,1080
task_20210615_Lab/2021-06-15-10-33-14.jpg,646.464,209.952,1233.024,756.108,MESCHA,1920,1080
task_20210705-07_balacet/2021-07-05-15-27-48.jpg,383.424,357.372,871.488,632.988,MESNON,1920,1080
task_20210623_balacet/2021-06-23-15-14-25.jpg,1119.168,308.448,1630.656,601.668,MESCHA,1920,1080
task_20210615_Lab/2021-06-15-08-34-58.jpg,1260.096,316.116,1920.0,675.756,MESCHA,1920,1080
task_2021-03-01_13/20210301-134741_(13.0).jpg,690.816,437.92,943.68,810.3424,VEREUR,1920,1088
task_2021-03-01_14/20210301-143030_(6.0).jpg,934.08,395.3792,1229.184,650.1888,VEREUR,1920,1088
task_20210624_balacet/2021-06-24-14-48-19.jpg,1267.776,362.448,1920.0,839.052,MESCHA,1920,1080
task_20210227/20210227-142244_(6.0).jpg,715.968,530.5088,1246.656,819.9168,MESCHA,1920,1088
task_19-01-2021/2021-01-19-12-37-46.jpg,619.392,1.9584,1065.216,430.848,ROUGOR,1920,1088
task_2021-03-01_17/20210301-170155_(6.0).jpg,731.328,410.8288,1217.664,667.488,VEREUR,1920,1088
task_2021_11_03-04_cescau4/2021-11-03-12-26-57.jpg,1309.824,490.752,1772.352,695.952,MESHUP,1920,1080
task_21-01-2021/2021-01-21-12-10-32.jpg,582.72,131.104,1041.984,634.7392,MESCHA,1920,1088
task_20210616_Lab/2021-06-16-18-00-37.jpg,806.4,172.152,1372.608,508.68,MESCHA,1920,1080
task_20210523_UPS/20210523-173745_(25.0).jpg,692.544,439.6608,1350.912,1088.0,PIEBAV,1920,1088
task_2021_11_03-04_cescau4/2021-11-04-07-34-24.jpg,1491.648,572.616,1920.0,918.216,MESNON,1920,1080
task_20210611_Lab/2021-06-11-14-02-15.jpg,770.304,228.852,1307.136,492.588,MESCHA,1920,1080
task_2021-03-01_14/20210301-145418_(10.0).jpg,349.248,484.16,783.552,827.6416,MESCHA,1920,1088
task_20210615_Lab/2021-06-15-13-38-38.jpg,1175.232,209.952,1837.056,514.836,MESCHA,1920,1080
task_20210612_1_Lab/2021-06-12-05-10-41.jpg,847.104,204.228,1252.416,522.612,MESCHA,1920,1080
task_2021-03-01_10/20210301-100202_(6.0).jpg,733.248,408.9792,1013.184,993.5616,VEREUR,1920,1088
task_2021-03-01_12/20210301-123008_(9.0).jpg,420.672,497.6512,814.272,723.4112,MESCHA,1920,1088
task_18-01-2021/2021-01-18-13-53-28.jpg,824.064,347.1808,1468.416,717.6448,MESNON,1920,1088
task_06-01-2021/2021-01-06-11-26-55.jpg,1399.104,634.7392,1912.32,941.4464,MESBLE,1920,1088
task_19-01-2021/2021-01-19-13-16-05.jpg,422.592,104.0128,976.32,509.2928,MESBLE,1920,1088
task_2021_11_03-04_cescau4/2021-11-03-15-44-21.jpg,1391.616,465.156,1856.064,677.592,MESCHA,1920,1080
task_18-01-2021/2021-01-18-14-34-20.jpg,1140.48,621.1392,1918.08,1088.0,MESNON,1920,1088
task_2021_11_03-04_cescau4/2021-11-03-11-41-56.jpg,1544.256,585.9,1905.6,1080.0,MESNON,1920,1080
task_20210217/20210217-154036_05(17.0).jpg,1373.568,234.9,1523.52,478.332,MESBLE,1920,1080
task_20210523_UPS/20210523-173929_(11.0).jpg,692.544,396.032,1151.616,1086.5856,PIEBAV,1920,1088
task_20210615_Lab/2021-06-15-08-36-15.jpg,1443.264,749.844,1649.472,976.752,MESCHA,1920,1080
task_2021-03-01_17/20210301-172616_(9.0).jpg,602.112,439.7696,918.528,715.6864,MESBLE,1920,1088
task_20210416_UPS/20210416-191717_(5.0).jpg,333.888,760.0768,984.192,1086.2592,MESCHA,1920,1088
task_2021_11_03-04_cescau4/2021-11-03-15-43-05.jpg,1241.472,438.264,1504.128,663.876,MESNON,1920,1080
task_MOIDOM_ODJ/1323.jpeg,249.24,234.855,382.86,341.64,MOIDOM,600,450
task_20210616_Lab/2021-06-16-06-55-00.jpg,495.936,163.944,1030.08,507.6,VEREUR,1920,1080
task_2021_11_03-04_cescau4/2021-11-04-08-01-27.jpg,1027.584,450.792,1235.136,691.74,MESHUP,1920,1080
task_06-01-2021/2021-01-06-11-33-22.jpg,0.0,781.4016,470.784,1078.5344,ACCMOU,1920,1088
task_20210615_Lab/2021-06-15-09-22-59.jpg,592.512,229.284,1254.336,568.944,MESCHA,1920,1080
task_20210523_UPS/20210523-173500_(17.0).jpg,1.92,397.8816,1028.352,1058.08,PIEBAV,1920,1088
task_20210705-07_balacet/2021-07-07-06-47-05.jpg,1443.84,617.976,1894.656,1079.352,ACCMOU,1920,1080
task_05-01-2021/2021-01-05-17-41-03.jpg,839.424,401.1456,1289.088,767.8016,ACCMOU,1920,1088
task_2021_11_03-04_cescau4/2021-11-03-15-44-12.jpg,1452.096,427.788,1920.0,738.612,MESCHA,1920,1080
task_20210205/20210205-164330_01(18.0).jpg,184.128,346.464,1073.856,803.736,MESCHA,1920,1080
task_2021-03-01_18/20210301-183639_(7.0).jpg,399.552,476.4352,974.592,821.8752,MESBLE,1920,1088
task_20210624_balacet/2021-06-24-05-23-31.jpg,1315.968,908.496,1920.0,1080.0,MESCHA,1920,1080
task_2021_11_03-04_cescau4/2021-11-04-07-18-28.jpg,717.696,227.016,958.656,601.02,MESNON,1920,1080
task_20210227/20210227-150549_(5.0).jpg,1155.072,605.7984,1442.112,1082.7776,VEREUR,1920,1088
task_20210217/20210217-163045_07(11.0).jpg,1132.608,716.472,1798.656,1080.0,VEREUR,1920,1080
task_19-01-2021/2021-01-19-11-54-18.jpg,550.08,19.1488,1246.656,515.0592,MESCHA,1920,1088
task_19-01-2021/2021-01-19-11-02-09.jpg,0.0,125.2288,800.832,655.9552,MESCHA,1920,1088
task_20211204_Orlu/2021-12-23-15-46-42.jpg,451.008,803.736,729.984,1079.676,MESCHA,1920,1080
task_18-01-2021/2021-01-18-13-22-19.jpg,312.576,291.2576,1055.616,798.7008,MESNON,1920,1088
task_18-01-2021/2021-01-18-13-23-25.jpg,0.0,522.784,422.592,1088.0,MESCHA,1920,1088
task_2021-03-01_11/20210301-115345_(5.0).jpg,1005.312,462.944,1271.616,648.2304,MESCHA,1920,1088
task_20210417_UPS/20210417-150819_(7.0).jpg,1032.384,750.5024,1545.6,1088.0,MESCHA,1920,1088
task_20210616_Lab/2021-06-16-04-35-54.jpg,1345.92,250.668,1795.008,590.328,MESCHA,1920,1080
task_20210217/20210217-130112_01(17.0).jpg,259.392,0.972,900.48,172.152,MESCHA,1920,1080
task_2021_11_03-04_cescau4/2021-11-04-08-13-17.jpg,674.112,514.62,1044.288,788.184,MESNOI,1920,1080
task_20210624_balacet/2021-06-24-08-56-49.jpg,1024.512,242.46,1332.672,594.216,MESCHA,1920,1080
task_20210615_Lab/2021-06-15-10-03-13.jpg,1352.64,221.508,1719.36,532.224,MESCHA,1920,1080
task_20210217/20210217-134516_01(11.0).jpg,2.112,314.604,739.968,744.12,MESCHA,1920,1080
task_20210615_Lab/2021-06-15-09-07-05.jpg,1174.656,285.876,1813.824,553.824,MESCHA,1920,1080
task_2021_11_03-04_cescau4/2021-11-03-16-31-48.jpg,910.464,441.18,1264.32,720.792,MESCHA,1920,1080
task_20210611_Lab/2021-06-11-13-57-06.jpg,842.304,204.12,1161.216,752.436,MESCHA,1920,1080
task_20210523_UPS/20210523-190936_(19.0).jpg,785.472,382.6496,1916.16,957.5488,PIEBAV,1920,1088
task_20210624_balacet/2021-06-24-13-55-19.jpg,854.784,173.016,1412.736,694.008,MESCHA,1920,1080
task_20211204_Orlu/2021-12-24-07-54-02.jpg,1053.696,465.696,1525.824,690.66,MESNOI,1920,1080
task_20210611_Lab/2021-06-11-14-08-42.jpg,314.88,276.264,745.728,687.96,MESCHA,1920,1080
task_20210612_1_Lab/2021-06-12-06-11-57.jpg,665.664,285.012,1899.456,1080.0,MESCHA,1920,1080
task_18-01-2021/2021-01-18-14-27-29.jpg,200.64,331.7312,872.256,947.3216,MESCHA,1920,1088
task_20211204_Orlu/2021-12-23-16-01-48.jpg,793.92,506.304,1167.936,722.304,SITTOR,1920,1080
task_2021_11_03-04_cescau4/2021-11-04-07-39-36.jpg,536.832,446.688,1017.792,960.768,MESCHA,1920,1080
task_20211204_Orlu/2021-12-23-14-36-28.jpg,824.832,471.312,1443.84,737.532,MESCHA,1920,1080
task_06-01-2021/2021-01-06-11-14-52.jpg,436.224,5.7664,1057.536,349.1392,MESCHA,1920,1088
task_2021_11_03-04_cescau4/2021-11-03-15-52-28.jpg,1442.88,454.032,1628.736,651.888,MESNOI,1920,1080
task_20210205/20210205-122413_01(15.0).jpg,130.944,355.968,1011.264,883.332,VEREUR,1920,1080
task_2021-03-01_12/20210301-124458_(8.0).jpg,239.232,434.0032,845.184,756.2688,MESCHA,1920,1088
task_20211204_Orlu/2021-12-24-10-06-37.jpg,531.84,524.556,913.92,916.488,MESBLE,1920,1080
task_20210523_UPS/20210523-162808_(14.0).jpg,717.12,299.2,1269.312,828.512,MESBLE,1920,1088
task_2021_11_03-04_cescau4/2021-11-04-07-29-27.jpg,1226.88,478.872,1540.992,711.828,SITTOR,1920,1080
task_2021-03-01_18/20210301-184222_(5.0).jpg,304.896,464.9024,841.344,792.9344,MESBLE,1920,1088
task_2021-03-01_09/20210301-092244_(13.0).jpg,476.736,0.0,1574.592,856.5824,TOUTUR,1920,1088
task_2021_11_03-04_cescau4/2021-11-04-08-18-25.jpg,1023.744,413.1,1362.816,674.028,PINARB,1920,1080
task_2021_11_03-04_cescau4/2021-11-04-08-09-16.jpg,1342.656,534.168,1744.704,875.124,SITTOR,1920,1080
task_2021_11_03-04_cescau4/2021-11-03-15-38-19.jpg,1450.944,475.2,1667.712,654.372,MESNON,1920,1080
task_2021-03-01_13/20210301-133027_(5.0).jpg,1146.24,455.2192,1559.232,841.1328,MESBLE,1920,1088
task_05-01-2021/2021-01-05-16-27-26.jpg,403.392,403.104,1018.56,679.1296,MESCHA,1920,1088
task_2021-03-01_15/20210301-155057_(14.0).jpg,480.576,671.4048,719.808,1088.0,MESBLE,1920,1088
task_20210624_balacet/2021-06-24-05-04-04.jpg,392.064,304.992,915.456,937.116,MESCHA,1920,1080
task_05-01-2021/2021-01-05-16-52-40.jpg,1433.856,576.7488,1918.08,1031.968,MESCHA,1920,1088
task_20210417_UPS/20210417-165120_(5.0).jpg,784.512,751.6992,1326.336,1082.7776,MESCHA,1920,1088
task_20210523_UPS/20210523-173455_(26.0).jpg,618.624,285.9264,1354.752,1084.6272,PIEBAV,1920,1088
task_20210612_1_Lab/2021-06-12-04-52-12.jpg,1072.896,192.672,1711.68,555.336,MESCHA,1920,1080
task_21-01-2021/2021-01-21-12-03-50.jpg,314.496,229.4592,1404.864,663.68,MESCHA,1920,1088
task_20211204_Orlu/2021-12-23-13-28-02.jpg,655.104,437.076,1129.92,799.848,MESCHA,1920,1080
task_2021-03-01_07/20210301-074848_(9.0).jpg,1537.92,897.1648,1918.08,1088.0,MESCHA,1920,1088
task_20210611_Lab/2021-06-11-14-05-40.jpg,309.312,253.476,768.384,627.264,MESCHA,1920,1080
task_06-01-2021/2021-01-06-11-54-04.jpg,852.864,619.2896,1595.904,1076.576,SITTOR,1920,1088
task_21-01-2021/2021-01-21-14-22-00.jpg,569.28,285.3824,868.416,628.864,MESCHA,1920,1088
task_2021-03-01_15/20210301-150503_(11.0).jpg,108.096,532.4672,700.416,980.0704,MESCHA,1920,1088
task_2021_11_03-04_cescau4/2021-11-04-07-45-11.jpg,1601.856,574.56,1920.0,1080.0,MESHUP,1920,1080
task_19-01-2021/2021-01-19-11-47-38.jpg,1391.232,75.072,1918.08,638.5472,MESCHA,1920,1088
task_20210227/20210227-133015_(7.0).jpg,806.592,509.2928,1248.576,735.0528,VEREUR,1920,1088
task_2021_11_03-04_cescau4/2021-11-03-15-54-30.jpg,1213.44,489.456,1564.608,656.1,MESNOI,1920,1080
task_20210616_Lab/2021-06-16-09-22-20.jpg,76.992,312.012,1418.688,1080.0,MESCHA,1920,1080
task_2021_11_03-04_cescau4/2021-11-03-11-53-19.jpg,866.496,556.2,1524.288,829.656,MESCHA,1920,1080
task_2021_11_03-04_cescau4/2021-11-03-11-50-23.jpg,1241.472,493.992,1795.008,784.944,SITTOR,1920,1080
task_20210525_UPS/20210525-155754_(20.0).jpg,488.256,424.32,1223.424,1088.0,PIEBAV,1920,1088
task_20211204_Orlu/2021-12-23-15-41-39.jpg,737.856,458.244,1226.88,728.244,MESCHA,1920,1080
task_20210705-07_balacet/2021-07-06-10-49-35.jpg,715.584,309.42,990.528,628.452,ROUGOR,1920,1080
task_20210612_1_Lab/2021-06-12-05-06-58.jpg,872.256,240.84,1323.84,978.048,MESCHA,1920,1080
task_2021_11_03-04_cescau4/2021-11-03-12-27-32.jpg,632.256,214.38,1123.392,616.464,PINARB,1920,1080
task_2021_11_03-04_cescau4/2021-11-03-14-07-20.jpg,777.792,448.416,1423.296,827.604,MESCHA,1920,1080
task_21-01-2021/2021-01-21-13-37-20.jpg,48.192,185.0688,621.312,636.5888,MESBLE,1920,1088
task_20210615_Lab/2021-06-15-10-04-00.jpg,1304.448,298.728,1754.112,673.056,MESCHA,1920,1080
task_2021-03-01_16/20210301-160515_(18.0).jpg,584.64,414.7456,984.192,717.6448,MESCHA,1920,1088
task_21-01-2021/2021-01-21-12-31-51.jpg,0.0,198.56,714.048,883.6736,MESCHA,1920,1088
task_2021-03-01_12/20210301-122410_(11.0).jpg,563.52,432.0448,1335.36,1043.8272,MESCHA,1920,1088
task_20210227/20210227-151523_(13.0).jpg,1140.48,480.352,1846.656,756.2688,MESCHA,1920,1088
task_20210612_1_Lab/2021-06-12-06-19-14.jpg,931.2,261.36,1276.992,503.82,MESCHA,1920,1080
task_2021_11_03-04_cescau4/2021-11-04-07-43-43.jpg,703.488,463.968,999.36,883.98,MESNOI,1920,1080
task_2021_11_03-04_cescau4/2021-11-03-11-07-26.jpg,837.888,413.64,1285.824,694.548,MESNON,1920,1080
task_20210624_balacet/2021-06-24-12-06-15.jpg,1188.672,372.06,1613.184,788.832,MESCHA,1920,1080
task_21-01-2021/2021-01-21-11-52-50.jpg,877.056,212.2688,1886.784,801.0944,MESCHA,1920,1088
task_20211204_Orlu/2021-12-24-10-14-11.jpg,660.096,477.036,1022.784,774.252,MESCHA,1920,1080
task_2021_11_03-04_cescau4/2021-11-04-07-18-32.jpg,1361.088,499.392,1629.12,672.948,MESNON,1920,1080
task_2021_11_03-04_cescau4/2021-11-03-14-47-26.jpg,1257.984,418.284,1557.12,669.708,MESNON,1920,1080
task_20211204_Orlu/2021-12-23-13-47-15.jpg,230.016,564.192,1125.888,926.964,MESCHA,1920,1080
task_2021_11_03-04_cescau4/2021-11-03-16-25-11.jpg,919.104,457.488,1575.552,813.888,MESCHA,1920,1080
task_20210616_Lab/2021-06-16-04-42-30.jpg,773.376,182.304,1316.16,509.652,MESCHA,1920,1080
task_18-01-2021/2021-01-18-13-45-13.jpg,1150.08,570.9824,1782.912,1086.2592,MESBLE,1920,1088
task_19-01-2021/2021-01-19-11-38-05.jpg,631.104,217.9264,1680.768,709.92,MESCHA,1920,1088
task_2021_11_03-04_cescau4/2021-11-04-08-09-47.jpg,1415.04,458.784,1632.384,723.816,MESNON,1920,1080
task_2021_11_03-04_cescau4/2021-11-04-07-12-39.jpg,914.304,438.48,1555.2,694.548,PINARB,1920,1080
task_21-01-2021/2021-01-21-12-40-29.jpg,82.944,291.2576,854.784,682.9376,MESCHA,1920,1088
task_20210526_UPS/20210526-124512_(11.0).jpg,791.232,437.7024,1407.744,1086.5856,PIEBAV,1920,1088
task_06-01-2021/2021-01-06-11-55-53.jpg,1111.488,570.9824,1864.128,997.4784,MESCHA,1920,1088
task_20210227/20210227-112637_(9.0).jpg,663.936,544.0,852.864,845.0496,MESCHA,1920,1088
task_2021_11_03-04_cescau4/2021-11-04-07-44-07.jpg,804.864,91.584,1174.848,529.308,SITTOR,1920,1080
task_20210615_Lab/2021-06-15-13-58-40.jpg,1186.752,287.172,1748.352,675.0,MESCHA,1920,1080
task_2021-03-01_10/20210301-103559_(10.0).jpg,478.656,418.5536,1127.04,737.0112,MESCHA,1920,1088
task_06-01-2021/2021-01-06-12-06-52.jpg,0.0,598.0736,1449.216,1088.0,MESCHA,1920,1088
task_2021-03-01_18/20210301-181812_(11.0).jpg,418.752,567.1744,706.368,1001.2864,MESBLE,1920,1088
task_20210624_balacet/2021-06-24-08-55-24.jpg,881.664,280.26,1499.52,600.48,MESCHA,1920,1080
task_2021_11_03-04_cescau4/2021-11-04-07-27-13.jpg,1280.832,424.44,1920.0,683.64,PINARB,1920,1080
task_2021-03-01_09/20210301-091238_(9.0).jpg,850.944,412.7872,1190.592,634.7392,MESCHA,1920,1088
task_20210624_balacet/2021-06-24-08-30-08.jpg,546.048,334.692,1121.664,805.896,MESCHA,1920,1080
task_20210615_Lab/2021-06-15-08-33-01.jpg,824.064,184.896,1385.472,472.392,VEREUR,1920,1080
task_2021_11_03-04_cescau4/2021-11-03-11-18-12.jpg,841.536,383.94,1219.776,716.472,MESHUP,1920,1080
task_20211204_Orlu/2021-12-23-13-49-31.jpg,726.336,439.236,1188.864,689.148,MESNOI,1920,1080
task_20210615_Lab/2021-06-15-13-48-23.jpg,922.368,603.612,1472.448,1080.0,MESCHA,1920,1080
task_20210526_UPS/20210526-133841_(34.0).jpg,954.432,490.7968,1918.08,1088.0,PIEBAV,1920,1088
task_19-01-2021/2021-01-19-10-57-02.jpg,158.208,0.0,845.184,549.7664,MESCHA,1920,1088
task_20210705-07_balacet/2021-07-06-12-23-29.jpg,586.752,285.444,1201.728,599.4,ROUGOR,1920,1080
task_20210705-07_balacet/2021-07-06-15-11-41.jpg,1061.568,400.572,1515.456,746.496,MESBLE,1920,1080
task_2021-03-01_17/20210301-170246_(5.0).jpg,1302.528,1018.6944,1593.984,1088.0,MESCHA,1920,1088
task_20210417_UPS/20210417-153846_(11.0).jpg,663.936,592.1984,1159.68,802.6176,MESCHA,1920,1088
task_20211204_Orlu/2021-12-24-09-35-56.jpg,777.408,549.612,1007.616,756.972,SITTOR,1920,1080
task_2021_11_03-04_cescau4/2021-11-04-07-26-59.jpg,779.328,471.096,1127.232,749.088,MESNON,1920,1080
task_21-01-2021/2021-01-21-12-16-06.jpg,166.08,134.912,1022.784,688.704,ROUGOR,1920,1088
task_2021-03-01_13/20210301-133133_(9.0).jpg,200.64,408.9792,816.192,850.816,MESCHA,1920,1088
task_2021_11_03-04_cescau4/2021-11-03-11-06-26.jpg,1252.224,459.864,1853.568,779.112,MESHUP,1920,1080
task_20210417_UPS/20210417-072015_(16.0).jpg,758.592,254.4832,1918.656,1088.0,PIEBAV,1920,1088
task_2021-03-01_17/20210301-175031_(12.0)(1).jpg,779.52,451.4112,1321.92,634.7392,MESCHA,1920,1088
task_2021_11_03-04_cescau4/2021-11-03-12-19-00.jpg,643.008,455.976,1084.992,975.24,MESCHA,1920,1080
task_19-01-2021/2021-01-19-12-56-35.jpg,1036.224,150.3616,1373.952,684.896,MESBLE,1920,1088
task_20211204_Orlu/2021-12-24-08-04-05.jpg,988.992,458.352,1219.008,723.276,MESCHA,1920,1080
task_21-01-2021/2021-01-21-12-42-05.jpg,696.576,246.8672,1447.296,640.5056,MESCHA,1920,1088
task_20210227/20210227-115632_(5.0).jpg,916.608,607.648,1482.048,835.3664,MOIDOM,1920,1088
task_2021_11_03-04_cescau4/2021-11-03-15-21-06.jpg,717.888,406.188,1226.688,793.8,MESCHA,1920,1080
task_20210612_1_Lab/2021-06-12-06-31-24.jpg,472.704,283.284,1092.288,653.832,MESCHA,1920,1080
task_2021_11_03-04_cescau4/2021-11-03-14-44-44.jpg,1322.304,502.092,1561.152,653.4,MESNON,1920,1080
task_20210523_UPS/20210523-175554_(17.0).jpg,914.496,413.1136,1798.656,1088.0,PIEBAV,1920,1088
task_20210417_UPS/20210417-090743_(17.0).jpg,304.896,742.7776,936.0,1086.2592,MESCHA,1920,1088
task_21-01-2021/2021-01-21-12-52-21.jpg,976.512,401.2544,1437.696,839.2832,MESCHA,1920,1088
task_18-01-2021/2021-01-18-14-17-09.jpg,1013.184,349.1392,1879.488,1059.168,MESCHA,1920,1088
task_20211204_Orlu/2021-12-24-10-30-34.jpg,725.376,448.524,1299.264,761.832,MESCHA,1920,1080
task_20210227/20210227-170026_(8.0).jpg,1005.312,557.4912,1418.304,731.136,VEREUR,1920,1088
task_20211204_Orlu/2021-12-23-14-12-12.jpg,648.384,438.48,1131.456,726.732,MESBLE,1920,1080
task_20210217/20210217-174320_07(13.0).jpg,0.0,8.748,1155.456,839.7,TOUTUR,1920,1080
task_2021-03-01_11/20210301-114229_(9.0).jpg,818.304,430.1952,1180.992,686.7456,MESCHA,1920,1088
task_20210612_1_Lab/2021-06-12-06-21-28.jpg,796.608,694.656,1683.456,1080.0,MESCHA,1920,1080
task_2021_11_03-04_cescau4/2021-11-03-13-55-18.jpg,1302.912,475.308,1808.832,716.148,MESHUP,1920,1080
task_06-01-2021/2021-01-06-12-11-56.jpg,266.304,615.4816,993.792,1084.192,MESCHA,1920,1088
task_05-01-2021/2021-01-05-17-00-49.jpg,695.424,599.5968,893.568,736.576,MESBLE,1920,1088
task_20211204_Orlu/2021-12-24-09-50-54.jpg,1141.44,501.336,1405.824,712.584,MESCHA,1920,1080
task_20211204_Orlu/2021-12-24-10-09-16.jpg,782.784,552.312,1103.616,847.476,MESCHA,1920,1080
task_20210616_Lab/2021-06-16-09-14-16.jpg,1046.784,189.108,1492.224,470.232,MESCHA,1920,1080
task_2021_11_03-04_cescau4/2021-11-03-11-03-05.jpg,874.944,525.096,1273.344,729.216,MESHUP,1920,1080
task_2021-03-01_14/20210301-141818_(17.0).jpg,764.16,426.2784,1233.024,835.3664,MESCHA,1920,1088
task_19-01-2021/2021-01-19-11-31-12.jpg,65.664,140.6784,735.168,638.5472,MESBLE,1920,1088
task_20210526_UPS/20210526-185753_(23.0).jpg,992.256,471.8656,1906.752,1077.12,PIEBAV,1920,1088
task_06-01-2021/2021-01-06-11-39-00.jpg,1584.192,682.9376,1916.16,1034.144,MESBLE,1920,1088
task_20210612_1_Lab/2021-06-12-05-41-15.jpg,1166.592,831.384,1604.352,1080.0,MESCHA,1920,1080
task_05-01-2021/2021-01-05-16-52-36.jpg,843.648,434.0032,1347.648,1088.0,MESCHA,1920,1088
task_20210705-07_balacet/2021-07-06-11-44-57.jpg,1110.912,430.272,1460.16,711.936,ACCMOU,1920,1080
task_20210615_Lab/2021-06-15-10-56-11.jpg,865.344,210.06,1075.968,547.776,MESCHA,1920,1080
task_2021-03-01_16/20210301-161431_(14.0).jpg,661.824,470.6688,1069.056,652.0384,MESBLE,1920,1088
task_19-01-2021/2021-01-19-11-18-30.jpg,1204.224,104.0128,1615.104,752.4608,MESCHA,1920,1088
task_21-01-2021/2021-01-21-13-05-30.jpg,1034.304,345.2224,1435.776,835.3664,MESCHA,1920,1088
task_20210615_Lab/2021-06-15-09-21-33.jpg,991.872,235.116,1227.264,478.224,MESCHA,1920,1080
task_20210227/20210227-163447_(11.0).jpg,374.4,493.8432,1105.728,895.2064,MESBLE,1920,1088
task_2021_11_03-04_cescau4/2021-11-03-16-36-13.jpg,1335.168,468.504,1601.856,688.608,SITTOR,1920,1080
task_21-01-2021/2021-01-21-14-44-35.jpg,636.864,262.3168,1273.536,653.9968,MESBLE,1920,1088
task_2021_11_03-04_cescau4/2021-11-04-07-44-16.jpg,834.048,421.74,1084.032,743.688,PINARB,1920,1080
task_2021_11_03-04_cescau4/2021-11-03-15-23-28.jpg,942.528,450.036,1340.352,702.108,SITTOR,1920,1080
task_05-01-2021/2021-01-05-17-33-27.jpg,1358.592,453.2608,1920.0,949.1712,ACCMOU,1920,1088
task_2021-03-01_17/20210301-170300_(12.0).jpg,785.472,447.4944,1072.896,644.3136,VEREUR,1920,1088
task_2021_11_03-04_cescau4/2021-11-03-15-05-11.jpg,529.728,530.172,1230.336,832.464,MESCHA,1920,1080
task_2021_11_03-04_cescau4/2021-11-03-16-16-52.jpg,1481.28,493.56,1729.536,678.564,MESNON,1920,1080
task_05-01-2021/2021-01-05-17-17-01.jpg,1013.184,586.5408,1501.248,1088.0,MESBLE,1920,1088
task_20210227/20210227-151102_(6.0).jpg,1107.648,883.6736,1447.296,1084.3008,MESCHA,1920,1088
task_20210611_Lab/2021-06-11-18-14-17.jpg,295.488,165.996,678.144,593.568,MESCHA,1920,1080
task_20210616_Lab/2021-06-16-04-49-03.jpg,968.256,464.94,1559.424,1073.196,MESCHA,1920,1080
task_20211204_Orlu/2021-12-24-07-50-00.jpg,613.056,467.532,1199.808,892.62,SITTOR,1920,1080
task_20210523_UPS/20210523-175256_(25.0).jpg,1.92,409.3056,1709.376,1088.0,PIEBAV,1920,1088
task_2021_11_03-04_cescau4/2021-11-04-07-37-09.jpg,1046.592,482.004,1612.608,736.992,MESCHA,1920,1080
task_21-01-2021/2021-01-21-12-30-18.jpg,542.208,241.1008,1356.672,547.9168,MESCHA,1920,1088
task_20210612_1_Lab/2021-06-12-05-59-22.jpg,465.984,222.372,979.392,671.976,MESCHA,1920,1080
task_05-01-2021/2021-01-05-16-04-24.jpg,1472.448,603.84,1852.608,978.2208,MESCHA,1920,1088
task_2021-03-01_15/20210301-151403_(14.0).jpg,590.592,435.9616,897.408,769.76,MESCHA,1920,1088
task_2021-03-01_17/20210301-170133_(9.0).jpg,1082.496,312.4736,1632.576,816.1088,VEREUR,1920,1088
task_19-01-2021/2021-01-19-10-53-08.jpg,465.024,277.6576,1209.984,611.5648,MESNON,1920,1088
task_20211204_Orlu/2021-12-24-10-56-04.jpg,981.12,506.304,1327.104,719.388,MESBLE,1920,1080
task_19-01-2021/2021-01-19-12-34-13.jpg,845.184,167.6608,1291.008,530.5088,MESBLE,1920,1088
task_21-01-2021/2021-01-21-13-47-42.jpg,507.456,204.4352,1449.216,790.976,MESCHA,1920,1088
task_2021_11_03-04_cescau4/2021-11-03-12-27-19.jpg,900.48,448.74,1513.344,767.016,MESCHA,1920,1080
task_21-01-2021/2021-01-21-14-38-07.jpg,451.584,221.8432,1003.584,858.5408,MESCHA,1920,1088
task_20210623_balacet/2021-06-23-09-33-37.jpg,273.984,352.728,798.912,898.884,MESCHA,1920,1080
task_20210523_UPS/20210523-185411_(18.0).jpg,916.416,282.1184,1802.496,1088.0,PIEBAV,1920,1088
task_2021-03-01_17/20210301-174343_(14.0).jpg,619.392,441.728,1144.32,673.2544,MESCHA,1920,1088
task_06-01-2021/2021-01-06-12-12-53.jpg,667.776,731.136,1395.072,1088.0,ACCMOU,1920,1088
task_05-01-2021/2021-01-05-17-08-07.jpg,270.144,370.2464,621.312,763.9936,MESCHA,1920,1088
task_2021-03-01_14/20210301-145534_(21.0).jpg,806.592,439.7696,1152.0,640.5056,MESCHA,1920,1088
task_2021-03-01_15/20210301-154921_(13.0).jpg,602.112,432.0448,1001.472,634.7392,MESBLE,1920,1088
task_18-01-2021/2021-01-18-14-33-35.jpg,984.192,302.7904,1547.712,578.7072,MESCHA,1920,1088
task_20211204_Orlu/2021-12-24-08-01-51.jpg,1687.872,979.884,1861.44,1080.0,MESBLE,1920,1080
task_2021-03-01_17/20210301-172745_(13.0).jpg,659.904,283.5328,1086.336,775.5264,MESCHA,1920,1088
task_19-01-2021/2021-01-19-12-25-20.jpg,982.272,7.5072,1327.68,507.3344,MESCHA,1920,1088
task_2021-03-01_07/20210301-074714_(14.0).jpg,1213.824,715.7952,1918.08,1088.0,MESCHA,1920,1088
task_20211204_Orlu/2021-12-24-10-15-32.jpg,332.928,516.672,838.848,1042.632,MESCHA,1920,1080
task_20210705-07_balacet/2021-07-07-07-14-19.jpg,1009.92,388.8,1290.816,748.764,ACCMOU,1920,1080
task_20210227/20210227-141658_(9.0).jpg,964.8,594.1568,1524.48,808.384,MESCHA,1920,1088
task_20210624_balacet/2021-06-24-07-13-00.jpg,576.576,298.62,910.08,628.236,MESCHA,1920,1080
task_20211204_Orlu/2021-12-23-14-51-04.jpg,794.88,440.64,1340.736,662.148,MESCHA,1920,1080
task_20210615_Lab/2021-06-15-13-51-21.jpg,1379.712,242.784,1802.304,555.336,MESCHA,1920,1080
task_20210615_Lab/2021-06-15-10-59-44.jpg,947.52,5.4,1242.816,316.116,MESCHA,1920,1080
task_20210615_Lab/2021-06-15-09-09-23.jpg,999.552,264.06,1590.144,520.668,MESCHA,1920,1080
task_2021_11_03-04_cescau4/2021-11-04-08-02-25.jpg,304.704,345.168,1747.776,1080.0,MESCHA,1920,1080
task_20210615_Lab/2021-06-15-10-45-10.jpg,955.2,181.008,1343.04,445.392,MESCHA,1920,1080
task_2021-03-01_14/20210301-141410_(12.0).jpg,1198.272,679.1296,1918.08,1088.0,MESCHA,1920,1088
task_20210523_UPS/20210523-185703_(15.0).jpg,201.216,170.1632,1390.656,1063.8464,PIEBAV,1920,1088
task_20210616_Lab/2021-06-16-17-55-41.jpg,1022.016,243.216,1520.448,563.112,MESCHA,1920,1080
task_2021_11_03-04_cescau4/2021-11-03-15-16-50.jpg,1595.328,559.872,1920.0,1080.0,MESNON,1920,1080
task_20210217/20210217-161321_01(14.0).jpg,469.824,458.136,740.928,1080.0,MESBLE,1920,1080
task_20210705-07_balacet/2021-07-07-08-10-21.jpg,1077.12,335.232,1819.2,810.216,ACCMOU,1920,1080
task_20211204_Orlu/2021-12-23-15-55-52.jpg,1187.136,464.832,1361.472,646.056,MESBLE,1920,1080
task_21-01-2021/2021-01-21-12-03-34.jpg,0.0,185.0688,729.408,688.704,MESCHA,1920,1088
task_20210228/20210228-121603_(7.0).jpg,1096.128,621.1392,1453.056,1088.0,VEREUR,1920,1088
task_20210615_Lab/2021-06-15-16-10-43.jpg,782.784,384.912,1581.504,1080.0,MESCHA,1920,1080
task_2021-03-01_14/20210301-141628_(7.0).jpg,314.688,468.7104,756.48,960.8128,MESCHA,1920,1088
task_2021_11_03-04_cescau4/2021-11-03-14-33-54.jpg,890.88,477.036,1424.064,785.376,MESNON,1920,1080
task_2021-03-01_13/20210301-134827_(8.0).jpg,879.936,435.9616,1472.448,721.5616,VEREUR,1920,1088
task_06-01-2021/2021-01-06-11-31-59.jpg,1240.704,684.896,1462.656,819.9168,MESCHA,1920,1088
task_20210525_UPS/20210525-172420_(23.0).jpg,716.736,308.992,1920.0,971.1488,PIEBAV,1920,1088
task_20211204_Orlu/2021-12-24-08-55-27.jpg,899.712,509.652,1343.808,698.76,MESBLE,1920,1080
task_20210705-07_balacet/2021-07-07-07-23-06.jpg,785.856,355.536,1370.496,649.944,ACCMOU,1920,1080
task_20211204_Orlu/2021-12-24-10-47-10.jpg,804.096,481.68,1224.96,752.544,MESBLE,1920,1080
task_20210523_UPS/20210523-181824_(13.0).jpg,776.064,388.416,1195.2,1084.6272,PIEBAV,1920,1088
task_20210416_UPS/20210416-163944_(11.0).jpg,208.512,731.136,912.768,1009.0112,MESCHA,1920,1088
task_06-01-2021/2021-01-06-11-43-24.jpg,1248.576,509.2928,1916.16,1088.0,SITTOR,1920,1088
task_21-01-2021/2021-01-21-14-07-21.jpg,553.92,167.6608,976.32,644.3136,MESCHA,1920,1088
task_21-01-2021/2021-01-21-12-38-46.jpg,546.048,231.4176,928.128,627.0144,MESCHA,1920,1088
task_20210616_Lab/2021-06-16-18-28-03.jpg,1444.608,227.232,1665.024,549.288,MESCHA,1920,1080
task_20210615_Lab/2021-06-15-11-00-36.jpg,1306.368,171.396,1632.576,489.78,MESCHA,1920,1080
task_20211204_Orlu/2021-12-23-14-57-05.jpg,739.2,442.692,1223.424,691.092,MESNOI,1920,1080
task_20210612_1_Lab/2021-06-12-06-13-59.jpg,1024.704,580.5,1593.984,1080.0,MESCHA,1920,1080
task_2021-03-01_14/20210301-144605_(11.0).jpg,839.424,407.0208,1263.936,652.0384,MESCHA,1920,1088
task_2021-03-01_14/20210301-143922_(17.0).jpg,918.528,325.9648,1256.256,667.488,MESCHA,1920,1088
task_2021-03-01_10/20210301-100126_(7.0).jpg,528.768,447.4944,928.128,985.9456,VEREUR,1920,1088
task_2021_11_03-04_cescau4/2021-11-03-11-21-46.jpg,936.96,455.004,1150.272,944.892,MESBLE,1920,1080
task_20211204_Orlu/2021-12-23-13-30-08.jpg,273.6,453.6,891.456,961.632,MESCHA,1920,1080
task_20210616_Lab/2021-06-16-09-06-33.jpg,875.52,119.772,1490.112,505.44,MESCHA,1920,1080
task_20210623_balacet/2021-06-23-13-40-28.jpg,921.408,271.404,1637.376,637.956,MESCHA,1920,1080
task_2021_11_03-04_cescau4/2021-11-04-08-00-38.jpg,766.848,483.516,1309.824,699.516,MESCHA,1920,1080
task_20210227/20210227-120357_(6.0).jpg,926.208,544.0,1219.584,735.0528,VEREUR,1920,1088
task_2021_11_03-04_cescau4/2021-11-03-14-28-16.jpg,1118.976,407.16,1535.04,705.132,MESCHA,1920,1080
task_2021-03-01_08/20210301-085615_(13.0).jpg,960.96,300.832,1794.624,763.9936,VEREUR,1920,1088
task_21-01-2021/2021-01-21-14-00-13.jpg,816.192,304.7488,1335.36,1020.6528,MESCHA,1920,1088
task_2021_11_03-04_cescau4/2021-11-04-07-46-43.jpg,1688.064,640.656,1920.0,1027.944,MESNON,1920,1080
task_2021_11_03-04_cescau4/2021-11-04-08-20-03.jpg,777.408,452.196,1346.496,698.868,PINARB,1920,1080
task_20210526_UPS/20210526-085601_(19.0).jpg,844.224,354.2528,1842.24,1088.0,PIEBAV,1920,1088
task_20211204_Orlu/2021-12-24-10-49-05.jpg,930.432,404.244,1365.504,745.848,MESCHA,1920,1080
task_20211204_Orlu/2021-12-24-07-31-23.jpg,402.24,519.372,1057.344,873.936,MESCHA,1920,1080
task_20210526_UPS/20210526-141945_(23.0).jpg,944.832,414.9632,1920.0,961.3568,PIEBAV,1920,1088
task_05-01-2021/2021-01-05-17-34-58.jpg,988.032,350.336,1920.0,978.2208,ACCMOU,1920,1088
task_20210615_Lab/2021-06-15-13-21-48.jpg,1161.6,325.728,1642.176,719.388,MESCHA,1920,1080
task_2021_11_03-04_cescau4/2021-11-03-11-24-13.jpg,830.592,458.352,1050.432,718.74,MESNON,1920,1080
task_06-01-2021/2021-01-06-11-53-28.jpg,0.0,663.68,499.776,1032.1856,MESCHA,1920,1088
task_2021-03-01_12/20210301-124840_(10.0).jpg,609.792,435.9616,1022.784,740.8192,MESCHA,1920,1088
task_19-01-2021/2021-01-19-10-36-29.jpg,0.0,266.1248,1015.104,742.7776,MESCHA,1920,1088
task_2021_11_03-04_cescau4/2021-11-03-15-18-41.jpg,912.768,504.144,1152.768,875.124,MESNOI,1920,1080
task_20210611_Lab/2021-06-11-14-07-56.jpg,671.616,276.264,1195.2,559.008,MESCHA,1920,1080
task_21-01-2021/2021-01-21-12-00-29.jpg,1233.024,244.9088,1891.008,825.6832,MESNON,1920,1088
task_2021_11_03-04_cescau4/2021-11-03-16-22-46.jpg,807.936,465.804,1274.688,799.416,MESNOI,1920,1080
task_2021_11_03-04_cescau4/2021-11-03-14-53-43.jpg,665.472,610.632,1192.128,1080.0,MESCHA,1920,1080
task_2021_11_03-04_cescau4/2021-11-03-15-01-24.jpg,1247.04,408.132,1896.384,788.292,PINARB,1920,1080
task_2021_11_03-04_cescau4/2021-11-04-07-55-31.jpg,835.776,504.252,1109.952,891.648,MESNON,1920,1080
task_21-01-2021/2021-01-21-13-15-56.jpg,391.68,221.7344,922.368,603.84,MESNON,1920,1088
task_20210417_UPS/20210417-131038_(6.0).jpg,1074.432,840.8064,1634.88,1088.0,MESCHA,1920,1088
task_21-01-2021/2021-01-21-12-22-46.jpg,463.104,204.4352,1026.624,607.648,MESCHA,1920,1088
task_2021_11_03-04_cescau4/2021-11-03-13-25-05.jpg,1365.888,458.352,1754.112,848.34,MESCHA,1920,1080
task_19-01-2021/2021-01-19-11-22-51.jpg,519.168,69.3056,1132.8,457.1776,MESNON,1920,1088
task_20210612_1_Lab/2021-06-12-06-19-53.jpg,402.816,339.336,1118.208,688.284,MESCHA,1920,1080
task_20210416_UPS/20210416-182218_(5.0).jpg,633.024,765.952,982.272,1065.0432,MESCHA,1920,1088
task_20210612_1_Lab/2021-06-12-04-55-40.jpg,503.616,182.952,876.096,590.112,MESCHA,1920,1080
task_19-01-2021/2021-01-19-11-08-17.jpg,758.4,1.7408,1711.68,613.5232,MESBLE,1920,1088
task_19-01-2021/2021-01-19-12-05-28.jpg,1240.704,156.128,1646.016,491.8848,MESCHA,1920,1088
task_2021_11_03-04_cescau4/2021-11-03-14-48-23.jpg,1206.144,478.764,1555.2,661.608,MESNON,1920,1080
task_20210612_1_Lab/2021-06-12-06-36-22.jpg,845.184,570.78,1343.04,1080.0,MESCHA,1920,1080
task_20211204_Orlu/2021-12-24-08-01-09.jpg,1076.928,452.952,1545.024,810.864,MESCHA,1920,1080
task_20210611_Lab/2021-06-11-15-34-05.jpg,934.848,318.276,1252.608,813.132,MESCHA,1920,1080
task_19-01-2021/2021-01-19-10-57-18.jpg,32.832,188.9856,953.28,717.6448,MESNON,1920,1088
task_20210412/20210412-140456_(7.0).jpg,1102.08,619.8336,1400.448,1078.9696,MESCHA,1920,1088
task_19-01-2021/2021-01-19-11-16-52.jpg,1.92,36.5568,972.672,902.9312,MESCHA,1920,1088
task_20210611_Lab/2021-06-11-14-04-11.jpg,313.152,190.836,823.488,678.456,MESCHA,1920,1080
task_20210616_Lab/2021-06-16-04-41-19.jpg,1050.24,254.88,1303.872,805.572,MESCHA,1920,1080
task_21-01-2021/2021-01-21-11-59-40.jpg,972.672,150.3616,1910.4,760.0768,MESCHA,1920,1088
task_20210705-07_balacet/2021-07-06-14-36-26.jpg,672.768,342.9,1144.704,720.9,ACCMOU,1920,1080
task_20210615_Lab/2021-06-15-16-15-32.jpg,820.224,148.284,1312.128,507.168,MESCHA,1920,1080
task_20210616_Lab/2021-06-16-09-31-15.jpg,1220.352,318.924,1785.6,707.508,MESCHA,1920,1080
task_2021-03-01_14/20210301-143950_(17.0).jpg,816.192,457.1776,1124.928,630.8224,MESCHA,1920,1088
task_20210413_UPS/20210413-170402_(5.0).jpg,1015.104,750.5024,1321.92,935.68,MESCHA,1920,1088
task_20210616_Lab/2021-06-16-18-14-27.jpg,1238.592,240.516,1722.432,501.876,MESCHA,1920,1080
task_20210227/20210227-142052_(5.0).jpg,1217.664,526.592,1590.144,860.4992,MESCHA,1920,1088
task_21-01-2021/2021-01-21-13-45-38.jpg,673.536,270.0416,1647.936,790.976,MESCHA,1920,1088
task_20210612_1_Lab/2021-06-12-06-09-23.jpg,440.064,0.0,1333.824,1080.0,MESCHA,1920,1080
task_20210228/20210228-130549_(10.0).jpg,310.656,231.4176,918.528,547.9168,MESCHA,1920,1088
task_05-01-2021/2021-01-05-16-39-14.jpg,249.024,401.1456,1063.296,804.4672,SITTOR,1920,1088
task_21-01-2021/2021-01-21-13-16-12.jpg,590.592,256.4416,1474.368,706.112,MESCHA,1920,1088
task_20210612_1_Lab/2021-06-12-05-36-24.jpg,1256.256,233.172,1767.552,736.776,MESCHA,1920,1080
task_20210623_balacet/2021-06-23-09-37-06.jpg,874.176,368.172,1217.664,800.496,MESCHA,1920,1080
task_20211204_Orlu/2021-12-24-10-43-04.jpg,911.232,462.024,1284.864,682.776,MESNON,1920,1080
task_2021_11_03-04_cescau4/2021-11-03-13-25-32.jpg,580.416,477.252,1061.184,1060.344,MESCHA,1920,1080
task_19-01-2021/2021-01-19-11-52-51.jpg,1352.64,138.8288,1711.68,598.0736,MESCHA,1920,1088
task_20210523_UPS/20210523-173446_(22.0).jpg,453.504,481.3312,1282.56,1082.7776,PIEBAV,1920,1088
task_19-01-2021/2021-01-19-13-36-08.jpg,951.36,7.5072,1702.08,563.2576,ROUGOR,1920,1088
task_20210205/20210205-125816_05(11.0).jpg,628.032,346.464,1176.384,767.664,MESCHA,1920,1080
task_20210616_Lab/2021-06-16-09-06-44.jpg,1130.496,645.624,1890.816,1080.0,MESCHA,1920,1080
task_20210611_Lab/2021-06-11-14-05-51.jpg,1535.04,96.12,1688.064,186.084,MESCHA,1920,1080
task_05-01-2021/2021-01-05-17-40-36.jpg,0.0,167.6608,576.96,789.0176,ROUGOR,1920,1088
task_20210616_Lab/2021-06-16-05-32-58.jpg,253.824,95.256,1339.392,1077.192,MESCHA,1920,1080
task_2021-03-01_14/20210301-143044_(9.0).jpg,1140.48,1037.952,1555.392,1088.0,MESCHA,1920,1088
task_06-01-2021/2021-01-06-12-07-59.jpg,661.824,694.4704,1047.744,1076.576,MESCHA,1920,1088
task_2021-03-01_14/20210301-145833_(16.0).jpg,287.616,470.6688,960.96,729.2864,MESCHA,1920,1088
task_20210228/20210228-150826_(12.0).jpg,1169.472,764.2112,1917.312,1088.0,VEREUR,1920,1088
task_2021-03-01_10/20210301-103555_(11.0).jpg,266.304,420.512,769.92,945.3632,MESCHA,1920,1088
task_2021-03-01_16/20210301-165455_(8.0).jpg,1018.944,623.0976,1443.456,1088.0,MESCHA,1920,1088
task_20211204_Orlu/2021-12-24-09-28-36.jpg,1038.72,451.764,1533.888,759.888,MESCHA,1920,1080
task_06-01-2021/2021-01-06-11-31-59.jpg,1047.744,775.6352,1881.408,1088.0,ACCMOU,1920,1088
task_2021-03-01_17/20210301-170100_(17.0).jpg,818.304,430.1952,1088.448,669.4464,VEREUR,1920,1088
task_2021-03-01_11/20210301-111133_(11.0).jpg,669.696,387.6544,1190.592,671.4048,MESCHA,1920,1088
task_19-01-2021/2021-01-19-10-33-58.jpg,0.0,237.184,926.208,756.2688,MESCHA,1920,1088
task_20210523_UPS/20210523-173944_(13.0).jpg,330.24,399.7312,1185.792,1082.7776,PIEBAV,1920,1088
task_21-01-2021/2021-01-21-12-06-28.jpg,1121.088,509.2928,1837.056,1088.0,MESCHA,1920,1088
task_2021-03-01_14/20210301-142356_(12.0).jpg,835.584,489.9264,1038.144,677.1712,MESCHA,1920,1088
task_2021-03-01_09/20210301-095444_(16.0).jpg,534.528,505.376,889.536,839.2832,MESBLE,1920,1088
task_2021_11_03-04_cescau4/2021-11-04-06-49-03.jpg,871.104,490.536,1323.648,679.752,MESNON,1920,1080
task_2021_11_03-04_cescau4/2021-11-04-07-31-19.jpg,849.024,430.272,1429.056,672.84,PINARB,1920,1080
task_2021_11_03-04_cescau4/2021-11-03-14-38-48.jpg,473.856,446.472,1074.816,900.504,MESCHA,1920,1080
task_20210413_UPS/20210413-170309_(5.0).jpg,1119.168,702.1952,1553.472,1088.0,MESCHA,1920,1088
task_MOIDOM_ODJ/1526.jpeg,136.764,190.395,347.188,290.16,MOIDOM,580,450
task_2021-03-01_17/20210301-174952_(10.0).jpg,605.952,542.0416,839.424,1088.0,MESBLE,1920,1088
task_20210611_Lab/2021-06-11-15-15-04.jpg,692.544,226.908,1237.056,503.928,MESCHA,1920,1080
task_21-01-2021/2021-01-21-12-39-04.jpg,424.512,202.4768,831.744,634.7392,MESCHA,1920,1088
task_2021_11_03-04_cescau4/2021-11-03-11-46-39.jpg,1199.424,556.2,1443.072,897.264,MESNON,1920,1080
task_20210227/20210227-121158_(6.0).jpg,793.152,536.2752,1306.368,779.4432,MESCHA,1920,1088
task_18-01-2021/2021-01-18-14-17-01.jpg,1661.568,395.3792,1920.0,1028.3776,MESCHA,1920,1088
task_20210705-07_balacet/2021-07-07-07-07-07.jpg,648.576,317.52,1093.632,657.504,ACCMOU,1920,1080
task_21-01-2021/2021-01-21-14-19-26.jpg,796.992,511.2512,1545.6,1088.0,MESCHA,1920,1088
task_20210217/20210217-134328_04(18.0).jpg,60.672,309.312,684.672,679.212,VEREUR,1920,1080
task_21-01-2021/2021-01-21-11-59-42.jpg,951.36,223.6928,1424.064,632.7808,MESCHA,1920,1088
task_2021-03-01_12/20210301-120040_(12.0).jpg,137.088,432.0448,762.24,1032.1856,MESCHA,1920,1088
task_05-01-2021/2021-01-05-17-12-35.jpg,270.144,0.0,416.448,197.1456,MESNON,1920,1088
task_2021-03-01_08/20210301-081935_(8.0).jpg,356.928,435.9616,845.184,771.7184,MESCHA,1920,1088
task_05-01-2021/2021-01-05-17-12-18.jpg,0.0,610.8032,208.512,931.872,MESBLE,1920,1088
task_20210612_1_Lab/2021-06-12-05-59-18.jpg,1360.512,429.948,1752.192,921.996,MESCHA,1920,1080
task_20211204_Orlu/2021-12-24-10-11-21.jpg,564.48,567.972,871.68,901.476,MESBLE,1920,1080
task_19-01-2021/2021-01-19-11-25-34.jpg,0.0,22.848,507.456,397.3376,MESCHA,1920,1088
task_20210705-07_balacet/2021-07-06-14-36-53.jpg,215.616,326.052,837.12,712.368,ACCMOU,1920,1080
task_20210228/20210228-153043_(9.0).jpg,1111.488,960.8128,1752.192,1088.0,MESCHA,1920,1088
task_2021_11_03-04_cescau4/2021-11-04-07-19-48.jpg,1296.192,505.44,1554.432,707.94,MESNON,1920,1080
task_20210615_Lab/2021-06-15-09-15-36.jpg,1186.752,252.396,1497.408,773.388,MESCHA,1920,1080
task_05-01-2021/2021-01-05-16-03-36.jpg,824.064,518.8672,1611.264,1088.0,SITTOR,1920,1088
task_20210417_UPS/20210417-184323_(7.0).jpg,770.688,819.0464,1307.904,1087.6736,PIEBAV,1920,1088
task_21-01-2021/2021-01-21-12-07-26.jpg,258.624,233.376,746.88,671.4048,MESCHA,1920,1088
task_20210228/20210228-143534_(6.0).jpg,743.04,441.728,924.288,638.5472,MESBLE,1920,1088
task_20210217/20210217-140242_06(11.0).jpg,211.584,280.584,995.136,660.096,MESCHA,1920,1080
task_20210523_UPS/20210523-174052_(13.0).jpg,330.24,424.4288,1250.304,1086.5856,PIEBAV,1920,1088
task_20210616_Lab/2021-06-16-09-26-04.jpg,566.208,279.828,1258.56,610.308,MESCHA,1920,1080
task_20210615_Lab/2021-06-15-11-08-32.jpg,706.56,271.62,1334.016,528.66,MESCHA,1920,1080
task_2021_11_03-04_cescau4/2021-11-04-08-09-11.jpg,1299.648,445.608,1693.056,675.54,MESNOI,1920,1080
task_20210228/20210228-140442_(7.0).jpg,953.28,642.464,1395.264,1088.0,MESCHA,1920,1088
task_21-01-2021/2021-01-21-14-07-19.jpg,638.784,383.8464,1196.352,752.4608,MESCHA,1920,1088
task_2021-03-01_09/20210301-090751_(12.0).jpg,966.72,376.1216,1236.864,796.7424,MOIDOM,1920,1088
task_20210624_balacet/2021-06-24-12-17-30.jpg,191.04,96.12,1053.696,715.5,MESCHA,1920,1080
task_2021-03-01_16/20210301-164923_(16.0).jpg,382.08,445.536,825.984,679.1296,MESCHA,1920,1088
task_20210615_Lab/2021-06-15-08-32-45.jpg,1206.144,283.284,1732.8,590.112,MESCHA,1920,1080
task_20210616_Lab/2021-06-16-06-37-37.jpg,1078.464,289.116,1750.272,586.764,MESCHA,1920,1080
task_20210615_Lab/2021-06-15-09-05-29.jpg,868.416,144.396,1362.432,455.004,MESCHA,1920,1080
task_20210624_balacet/2021-06-24-10-23-40.jpg,800.832,323.784,1111.488,777.276,ACCMOU,1920,1080
task_20211204_Orlu/2021-12-24-10-16-09.jpg,583.104,502.848,1156.608,768.204,MESCHA,1920,1080
task_20210624_balacet/2021-06-24-14-08-15.jpg,1179.072,431.892,1920.0,840.996,ACCMOU,1920,1080
task_20211204_Orlu/2021-12-24-09-03-55.jpg,1276.416,479.52,1764.672,748.656,MESCHA,1920,1080
task_2021-03-01_11/20210301-115511_(6.0).jpg,580.8,393.5296,1009.152,659.7632,MESCHA,1920,1088
task_19-01-2021/2021-01-19-13-01-54.jpg,879.936,26.8736,1877.568,649.7536,ROUGOR,1920,1088
task_06-01-2021/2021-01-06-11-45-49.jpg,328.128,711.8784,1441.536,1088.0,MESCHA,1920,1088
task_21-01-2021/2021-01-21-12-20-39.jpg,0.0,246.8672,690.816,661.7216,MESCHA,1920,1088
task_2021-03-01_10/20210301-103403_(12.0).jpg,1040.064,455.2192,1451.136,729.2864,MESCHA,1920,1088
task_20210615_Lab/2021-06-15-13-36-57.jpg,1337.28,240.84,1607.424,563.112,MESCHA,1920,1080
task_2021-03-01_07/20210301-075052_(8.0).jpg,1123.008,478.3936,1769.472,1088.0,VEREUR,1920,1088
task_20211204_Orlu/2021-12-23-14-35-19.jpg,659.328,524.232,1172.544,746.712,SITTOR,1920,1080
task_2021_11_03-04_cescau4/2021-11-04-07-23-40.jpg,1376.832,468.504,1689.984,664.956,MESHUP,1920,1080
task_21-01-2021/2021-01-21-12-08-05.jpg,0.0,262.3168,694.656,733.0944,MESCHA,1920,1088
task_2021-03-01_13/20210301-134651_(12.0).jpg,822.144,489.9264,1223.424,715.6864,VEREUR,1920,1088
task_05-01-2021/2021-01-05-17-40-53.jpg,936.0,367.9616,1920.0,1067.0016,ROUGOR,1920,1088
task_20210615_Lab/2021-06-15-10-37-19.jpg,1231.68,270.54,1751.616,606.96,MESCHA,1920,1080
task_20210612_1_Lab/2021-06-12-04-58-04.jpg,1209.984,387.504,1570.752,840.996,MESCHA,1920,1080
task_2021-03-01_16/20210301-160557_(9.0).jpg,600.192,457.1776,905.088,646.272,MESCHA,1920,1088
task_20210217/20210217-174346_01(12.0).jpg,1.92,3.024,1468.416,763.884,TOUTUR,1920,1080
task_20210624_balacet/2021-06-24-13-26-13.jpg,1134.72,422.28,1435.776,852.552,MESCHA,1920,1080
task_21-01-2021/2021-01-21-12-36-35.jpg,592.32,275.808,1032.384,619.2896,MESCHA,1920,1088
task_20210217/20210217-174314_01(11.0).jpg,1.92,0.0,1478.016,1080.0,TOUTUR,1920,1080
task_20210523_UPS/20210523-190934_(21.0).jpg,830.976,411.1552,1855.488,1082.7776,PIEBAV,1920,1088
task_20210615_Lab/2021-06-15-10-01-55.jpg,107.712,0.0,1686.912,1080.0,MESCHA,1920,1080
task_20210611_Lab/2021-06-11-14-22-04.jpg,555.84,272.484,872.832,615.924,MESCHA,1920,1080
task_20210217/20210217-141019_03(61.0).jpg,388.032,345.384,1104.576,650.592,MESCHA,1920,1080
task_20210612_1_Lab/2021-06-12-05-58-48.jpg,602.112,242.784,1103.808,485.892,MESCHA,1920,1080
task_2021-03-01_09/20210301-090723_(9.0).jpg,679.296,407.0208,1111.488,715.6864,MOIDOM,1920,1088
task_20211204_Orlu/2021-12-24-10-59-30.jpg,928.896,482.328,1547.52,768.312,MESCHA,1920,1080
task_2021-03-01_14/20210301-145922_(8.0).jpg,465.024,449.4528,833.664,868.224,MESBLE,1920,1088
task_20210615_Lab/2021-06-15-15-51-02.jpg,781.44,223.668,1439.424,554.688,MESCHA,1920,1080
task_2021_11_03-04_cescau4/2021-11-03-11-59-16.jpg,1418.88,463.104,1747.008,832.464,MESNON,1920,1080
task_2021_11_03-04_cescau4/2021-11-04-08-18-09.jpg,1092.48,439.776,1676.544,669.816,PINARB,1920,1080
task_06-01-2021/2021-01-06-12-02-56.jpg,1036.224,553.6832,1783.104,1024.4608,MESCHA,1920,1088
task_05-01-2021/2021-01-05-16-29-35.jpg,0.0,412.7872,252.864,843.0912,ACCMOU,1920,1088
task_20211204_Orlu/2021-12-24-09-22-57.jpg,1441.728,524.232,1662.528,867.564,MESBLE,1920,1080
task_21-01-2021/2021-01-21-14-12-29.jpg,397.632,158.0864,812.352,640.5056,MESCHA,1920,1088
task_20210615_Lab/2021-06-15-15-51-27.jpg,843.264,225.396,1468.416,485.892,MESCHA,1920,1080
task_19-01-2021/2021-01-19-11-22-11.jpg,218.112,1.7408,945.6,505.376,MESCHA,1920,1088
task_20210217/20210217-150131_05(31.0).jpg,588.288,341.604,1065.6,975.24,MESCHA,1920,1080
task_2021_11_03-04_cescau4/2021-11-04-07-51-28.jpg,1214.4,445.284,1514.304,679.428,SITTOR,1920,1080
task_20210705-07_balacet/2021-07-07-07-21-14.jpg,756.672,376.272,1538.496,840.78,SITTOR,1920,1080
task_05-01-2021/2021-01-05-17-20-12.jpg,480.576,397.4464,1393.152,902.9312,MESCHA,1920,1088
task_19-01-2021/2021-01-19-11-19-42.jpg,629.184,146.5536,947.52,468.7104,MESCHA,1920,1088
task_2021_11_03-04_cescau4/2021-11-04-07-35-59.jpg,1036.032,836.568,1920.0,1080.0,MESCHA,1920,1080
task_20210616_Lab/2021-06-16-06-37-56.jpg,1194.048,254.448,1625.664,755.46,MESCHA,1920,1080
task_20211204_Orlu/2021-12-23-14-24-10.jpg,711.168,321.516,1161.024,895.86,MESCHA,1920,1080
task_MOIDOM_ODJ/108.jpeg,147.78,114.165,549.12,358.83,MOIDOM,600,450
task_21-01-2021/2021-01-21-12-31-39.jpg,0.0,167.7696,621.312,752.4608,MESCHA,1920,1088
task_2021_11_03-04_cescau4/2021-11-04-07-57-55.jpg,695.04,585.036,1083.84,1080.0,MESNON,1920,1080
task_06-01-2021/2021-01-06-11-50-11.jpg,0.0,765.952,351.168,1045.6768,ACCMOU,1920,1088
task_MOIDOM_ODJ/1002.jpeg,297.29,256.388,379.216,306.768,MOIDOM,548,440
task_2021-03-01_14/20210301-140041_(19.0).jpg,810.432,460.9856,957.12,640.5056,MESBLE,1920,1088
task_20211204_Orlu/2021-12-23-15-51-21.jpg,1140.672,503.82,1383.168,684.288,MESCHA,1920,1080
task_2021_11_03-04_cescau4/2021-11-03-15-08-06.jpg,1366.848,478.224,1636.992,675.432,MESCHA,1920,1080
task_21-01-2021/2021-01-21-14-00-28.jpg,555.84,260.3584,870.336,642.464,MESCHA,1920,1088
task_18-01-2021/2021-01-18-14-18-48.jpg,1265.856,522.784,1694.208,850.816,MESBLE,1920,1088
task_20211204_Orlu/2021-12-24-09-46-04.jpg,1415.424,482.544,1920.0,771.12,MESNON,1920,1080
task_2021-03-01_15/20210301-153451_(12.0).jpg,611.712,493.8432,964.8,652.0384,MESCHA,1920,1088
task_2021_11_03-04_cescau4/2021-11-03-16-22-26.jpg,1331.52,795.852,1886.592,1080.0,MESCHA,1920,1080
task_20210615_Lab/2021-06-15-14-05-05.jpg,1161.6,269.784,1420.224,858.276,MESCHA,1920,1080
task_2021-03-01_11/20210301-110036_(11.0).jpg,223.872,439.7696,796.992,737.0112,MESCHA,1920,1088
task_20210612_1_Lab/2021-06-12-05-41-33.jpg,939.84,182.952,1292.928,788.832,MESCHA,1920,1080
task_20210624_balacet/2021-06-24-13-42-53.jpg,1086.336,360.504,1630.656,819.72,MESCHA,1920,1080
task_2021-03-01_11/20210301-115620_(6.0).jpg,1069.056,441.728,1246.656,628.864,MESCHA,1920,1088
task_20211204_Orlu/2021-12-23-15-55-14.jpg,961.344,490.32,1226.88,842.832,MESNON,1920,1080
task_06-01-2021/2021-01-06-11-54-10.jpg,937.92,7.5072,1167.552,347.1808,MESCHA,1920,1088
task_20210217/20210217-131231_05(11.0).jpg,957.888,0.972,1493.76,410.292,MESCHA,1920,1080
task_20210624_balacet/2021-06-24-13-53-54.jpg,650.304,347.004,982.272,921.996,ROUGOR,1920,1080
task_20210612_1_Lab/2021-06-12-06-36-08.jpg,997.632,264.06,1225.344,501.336,MESCHA,1920,1080
task_21-01-2021/2021-01-21-14-04-05.jpg,868.416,557.4912,1458.816,1088.0,MESCHA,1920,1088
task_20210615_Lab/2021-06-15-10-40-02.jpg,928.512,665.388,1590.528,1080.0,MESCHA,1920,1080
task_2021-03-01_12/20210301-123642_(6.0).jpg,667.776,401.2544,1020.864,731.136,VEREUR,1920,1088
task_2021_11_03-04_cescau4/2021-11-03-11-24-02.jpg,1316.736,496.152,1895.616,739.152,MESBLE,1920,1080
task_20210615_Lab/2021-06-15-14-08-42.jpg,889.536,219.672,1267.776,456.948,MESCHA,1920,1080
task_19-01-2021/2021-01-19-13-16-10.jpg,675.456,119.4624,1331.52,659.7632,MESBLE,1920,1088
task_20210217/20210217-174340_06(11.0).jpg,0.0,132.084,757.056,687.96,TOUTUR,1920,1080
task_20210205/20210205-152032_02(15.0).jpg,783.552,505.872,1229.376,873.936,MESCHA,1920,1080
task_2021_11_03-04_cescau4/2021-11-03-14-01-35.jpg,1131.648,377.352,1642.368,678.996,MESCHA,1920,1080
task_20210525_UPS/20210525-154157_(46.0).jpg,351.936,328.9024,1920.0,1032.8384,PIEBAV,1920,1088
task_2021_11_03-04_cescau4/2021-11-03-11-33-43.jpg,1184.832,521.64,1313.664,641.628,MESNON,1920,1080
task_20211204_Orlu/2021-12-24-08-04-38.jpg,798.528,481.464,1334.4,683.424,MESCHA,1920,1080
task_20210611_Lab/2021-06-11-14-46-28.jpg,387.072,285.768,628.032,763.884,MESBLE,1920,1080
task_2021-03-01_15/20210301-151326_(9.0).jpg,634.944,515.0592,957.12,777.4848,MESCHA,1920,1088
task_2021-03-01_13/20210301-130924_(7.0).jpg,1198.272,397.3376,1671.168,912.6144,MESCHA,1920,1088
task_20211204_Orlu/2021-12-24-10-22-39.jpg,1051.968,462.78,1387.584,687.42,MESCHA,1920,1080
task_19-01-2021/2021-01-19-11-53-18.jpg,1314.048,160.0448,1773.312,760.0768,MESCHA,1920,1088
task_05-01-2021/2021-01-05-17-34-13.jpg,302.976,555.2064,1182.912,1086.2592,ACCMOU,1920,1088
task_2021_11_03-04_cescau4/2021-11-04-08-09-52.jpg,1174.848,342.468,1372.8,524.448,MESNON,1920,1080
task_20210624_balacet/2021-06-24-12-54-22.jpg,431.232,314.712,1174.08,681.372,MESCHA,1920,1080
task_2021_11_03-04_cescau4/2021-11-03-13-25-54.jpg,794.688,410.4,1131.84,707.94,MESNOI,1920,1080
task_2021_11_03-04_cescau4/2021-11-03-12-35-00.jpg,1337.856,518.292,1708.416,750.06,MESBLE,1920,1080
task_2021_11_03-04_cescau4/2021-11-04-07-46-09.jpg,923.712,443.34,1217.088,710.856,PINARB,1920,1080
task_05-01-2021/2021-01-05-16-21-55.jpg,962.88,447.4944,1568.832,1088.0,SITTOR,1920,1088
task_20210227/20210227-142100_(7.0).jpg,1007.232,688.704,1445.376,1086.2592,VEREUR,1920,1088
task_20210523_UPS/20210523-183025_(39.0).jpg,1094.784,1.4144,1916.16,1084.6272,MESBLE,1920,1088
task_2021_11_03-04_cescau4/2021-11-03-13-18-14.jpg,790.08,479.088,1392.96,759.132,MESCHA,1920,1080
task_20210205/20210205-165604_05(19.0).jpg,493.248,520.992,1290.24,1031.4,MESCHA,1920,1080
task_20211204_Orlu/2021-12-23-15-10-52.jpg,449.856,441.828,891.456,937.332,MESCHA,1920,1080
task_20210615_Lab/2021-06-15-13-48-32.jpg,550.08,27.432,1920.0,1080.0,MESCHA,1920,1080
task_05-01-2021/2021-01-05-16-21-52.jpg,949.44,653.9968,1586.112,1088.0,SITTOR,1920,1088
task_MOIDOM_ODJ/435.jpeg,11.61,213.9889,80.19,281.7138,MOIDOM,675,389
task_20211204_Orlu/2021-12-23-14-56-22.jpg,389.76,653.292,752.64,1080.0,MESCHA,1920,1080
task_2021_11_03-04_cescau4/2021-11-04-07-40-32.jpg,1222.656,954.72,1394.688,1080.0,MESHUP,1920,1080
task_20210705-07_balacet/2021-07-07-07-13-55.jpg,628.8,355.86,892.8,699.084,SITTOR,1920,1080
task_2021_11_03-04_cescau4/2021-11-03-14-27-57.jpg,1377.792,444.744,1838.784,694.656,MESCHA,1920,1080
task_20210615_Lab/2021-06-15-13-38-43.jpg,1022.784,236.952,1644.096,561.168,MESCHA,1920,1080
task_20211204_Orlu/2021-12-24-09-44-03.jpg,1592.64,810.216,1875.648,1080.0,MESBLE,1920,1080
task_20210611_Lab/2021-06-11-16-49-42.jpg,1173.696,230.688,1831.296,655.56,MESCHA,1920,1080
task_20211204_Orlu/2021-12-24-08-27-43.jpg,1035.072,513.0,1326.72,690.012,MESCHA,1920,1080
task_20210615_Lab/2021-06-15-13-45-51.jpg,1099.968,231.228,1698.048,568.944,MESCHA,1920,1080
task_20210227/20210227-134638_(17.0).jpg,582.72,540.192,1099.968,1070.8096,MESCHA,1920,1088
task_19-01-2021/2021-01-19-11-13-47.jpg,812.352,73.2224,1383.552,468.7104,MESCHA,1920,1088
task_2021-03-01_11/20210301-112355_(6.0).jpg,860.736,424.32,1119.168,729.2864,MESBLE,1920,1088
task_2021-03-01_17/20210301-175441_(9.0).jpg,783.552,434.0032,1099.968,648.2304,MESCHA,1920,1088
task_19-01-2021/2021-01-19-13-34-10.jpg,1265.856,196.7104,1532.16,455.2192,MESBLE,1920,1088
task_20210615_Lab/2021-06-15-16-16-45.jpg,1468.416,265.896,1754.112,514.836,MESCHA,1920,1080
task_05-01-2021/2021-01-05-16-20-02.jpg,1121.28,646.272,1914.24,1088.0,SITTOR,1920,1088
task_2021_11_03-04_cescau4/2021-11-03-16-02-18.jpg,953.088,418.284,1231.104,693.252,SITTOR,1920,1080
task_20210616_Lab/2021-06-16-18-03-56.jpg,1496.448,276.804,1798.464,705.456,MESCHA,1920,1080
task_20210616_Lab/2021-06-16-18-01-35.jpg,662.592,589.572,1491.456,1080.0,MESCHA,1920,1080
task_2021_11_03-04_cescau4/2021-11-03-12-50-40.jpg,882.432,479.196,1602.432,826.2,MESCHA,1920,1080
task_2021-03-01_11/20210301-115423_(11.0).jpg,584.64,447.4944,1173.312,723.4112,MESCHA,1920,1088
task_20210624_balacet/2021-06-24-12-38-58.jpg,959.04,327.672,1584.192,630.612,MESCHA,1920,1080
task_2021_11_03-04_cescau4/2021-11-03-12-26-47.jpg,1625.088,826.524,1918.656,1079.244,MESNON,1920,1080
task_20210227/20210227-172959_(7.0).jpg,1127.04,565.216,1688.448,1088.0,VEREUR,1920,1088
task_2021-03-01_14/20210301-142755_(11.0).jpg,712.128,447.4944,1165.632,640.5056,MESCHA,1920,1088
task_20210418_UPS/20210418-110616_(9.0).jpg,628.032,667.2704,903.168,906.304,MESCHA,1920,1088
task_20210217/20210217-162654_05(14.0).jpg,1320.384,616.572,1471.296,764.316,MESBLE,1920,1080
task_20210611_Lab/2021-06-11-15-54-29.jpg,682.944,219.348,946.752,756.216,MESCHA,1920,1080
task_2021_11_03-04_cescau4/2021-11-03-11-49-28.jpg,1559.424,545.4,1918.08,1080.0,MESNON,1920,1080
task_20210611_Lab/2021-06-11-15-05-42.jpg,999.936,318.06,1468.416,995.328,MESCHA,1920,1080
task_05-01-2021/2021-01-05-17-33-35.jpg,1088.448,476.544,1848.576,937.6384,ACCMOU,1920,1088
task_20210418_UPS/20210418-145421_(6.0).jpg,785.472,672.928,967.68,860.8256,MESCHA,1920,1088
task_20210611_Lab/2021-06-11-14-09-15.jpg,878.4,278.208,1227.456,589.356,MESCHA,1920,1080
task_20210616_Lab/2021-06-16-04-43-09.jpg,884.544,221.292,1111.68,509.652,MESCHA,1920,1080
task_2021_11_03-04_cescau4/2021-11-04-06-43-28.jpg,1417.536,462.132,1738.56,653.616,MESCHA,1920,1080
task_2021_11_03-04_cescau4/2021-11-04-07-27-47.jpg,654.912,430.164,1148.16,846.504,MESHUP,1920,1080
task_2021_11_03-04_cescau4/2021-11-04-07-40-40.jpg,765.504,423.036,1435.008,732.564,PINARB,1920,1080
task_2021_11_03-04_cescau4/2021-11-04-06-44-09.jpg,924.096,413.532,1669.248,681.048,MESCHA,1920,1080
task_20210705-07_balacet/2021-07-06-16-00-19.jpg,225.024,436.32,848.64,875.448,MESNON,1920,1080
task_2021-03-01_14/20210301-142938_(10.0).jpg,791.232,408.9792,1244.736,731.136,VEREUR,1920,1088
task_21-01-2021/2021-01-21-12-34-30.jpg,322.368,136.8704,1256.256,825.6832,ROUGOR,1920,1088
task_20211204_Orlu/2021-12-23-16-00-36.jpg,1430.592,784.728,1891.008,1080.0,MESCHA,1920,1080
task_20210612_1_Lab/2021-06-12-05-59-27.jpg,852.864,233.496,1269.696,483.516,MESCHA,1920,1080
task_2021_11_03-04_cescau4/2021-11-03-14-56-24.jpg,1171.776,475.092,1593.984,655.02,MESNON,1920,1080
task_21-01-2021/2021-01-21-14-12-17.jpg,490.176,308.5568,966.72,607.648,MESCHA,1920,1088
task_2021_11_03-04_cescau4/2021-11-03-11-19-46.jpg,1016.256,459.0,1482.816,694.008,SITTOR,1920,1080
task_20210523_UPS/20210523-174058_(11.0).jpg,499.008,430.0864,1274.88,1084.6272,PIEBAV,1920,1088
task_05-01-2021/2021-01-05-15-59-48.jpg,1265.856,468.7104,1920.0,1088.0,SITTOR,1920,1088
task_20210616_Lab/2021-06-16-09-23-51.jpg,1185.216,321.3,1465.152,703.836,MESCHA,1920,1080
task_2021_11_03-04_cescau4/2021-11-03-12-15-06.jpg,1138.944,421.092,1383.936,668.952,MESCHA,1920,1080
task_20210414/20210414-104121_(5.0).jpg,970.56,665.5296,1310.208,1086.2592,MESCHA,1920,1088
task_2021-03-01_09/20210301-090746_(5.0).jpg,793.152,491.8848,968.64,727.328,MOIDOM,1920,1088
task_20210526_UPS/20210526-085559_(15.0).jpg,819.648,376.992,1335.744,1086.5856,PIEBAV,1920,1088
task_2021_11_03-04_cescau4/2021-11-03-11-52-55.jpg,1171.008,529.2,1878.912,812.052,MESCHA,1920,1080
task_20210623_balacet/2021-06-23-11-55-57.jpg,1208.064,316.116,1769.472,717.444,MESCHA,1920,1080
task_2021-03-01_13/20210301-134832_(14.0).jpg,837.504,432.0448,1190.592,708.0704,VEREUR,1920,1088
task_20210611_Lab/2021-06-11-15-34-17.jpg,535.296,239.328,1066.944,519.264,MESCHA,1920,1080
task_18-01-2021/2021-01-18-13-49-11.jpg,430.272,441.728,960.96,1009.0112,MESBLE,1920,1088
task_20210418_UPS/20210418-140526_(8.0).jpg,770.304,614.176,1204.8,877.9072,MESCHA,1920,1088
task_20210615_Lab/2021-06-15-09-06-18.jpg,1192.512,155.952,1738.56,516.78,MESCHA,1920,1080
task_2021-03-01_10/20210301-100451_(9.0).jpg,667.776,418.5536,924.288,765.952,VEREUR,1920,1088
task_20210525_UPS/20210525-150351_(20.0).jpg,384.0,397.3376,1159.68,1086.2592,PIEBAV,1920,1088
task_19-01-2021/2021-01-19-11-47-57.jpg,1225.344,229.4592,1781.184,1084.3008,MESBLE,1920,1088
task_06-01-2021/2021-01-06-11-52-15.jpg,1.92,470.6688,1306.368,1088.0,MESCHA,1920,1088
task_20210612_1_Lab/2021-06-12-05-08-33.jpg,1246.656,730.944,1675.008,1080.0,MESCHA,1920,1080
task_2021_11_03-04_cescau4/2021-11-03-15-39-34.jpg,1379.904,517.104,1589.184,734.616,MESNON,1920,1080
task_2021-03-01_17/20210301-175606_(7.0).jpg,542.208,401.1456,980.352,748.544,MESCHA,1920,1088
task_20210616_Lab/2021-06-16-09-47-16.jpg,481.728,278.856,1102.08,665.172,MESCHA,1920,1080
task_20210611_Lab/2021-06-11-16-47-56.jpg,1123.968,200.556,1692.672,592.596,MESCHA,1920,1080
task_21-01-2021/2021-01-21-13-44-00.jpg,268.224,271.8912,657.984,443.6864,MESBLE,1920,1088
task_21-01-2021/2021-01-21-13-19-20.jpg,642.624,258.4,1294.848,686.7456,MESCHA,1920,1088
task_06-01-2021/2021-01-06-11-34-46.jpg,974.592,619.2896,1748.352,1086.0416,MESNON,1920,1088
task_2021-03-01_17/20210301-171939_(11.0).jpg,476.736,468.7104,903.168,652.0384,MESCHA,1920,1088
task_2021_11_03-04_cescau4/2021-11-04-07-47-35.jpg,1041.408,342.792,1557.888,621.972,MESCHA,1920,1080
task_20210616_Lab/2021-06-16-06-41-40.jpg,588.288,144.18,1067.136,502.416,VEREUR,1920,1080
task_20210205/20210205-132135_01(20.0).jpg,910.656,384.372,1544.448,938.412,VEREUR,1920,1080
task_20210523_UPS/20210523-175408_(20.0).jpg,98.688,373.184,1178.304,819.0464,PIEBAV,1920,1088
task_05-01-2021/2021-01-05-16-46-31.jpg,179.52,0.0,420.672,202.4768,MESCHA,1920,1088
task_21-01-2021/2021-01-21-12-08-11.jpg,110.016,198.56,845.184,740.8192,MESCHA,1920,1088
task_2021_11_03-04_cescau4/2021-11-03-12-00-07.jpg,1236.096,503.496,1581.12,736.236,SITTOR,1920,1080
task_20210625_balacet/2021-06-25-05-31-17.jpg,1136.64,746.388,1730.88,1080.0,MESCHA,1920,1080
task_2021-03-01_10/20210301-100158_(8.0).jpg,650.304,387.6544,1011.264,960.8128,VEREUR,1920,1088
task_20211204_Orlu/2021-12-23-16-12-43.jpg,1239.168,948.564,1635.264,1079.136,MESBLE,1920,1080
task_2021-03-01_17/20210301-170205_(7.0).jpg,739.008,489.9264,959.04,725.3696,VEREUR,1920,1088
task_2021-03-01_14/20210301-143053_(13.0).jpg,1078.656,603.84,1555.392,1088.0,MESCHA,1920,1088
task_20211204_Orlu/2021-12-23-14-59-40.jpg,642.048,386.64,1235.136,786.78,MESBLE,1920,1080
task_MOIDOM_ODJ/1002.jpeg,182.5388,268.884,207.8564,338.624,MOIDOM,548,440
task_18-01-2021/2021-01-18-13-18-46.jpg,1018.944,188.9856,1846.656,640.5056,MESBLE,1920,1088
task_20210227/20210227-180143_(7.0).jpg,1202.304,758.2272,1861.056,1086.2592,MESCHA,1920,1088
task_20210623_balacet/2021-06-23-10-08-17.jpg,1099.968,283.284,1730.88,702.0,MESCHA,1920,1080
task_20211204_Orlu/2021-12-23-15-55-30.jpg,1176.96,452.952,1394.88,757.836,MESCHA,1920,1080
task_20211204_Orlu/2021-12-23-13-31-44.jpg,1542.528,256.608,1917.888,663.012,MESCHA,1920,1080
task_2021_11_03-04_cescau4/2021-11-04-06-50-33.jpg,643.968,173.88,1072.896,563.76,PINARB,1920,1080
task_2021_11_03-04_cescau4/2021-11-04-07-17-56.jpg,932.928,465.48,1589.952,702.54,PINARB,1920,1080
task_20210616_Lab/2021-06-16-09-24-49.jpg,739.008,244.728,1294.272,845.1,MESCHA,1920,1080
task_2021-03-01_11/20210301-115458_(6.0).jpg,681.216,420.512,1202.304,671.4048,MESCHA,1920,1088
task_05-01-2021/2021-01-05-17-18-39.jpg,695.04,429.4336,1675.008,955.0464,MESCHA,1920,1088
task_06-01-2021/2021-01-06-11-37-31.jpg,393.6,750.5024,1022.784,1088.0,MESNON,1920,1088
task_2021_11_03-04_cescau4/2021-11-03-10-22-05.jpg,1232.448,527.148,1714.368,819.072,PINARB,1920,1080
task_20210612_1_Lab/2021-06-12-05-42-15.jpg,1022.784,246.672,1350.72,729.108,MESCHA,1920,1080
task_20210616_Lab/2021-06-16-05-29-25.jpg,1419.648,277.452,1701.312,625.644,MESBLE,1920,1080
task_05-01-2021/2021-01-05-16-16-33.jpg,1019.712,576.4224,1920.0,1088.0,SITTOR,1920,1088
task_20210525_UPS/20210525-154258_(21.0).jpg,96.576,227.5008,899.328,1082.3424,PIEBAV,1920,1088
task_20210205/20210205-145117_01(12.0).jpg,337.728,454.572,1233.216,752.436,MESCHA,1920,1080
task_20210526_UPS/20210526-085542_(27.0).jpg,214.464,261.2288,1303.488,1088.0,PIEBAV,1920,1088
task_06-01-2021/2021-01-06-11-52-46.jpg,0.0,447.4944,991.872,1088.0,MESCHA,1920,1088
task_2021-03-01_17/20210301-173459_(10.0).jpg,800.832,410.8288,1225.344,669.4464,MESCHA,1920,1088
task_20210612_1_Lab/2021-06-12-05-01-00.jpg,481.728,0.0,1826.688,1080.0,MESCHA,1920,1080
task_06-01-2021/2021-01-06-11-50-45.jpg,9.6,667.488,424.512,1088.0,MESCHA,1920,1088
task_20210615_Lab/2021-06-15-11-00-48.jpg,1236.864,175.284,1493.568,553.5,MESCHA,1920,1080
task_20210611_Lab/2021-06-11-13-56-53.jpg,1092.864,217.404,1462.848,562.788,MESCHA,1920,1080
task_2021-03-01_09/20210301-090655_(10.0).jpg,843.264,403.104,1344.96,679.1296,VEREUR,1920,1088
task_2021-03-01_17/20210301-174203_(17.0).jpg,1219.584,553.6832,1918.08,1088.0,MESCHA,1920,1088
task_20211204_Orlu/2021-12-24-08-56-09.jpg,840.384,501.228,1223.616,707.508,MESCHA,1920,1080
task_20210623_balacet/2021-06-23-09-47-51.jpg,1171.392,320.004,1468.416,750.276,ACCMOU,1920,1080
task_2021-03-01_17/20210301-170013_(15.0).jpg,1072.896,551.7248,1537.92,848.8576,VEREUR,1920,1088
task_20211204_Orlu/2021-12-23-15-08-14.jpg,816.192,589.896,1633.152,934.092,SITTOR,1920,1080
task_20210616_Lab/2021-06-16-05-38-45.jpg,1160.832,733.644,1737.216,1080.0,MESCHA,1920,1080
task_19-01-2021/2021-01-19-10-42-25.jpg,1401.024,57.7728,1918.08,872.032,ROUGOR,1920,1088
task_2021-03-01_15/20210301-153713_(9.0).jpg,629.184,451.4112,864.576,665.5296,MESCHA,1920,1088
task_2021_11_03-04_cescau4/2021-11-04-07-55-20.jpg,754.176,532.98,1211.904,1080.0,MESNON,1920,1080
task_2021_11_03-04_cescau4/2021-11-04-06-41-57.jpg,1555.776,467.424,1918.464,1075.032,MESCHA,1920,1080
task_20210525_UPS/20210525-180856_(45.0).jpg,706.56,300.3968,1919.808,1087.6736,PIEBAV,1920,1088
task_2021-03-01_14/20210301-143235_(9.0).jpg,779.712,462.944,1150.08,611.5648,MESBLE,1920,1088
task_20210615_Lab/2021-06-15-09-27-41.jpg,633.024,810.108,1653.696,1080.0,MESCHA,1920,1080
task_20210623_balacet/2021-06-23-13-41-30.jpg,1220.16,284.148,1838.4,719.496,MESCHA,1920,1080
task_2021_11_03-04_cescau4/2021-11-03-10-19-34.jpg,870.336,425.088,1366.08,713.34,SITTOR,1920,1080
task_06-01-2021/2021-01-06-11-48-56.jpg,488.256,563.2576,1040.064,1088.0,MESCHA,1920,1088
task_20210624_balacet/2021-06-24-12-14-36.jpg,627.264,302.616,1109.568,711.72,MESCHA,1920,1080
task_20210616_Lab/2021-06-16-18-31-45.jpg,1153.92,260.82,1673.664,783.864,MESCHA,1920,1080
task_20210526_UPS/20210526-124455_(73.0).jpg,870.912,363.7184,1918.08,1084.6272,PIEBAV,1920,1088
task_20210205/20210205-154013_02(19.0).jpg,720.768,403.92,1115.328,1058.508,PINARB,1920,1080
task_2021-03-01_17/20210301-172721_(14.0).jpg,883.776,459.136,1256.256,625.056,MESBLE,1920,1088
task_20210523_UPS/20210523-175828_(22.0).jpg,800.64,314.432,1918.08,851.36,PIEBAV,1920,1088
task_20210228/20210228-140509_(6.0).jpg,401.472,472.6272,922.368,845.0496,MESCHA,1920,1088
task_20210624_balacet/2021-06-24-14-18-32.jpg,563.52,298.728,1117.248,684.72,MESCHA,1920,1080
task_20210217/20210217-141623_01(16.0).jpg,145.728,360.288,1052.544,857.844,MESCHA,1920,1080
task_21-01-2021/2021-01-21-13-41-54.jpg,982.272,443.6864,1410.624,810.3424,MESBLE,1920,1088
task_20210611_Lab/2021-06-11-15-11-34.jpg,582.528,238.356,979.008,805.572,MESCHA,1920,1080
task_2021_11_03-04_cescau4/2021-11-03-13-24-13.jpg,508.992,0.0,1920.0,1080.0,MESCHA,1920,1080
task_21-01-2021/2021-01-21-14-07-41.jpg,146.688,233.376,974.592,646.272,MESCHA,1920,1088
task_20211204_Orlu/2021-12-24-10-07-29.jpg,1101.312,568.512,1354.56,1020.924,MESBLE,1920,1080
task_20210615_Lab/2021-06-15-11-06-21.jpg,688.896,181.008,1209.984,458.892,MESCHA,1920,1080
task_20210217/20210217-171316_03(11.0).jpg,813.696,1.728,1363.968,561.384,MESCHA,1920,1080
task_2021_11_03-04_cescau4/2021-11-03-14-07-41.jpg,1239.744,479.628,1656.768,775.548,PINARB,1920,1080
task_2021-03-01_13/20210301-132837_(7.0).jpg,740.928,497.6512,960.96,671.4048,MESBLE,1920,1088
task_21-01-2021/2021-01-21-11-52-17.jpg,393.984,280.704,848.064,573.0496,MESBLE,1920,1088
task_20210612_1_Lab/2021-06-12-06-30-35.jpg,656.064,206.172,928.128,462.78,MESCHA,1920,1080
task_2021-03-01_14/20210301-143102_(6.0).jpg,982.272,403.104,1294.848,669.4464,VEREUR,1920,1088
task_20210227/20210227-131223_(6.0).jpg,1128.96,621.1392,1769.472,1088.0,VEREUR,1920,1088
task_20210615_Lab/2021-06-15-13-41-30.jpg,831.744,597.888,1723.2,1080.0,MESCHA,1920,1080
task_20210616_Lab/2021-06-16-09-05-52.jpg,1086.528,240.948,1412.928,533.52,MESCHA,1920,1080
task_20210615_Lab/2021-06-15-09-00-59.jpg,1296.768,227.34,1555.392,646.056,MESCHA,1920,1080
task_20210705-07_balacet/2021-07-07-07-59-38.jpg,790.464,400.14,1392.192,823.5,SITTOR,1920,1080
task_21-01-2021/2021-01-21-14-24-41.jpg,661.824,217.9264,1561.152,652.0384,MESCHA,1920,1088
task_20210526_UPS/20210526-150135_(52.0).jpg,730.56,375.1424,1918.08,1086.5856,PIEBAV,1920,1088
task_20210526_UPS/20210526-104750_(14.0).jpg,512.256,572.3968,1146.048,887.3728,MESCHA,1920,1088
task_20210526_UPS/20210526-164641_(44.0).jpg,868.992,399.7312,1914.24,1084.6272,PIEBAV,1920,1088
task_20210616_Lab/2021-06-16-06-36-21.jpg,1342.08,301.428,1878.72,789.156,MESCHA,1920,1080
task_2021_11_03-04_cescau4/2021-11-03-11-39-56.jpg,788.16,474.66,1272.384,749.952,MESNON,1920,1080
task_19-01-2021/2021-01-19-11-13-00.jpg,663.936,160.0448,1329.6,627.0144,MESCHA,1920,1088
task_18-01-2021/2021-01-18-13-53-12.jpg,470.784,405.0624,1111.488,823.8336,MESNON,1920,1088
task_2021_11_03-04_cescau4/2021-11-04-07-36-43.jpg,916.416,363.204,1455.36,776.196,PINARB,1920,1080
task_20210227/20210227-150504_(5.0).jpg,841.344,555.5328,1281.408,709.92,MESCHA,1920,1088
task_21-01-2021/2021-01-21-12-07-02.jpg,418.752,100.2048,908.928,804.4672,MESCHA,1920,1088
task_20211204_Orlu/2021-12-23-13-31-17.jpg,449.856,123.984,794.112,716.904,SITTOR,1920,1080
task_21-01-2021/2021-01-21-13-34-14.jpg,893.376,279.616,1200.192,696.4288,MESBLE,1920,1088
task_05-01-2021/2021-01-05-16-37-14.jpg,565.44,325.9648,928.128,760.0768,SITTOR,1920,1088
task_20210616_Lab/2021-06-16-18-07-02.jpg,1105.152,240.732,1584.768,523.368,MESCHA,1920,1080
task_20210612_1_Lab/2021-06-12-04-20-43.jpg,671.616,233.172,1157.76,692.388,MESCHA,1920,1080
task_20210611_Lab/2021-06-11-14-02-01.jpg,1297.728,873.936,1692.288,1080.0,MESCHA,1920,1080
task_2021_11_03-04_cescau4/2021-11-04-07-14-17.jpg,727.68,460.512,1594.368,902.124,PINARB,1920,1080
task_06-01-2021/2021-01-06-11-29-21.jpg,669.696,449.4528,1512.96,978.2208,MESCHA,1920,1088
task_20210227/20210227-132532_(6.0).jpg,683.136,482.3104,1045.824,1009.0112,MESCHA,1920,1088
task_20210217/20210217-131957_06(15.0).jpg,1054.656,296.568,1637.184,1079.028,MESCHA,1920,1080
task_2021-03-01_14/20210301-142957_(5.0).jpg,918.528,366.4384,1343.04,669.4464,VEREUR,1920,1088
task_05-01-2021/2021-01-05-16-20-15.jpg,1190.592,615.3728,1920.0,1088.0,MESBLE,1920,1088
task_2021-03-01_11/20210301-114451_(8.0).jpg,1173.312,694.4704,1514.88,1086.2592,MESBLE,1920,1088
task_05-01-2021/2021-01-05-17-14-39.jpg,1323.84,422.4704,1918.08,1041.8688,ACCMOU,1920,1088
task_20211204_Orlu/2021-12-23-14-08-10.jpg,738.432,438.48,1223.808,701.028,MESBLE,1920,1080
task_20210227/20210227-114518_(5.0).jpg,1088.448,509.2928,1368.192,908.6976,VEREUR,1920,1088
task_2021_11_03-04_cescau4/2021-11-04-06-52-03.jpg,840.0,661.932,1164.864,1080.0,MESNON,1920,1080
task_20210611_Lab/2021-06-11-14-02-07.jpg,671.616,243.432,1067.904,506.952,MOIDOM,1920,1080
task_20210623_balacet/2021-06-23-15-06-49.jpg,196.224,280.368,791.232,774.036,MESCHA,1920,1080
task_20210217/20210217-152425_04(13.0).jpg,381.696,200.88,1163.136,635.688,MESCHA,1920,1080
task_20210615_Lab/2021-06-15-13-58-53.jpg,1231.104,200.34,1649.856,781.164,MESCHA,1920,1080
task_2021-03-01_14/20210301-142301_(18.0).jpg,758.4,447.4944,1113.408,646.272,MESCHA,1920,1088
task_2021_11_03-04_cescau4/2021-11-03-16-28-09.jpg,1551.552,528.12,1920.0,1016.496,MESCHA,1920,1080
task_2021-03-01_07/20210301-074759_(18.0).jpg,611.712,451.4112,860.736,717.6448,VEREUR,1920,1088
task_21-01-2021/2021-01-21-12-51-56.jpg,669.696,420.512,1599.744,843.0912,MESCHA,1920,1088
task_20211204_Orlu/2021-12-23-16-10-51.jpg,1077.504,493.02,1326.336,712.8,MESCHA,1920,1080
task_20210615_Lab/2021-06-15-10-35-41.jpg,1642.176,1003.104,1866.048,1080.0,MESCHA,1920,1080
task_21-01-2021/2021-01-21-13-57-33.jpg,692.736,302.7904,1298.688,860.4992,MESBLE,1920,1088
task_20210612_1_Lab/2021-06-12-05-56-30.jpg,1067.136,277.56,1460.736,657.612,MESCHA,1920,1080
task_20210418_UPS/20210418-124330_(10.0).jpg,554.112,619.8336,1117.44,866.4832,MESCHA,1920,1088
task_2021-03-01_10/20210301-100338_(7.0).jpg,1088.448,381.888,1472.448,762.0352,VEREUR,1920,1088
task_20210705-07_balacet/2021-07-07-06-06-36.jpg,815.808,392.58,1289.088,645.84,ACCMOU,1920,1080
task_06-01-2021/2021-01-06-11-34-44.jpg,1225.344,578.7072,1912.32,1039.9104,MESNON,1920,1088
task_20210526_UPS/20210526-085632_(22.0).jpg,570.432,353.056,1653.504,1086.6944,PIEBAV,1920,1088
task_18-01-2021/2021-01-18-14-17-05.jpg,1250.496,383.8464,1920.0,1020.6528,MESCHA,1920,1088
task_2021-03-01_15/20210301-155034_(10.0).jpg,578.88,428.2368,995.712,640.5056,MESCHA,1920,1088
task_20210611_Lab/2021-06-11-15-41-56.jpg,368.448,201.744,992.064,698.004,MESCHA,1920,1080
task_18-01-2021/2021-01-18-13-28-05.jpg,1362.432,584.5824,1704.0,1001.2864,MESNON,1920,1088
task_20210227/20210227-112637_(9.0).jpg,1230.336,608.5184,1473.408,1088.0,MESCHA,1920,1088
task_20210523_UPS/20210523-174636_(21.0).jpg,720.96,280.2688,1123.2,1088.0,PIEBAV,1920,1088
task_21-01-2021/2021-01-21-12-40-51.jpg,302.976,572.9408,1182.912,1088.0,MESCHA,1920,1088
task_20210705-07_balacet/2021-07-06-11-07-58.jpg,597.12,259.956,1030.656,720.684,ROUGOR,1920,1080
task_20210705-07_balacet/2021-07-07-06-06-29.jpg,818.304,401.976,1341.312,637.956,ACCMOU,1920,1080
task_19-01-2021/2021-01-19-12-25-31.jpg,567.36,100.2048,1441.536,605.7984,MESCHA,1920,1088
task_2021-03-01_10/20210301-100334_(9.0).jpg,1101.888,381.888,1416.384,794.8928,VEREUR,1920,1088
task_2021_11_03-04_cescau4/2021-11-03-11-09-11.jpg,1436.928,463.968,1917.888,843.48,SITTOR,1920,1080
task_05-01-2021/2021-01-05-16-42-18.jpg,932.16,385.696,1809.984,831.5584,SITTOR,1920,1088
task_20210228/20210228-134150_(6.0).jpg,814.272,341.4144,1109.568,609.6064,MESCHA,1920,1088
task_21-01-2021/2021-01-21-12-18-14.jpg,590.592,264.1664,947.52,590.3488,MESCHA,1920,1088
task_2021-03-01_13/20210301-134209_(16.0).jpg,905.088,449.4528,1310.208,839.2832,VEREUR,1920,1088
task_20210413_UPS/20210413-192247_(5.0).jpg,837.504,688.704,1364.352,891.2896,MESCHA,1920,1088
task_20210228/20210228-160634_(9.0).jpg,470.784,439.7696,860.736,787.168,MESCHA,1920,1088
task_20210616_Lab/2021-06-16-09-11-12.jpg,1249.92,671.004,1807.296,1079.676,MESCHA,1920,1080
task_2021_11_03-04_cescau4/2021-11-03-12-26-19.jpg,1711.104,846.396,1919.616,1080.0,MESBLE,1920,1080
task_19-01-2021/2021-01-19-11-14-19.jpg,52.224,80.8384,845.184,472.6272,MESCHA,1920,1088
task_05-01-2021/2021-01-05-16-55-13.jpg,775.872,441.2928,1675.008,900.9728,ACCMOU,1920,1088
task_20210612_1_Lab/2021-06-12-06-26-12.jpg,523.008,225.396,760.32,603.612,MESCHA,1920,1080
task_20210205/20210205-161137_02(11.0).jpg,39.936,410.94,979.008,871.992,VEREUR,1920,1080
task_21-01-2021/2021-01-21-13-54-46.jpg,766.08,219.776,1306.368,758.2272,MESCHA,1920,1088
task_20210526_UPS/20210526-150148_(46.0).jpg,45.504,211.9424,1916.16,1073.312,PIEBAV,1920,1088
task_2021-03-01_16/20210301-160424_(10.0).jpg,771.84,472.6272,986.112,675.2128,MESCHA,1920,1088
task_2021_11_03-04_cescau4/2021-11-03-15-05-52.jpg,1017.984,328.644,1453.44,846.936,PINARB,1920,1080
task_2021_11_03-04_cescau4/2021-11-03-11-47-28.jpg,1288.896,579.204,1648.896,943.272,MESNON,1920,1080
task_2021_11_03-04_cescau4/2021-11-03-13-50-15.jpg,637.44,378.648,1077.504,781.056,MESHUP,1920,1080
task_20210227/20210227-114656_(6.0).jpg,494.016,694.4704,731.328,1088.0,MESBLE,1920,1088
task_2021_11_03-04_cescau4/2021-11-04-06-34-08.jpg,1235.328,508.788,1687.296,666.252,MESNON,1920,1080
task_20210623_balacet/2021-06-23-12-12-55.jpg,1127.04,281.34,1460.736,785.052,MESCHA,1920,1080
task_05-01-2021/2021-01-05-16-07-49.jpg,1406.784,553.6832,1920.0,1086.2592,SITTOR,1920,1088
task_20210616_Lab/2021-06-16-05-32-37.jpg,1360.32,206.28,1600.704,547.344,VEREUR,1920,1080
task_20210611_Lab/2021-06-11-15-30-12.jpg,292.224,204.12,719.04,733.536,MESCHA,1920,1080
task_2021-03-01_08/20210301-085641_(9.0).jpg,1057.536,580.6656,1512.96,1086.2592,MESCHA,1920,1088
task_19-01-2021/2021-01-19-12-49-45.jpg,1144.32,40.3648,1597.824,949.28,MESCHA,1920,1088
task_20210611_Lab/2021-06-11-16-51-59.jpg,859.2,256.608,1176.384,479.52,MESCHA,1920,1080
task_20210616_Lab/2021-06-16-06-54-27.jpg,1277.376,291.276,1626.432,660.204,MESCHA,1920,1080
task_06-01-2021/2021-01-06-11-52-42.jpg,96.576,378.08,1273.536,1088.0,MESCHA,1920,1088
task_2021_11_03-04_cescau4/2021-11-03-15-40-16.jpg,842.112,458.784,1223.616,690.444,MESHUP,1920,1080
task_2021_11_03-04_cescau4/2021-11-04-07-15-19.jpg,1341.12,430.596,1821.888,658.044,MESNON,1920,1080
task_20211204_Orlu/2021-12-24-10-30-30.jpg,1382.976,395.604,1920.0,841.32,MESCHA,1920,1080
task_2021-03-01_17/20210301-172406_(8.0).jpg,1.92,260.3584,330.048,781.4016,MESBLE,1920,1088
task_05-01-2021/2021-01-05-17-14-15.jpg,926.208,491.8848,1700.16,974.304,MESNON,1920,1088
task_2021-03-01_12/20210301-123041_(6.0).jpg,617.472,493.8432,847.104,775.5264,VEREUR,1920,1088
task_19-01-2021/2021-01-19-11-35-52.jpg,611.712,215.968,1522.56,717.6448,MESBLE,1920,1088
task_20211204_Orlu/2021-12-24-10-10-06.jpg,297.792,487.404,905.28,999.54,MESCHA,1920,1080
task_20210612_1_Lab/2021-06-12-07-01-59.jpg,474.816,339.228,1107.648,657.612,MESCHA,1920,1080
task_2021-03-01_18/20210301-182658_(6.0).jpg,791.232,387.6544,1134.72,702.1952,MESCHA,1920,1088
task_20210616_Lab/2021-06-16-05-27-46.jpg,900.864,179.388,1392.96,454.572,MESCHA,1920,1080
task_19-01-2021/2021-01-19-11-18-26.jpg,708.288,136.8704,1638.336,763.9936,MESCHA,1920,1088
task_2021-03-01_17/20210301-175601_(7.0).jpg,646.464,407.0208,1107.648,675.2128,MESCHA,1920,1088
task_20210611_Lab/2021-06-11-16-21-19.jpg,774.144,280.044,1157.376,659.556,MESCHA,1920,1080
task_20210525_UPS/20210525-154453_(48.0).jpg,609.792,420.512,1346.88,1086.2592,PIEBAV,1920,1088
task_2021-03-01_07/20210301-075132_(5.0).jpg,1121.088,484.16,1736.64,1088.0,VEREUR,1920,1088
task_21-01-2021/2021-01-21-13-06-49.jpg,910.848,387.6544,1514.88,783.2512,MESBLE,1920,1088
task_21-01-2021/2021-01-21-12-39-20.jpg,150.528,171.5776,714.048,627.0144,MESCHA,1920,1088
task_2021_11_03-04_cescau4/2021-11-03-15-19-33.jpg,1155.264,493.452,1597.248,671.112,MESNON,1920,1080
task_06-01-2021/2021-01-06-11-50-52.jpg,192.96,503.5264,1082.496,1088.0,MESCHA,1920,1088
task_20210525_UPS/20210525-154359_(15.0).jpg,314.496,416.704,951.36,1084.3008,PIEBAV,1920,1088
task_05-01-2021/2021-01-05-17-08-59.jpg,1072.896,428.2368,1904.64,848.8576,SITTOR,1920,1088
task_20211204_Orlu/2021-12-23-13-17-32.jpg,719.424,415.692,970.368,687.312,MESCHA,1920,1080
task_20210705-07_balacet/2021-07-06-14-20-31.jpg,1121.856,273.672,1703.808,705.672,ROUGOR,1920,1080
task_20210705-07_balacet/2021-07-07-08-24-50.jpg,767.808,422.82,1545.792,700.812,ROUGOR,1920,1080
task_19-01-2021/2021-01-19-12-38-00.jpg,837.504,0.0,1188.672,503.5264,ROUGOR,1920,1088
task_20210228/20210228-143349_(11.0).jpg,959.04,590.3488,1341.12,1088.0,MESCHA,1920,1088
task_20210227/20210227-141455_(5.0).jpg,1043.904,538.2336,1391.232,727.328,MESBLE,1920,1088
task_2021-03-01_13/20210301-134148_(10.0).jpg,677.376,540.192,1076.736,810.3424,VEREUR,1920,1088
task_20210615_Lab/2021-06-15-13-46-34.jpg,1310.208,211.896,1638.336,491.724,MESCHA,1920,1080
task_20210615_Lab/2021-06-15-08-30-22.jpg,706.368,248.616,1358.592,680.832,MESCHA,1920,1080
task_2021_11_03-04_cescau4/2021-11-04-06-34-33.jpg,855.36,414.612,1441.92,697.896,PINARB,1920,1080
task_20210611_Lab/2021-06-11-13-58-29.jpg,294.144,259.2,669.696,623.484,MESCHA,1920,1080
task_20210526_UPS/20210526-164656_(25.0).jpg,838.656,312.4736,1916.16,1088.0,PIEBAV,1920,1088
task_2021_11_03-04_cescau4/2021-11-04-06-56-11.jpg,1252.416,504.036,1777.344,710.748,MESNON,1920,1080
task_2021-03-01_15/20210301-155211_(7.0).jpg,144.768,420.512,769.92,806.4256,MESCHA,1920,1088
task_2021-03-01_07/20210301-074735_(10.0).jpg,536.448,418.5536,833.664,746.5856,VEREUR,1920,1088
task_20210611_Lab/2021-06-11-18-56-14.jpg,847.68,237.924,1104.0,522.18,MESCHA,1920,1080
task_2021_11_03-04_cescau4/2021-11-03-16-11-25.jpg,895.488,476.064,1244.736,713.556,MESNON,1920,1080
task_20210615_Lab/2021-06-15-10-44-59.jpg,795.072,213.84,1395.264,491.724,MESCHA,1920,1080
task_20210705-07_balacet/2021-07-06-09-56-46.jpg,1053.312,198.612,1509.504,901.476,ROUGOR,1920,1080
task_20210616_Lab/2021-06-16-09-08-57.jpg,295.872,87.912,1706.496,1079.568,MESCHA,1920,1080
task_2021-03-01_10/20210301-103927_(12.0).jpg,372.48,393.5296,916.608,789.0176,MESCHA,1920,1088
task_21-01-2021/2021-01-21-13-59-13.jpg,0.0,109.7792,895.488,729.2864,MESCHA,1920,1088
task_2021-03-01_14/20210301-145958_(15.0).jpg,725.568,640.5056,1466.496,1088.0,MESCHA,1920,1088
task_20210616_Lab/2021-06-16-06-56-04.jpg,1472.448,304.344,1750.464,589.896,MESCHA,1920,1080
task_20210205/20210205-161701_03(11.0).jpg,394.752,410.94,1174.464,866.268,VEREUR,1920,1080
task_20210616_Lab/2021-06-16-18-05-14.jpg,1304.64,197.964,1545.6,499.5,MESCHA,1920,1080
task_05-01-2021/2021-01-05-17-25-16.jpg,613.632,158.0864,744.96,300.9408,MESNON,1920,1088
task_2021-03-01_09/20210301-092201_(9.0).jpg,501.696,470.6688,746.88,775.5264,MESCHA,1920,1088
task_20211204_Orlu/2021-12-24-09-02-33.jpg,1322.496,496.692,1565.76,752.544,MESCHA,1920,1080
task_20210228/20210228-143228_(9.0)(1).jpg,1190.592,702.1952,1920.0,1088.0,MESCHA,1920,1088
task_20210612_1_Lab/2021-06-12-05-11-37.jpg,727.488,229.284,1246.656,501.336,MESCHA,1920,1080
task_20210615_Lab/2021-06-15-15-54-22.jpg,1008.0,170.208,1459.584,631.044,MESCHA,1920,1080
task_21-01-2021/2021-01-21-12-48-35.jpg,870.336,233.376,1607.424,1066.8928,MESCHA,1920,1088
task_21-01-2021/2021-01-21-13-14-18.jpg,600.192,370.3552,1485.888,729.2864,MESCHA,1920,1088
task_20211204_Orlu/2021-12-24-08-57-54.jpg,1057.92,461.592,1622.784,715.608,MESCHA,1920,1080
task_2021-03-01_10/20210301-100509_(11.0).jpg,928.128,410.8288,1180.992,765.952,VEREUR,1920,1088
task_2021-03-01_09/20210301-094617_(13.0).jpg,403.392,424.32,903.168,717.6448,MESCHA,1920,1088
task_20210705-07_balacet/2021-07-07-08-36-54.jpg,336.576,395.496,725.376,853.848,MESBLE,1920,1080
task_2021_11_03-04_cescau4/2021-11-03-11-25-36.jpg,619.968,447.444,1051.2,754.272,MESNON,1920,1080
task_20210616_Lab/2021-06-16-05-29-11.jpg,1066.368,245.052,1515.264,589.032,MESCHA,1920,1080
task_2021_11_03-04_cescau4/2021-11-04-07-51-12.jpg,962.304,479.736,1418.112,751.356,MESCHA,1920,1080
task_20210228/20210228-153048_(11.0).jpg,903.168,287.3408,1468.416,729.2864,MESCHA,1920,1088
task_20210624_balacet/2021-06-24-09-06-15.jpg,1043.904,308.448,1501.248,717.444,MESCHA,1920,1080
task_19-01-2021/2021-01-19-10-51-06.jpg,69.504,129.1456,731.328,627.0144,MESNON,1920,1088
task_20210623_balacet/2021-06-23-12-46-54.jpg,1191.744,278.424,1820.544,632.232,MESCHA,1920,1080
task_2021-03-01_14/20210301-142400_(10.0).jpg,858.816,457.1776,1225.344,686.7456,MESCHA,1920,1088
task_21-01-2021/2021-01-21-13-41-56.jpg,883.776,339.456,1431.744,1003.2448,MESBLE,1920,1088
task_20210705-07_balacet/2021-07-07-06-06-29.jpg,1499.712,647.892,1905.6,1030.86,MESBLE,1920,1080
task_2021-03-01_14/20210301-145525_(17.0).jpg,547.968,426.2784,1163.712,655.9552,MESCHA,1920,1088
task_20210525_UPS/20210525-154247_(21.0).jpg,634.944,343.3728,1470.336,1088.0,PIEBAV,1920,1088
task_20210616_Lab/2021-06-16-04-40-49.jpg,1317.12,294.408,1683.072,563.76,MESCHA,1920,1080
task_2021-03-01_11/20210301-112635_(7.0).jpg,972.672,428.2368,1196.352,663.68,MESCHA,1920,1088
task_21-01-2021/2021-01-21-13-13-27.jpg,775.68,366.4384,1593.984,825.6832,MESCHA,1920,1088
task_20210526_UPS/20210526-085621_(16.0).jpg,791.232,340.9792,1388.736,1088.0,PIEBAV,1920,1088
task_21-01-2021/2021-01-21-14-07-06.jpg,0.0,123.3792,586.752,763.9936,MESCHA,1920,1088
task_2021-03-01_10/20210301-103105_(8.0).jpg,918.528,349.1392,1372.032,756.2688,VEREUR,1920,1088
task_05-01-2021/2021-01-05-16-01-27.jpg,690.816,665.6384,1539.84,1088.0,SITTOR,1920,1088
task_20210615_Lab/2021-06-15-08-35-42.jpg,743.424,98.928,1380.096,494.856,MESCHA,1920,1080
task_05-01-2021/2021-01-05-17-13-56.jpg,422.592,434.0032,1323.84,875.9488,MESCHA,1920,1088
task_2021_11_03-04_cescau4/2021-11-03-16-31-32.jpg,1552.32,565.164,1785.024,1077.732,MESNOI,1920,1080
task_20210705-07_balacet/2021-07-06-10-55-47.jpg,1030.464,291.708,1310.016,730.836,MESBLE,1920,1080
task_21-01-2021/2021-01-21-12-09-05.jpg,0.0,244.9088,638.784,680.9792,MESBLE,1920,1088
task_21-01-2021/2021-01-21-12-12-56.jpg,1045.824,302.7904,1427.904,663.68,MESCHA,1920,1088
task_20211204_Orlu/2021-12-24-08-34-46.jpg,924.096,461.592,1366.08,715.608,MESNON,1920,1080
task_20210417_UPS/20210417-113528_(28.0).jpg,1324.8,851.2512,1873.536,1088.0,MESCHA,1920,1088
task_20210417_UPS/20210417-082026_(9.0).jpg,965.952,815.5648,1574.784,1086.4768,MESCHA,1920,1088
task_20210624_balacet/2021-06-24-12-07-14.jpg,490.176,271.728,1144.32,630.612,ACCMOU,1920,1080
task_20211204_Orlu/2021-12-23-15-39-53.jpg,1364.352,258.12,1745.856,836.568,MESCHA,1920,1080
task_20211204_Orlu/2021-12-23-15-06-21.jpg,768.384,449.496,1408.32,707.508,MESCHA,1920,1080
task_20210611_Lab/2021-06-11-15-09-42.jpg,1256.064,283.932,1806.144,725.868,MESCHA,1920,1080
task_20210526_UPS/20210526-173058_(11.0).jpg,132.864,600.9024,868.992,959.5072,MESCHA,1920,1088
task_19-01-2021/2021-01-19-10-38-12.jpg,3.84,154.1696,785.472,569.1328,MESCHA,1920,1088
task_2021-03-01_09/20210301-091630_(40.0).jpg,1.92,308.5568,1065.216,729.2864,TOUTUR,1920,1088
task_20211204_Orlu/2021-12-23-15-30-31.jpg,935.808,520.56,1202.496,732.348,MESCHA,1920,1080
task_2021-03-01_17/20210301-175937_(5.0).jpg,719.808,478.3936,1155.84,646.272,MESCHA,1920,1088
task_19-01-2021/2021-01-19-11-11-26.jpg,3.84,188.9856,754.56,518.8672,MESNON,1920,1088
task_2021-03-01_08/20210301-085710_(5.0).jpg,1128.96,474.5856,1555.392,1088.0,VEREUR,1920,1088
task_20210611_Lab/2021-06-11-17-15-39.jpg,528.768,177.876,1865.472,1080.0,MESCHA,1920,1080
task_20210624_balacet/2021-06-24-10-06-23.jpg,1115.328,375.948,1559.232,867.996,MESCHA,1920,1080
task_20210611_Lab/2021-06-11-16-52-07.jpg,634.752,260.28,1175.616,508.572,MESCHA,1920,1080
task_20211204_Orlu/2021-12-23-14-01-29.jpg,1194.24,477.9,1917.888,853.2,MESCHA,1920,1080
task_2021-03-01_09/20210301-091630_(40.0).jpg,895.296,231.4176,1460.736,1088.0,TOUTUR,1920,1088
task_21-01-2021/2021-01-21-14-02-07.jpg,432.192,246.8672,804.672,621.1392,MESCHA,1920,1088
task_2021-03-01_08/20210301-085941_(5.0).jpg,764.16,495.8016,1013.184,719.6032,VEREUR,1920,1088
task_05-01-2021/2021-01-05-17-00-22.jpg,1319.424,461.7472,1830.912,1014.4512,MESBLE,1920,1088
task_20210611_Lab/2021-06-11-13-44-46.jpg,449.664,232.632,876.48,644.328,MESCHA,1920,1080
task_20210205/20210205-173702_01(35.0).jpg,865.152,448.956,1227.456,775.224,MESBLE,1920,1080
task_20210228/20210228-164254_(5.0).jpg,739.008,474.5856,970.56,744.736,VEREUR,1920,1088
task_20210612_1_Lab/2021-06-12-05-46-37.jpg,306.816,264.06,769.92,723.276,MESCHA,1920,1080
task_21-01-2021/2021-01-21-13-50-13.jpg,688.896,324.0064,1366.272,771.7184,MESCHA,1920,1088
task_20210624_balacet/2021-06-24-11-24-12.jpg,656.064,312.228,1055.616,653.832,ACCMOU,1920,1080
task_20210615_Lab/2021-06-15-13-47-05.jpg,791.232,281.34,1177.152,742.608,MESCHA,1920,1080
task_20210616_Lab/2021-06-16-04-46-20.jpg,1180.416,272.808,1710.336,912.276,MESCHA,1920,1080
task_2021-03-01_08/20210301-085507_(7.0).jpg,746.88,376.1216,1142.4,771.7184,VEREUR,1920,1088
task_21-01-2021/2021-01-21-13-41-59.jpg,466.944,395.3792,1234.944,941.5552,MESBLE,1920,1088
task_20210417_UPS/20210417-124148_(21.0).jpg,613.632,603.84,1041.984,926.1056,MESCHA,1920,1088
task_20211204_Orlu/2021-12-24-10-44-30.jpg,1173.504,425.736,1409.664,787.536,MESCHA,1920,1080
task_06-01-2021/2021-01-06-11-13-15.jpg,480.576,434.0032,1483.968,1088.0,MESCHA,1920,1088
task_2021_11_03-04_cescau4/2021-11-04-07-39-40.jpg,708.48,398.844,1184.064,750.924,MESCHA,1920,1080
task_2021_11_03-04_cescau4/2021-11-03-12-35-54.jpg,1325.952,510.948,1825.92,767.34,SITTOR,1920,1080
task_20210611_Lab/2021-06-11-15-47-28.jpg,535.104,334.584,1071.36,815.4,MESCHA,1920,1080
task_20210624_balacet/2021-06-24-10-03-03.jpg,913.728,273.132,1182.336,649.404,MESCHA,1920,1080
task_19-01-2021/2021-01-19-11-20-08.jpg,598.272,5.6576,901.248,383.8464,MESCHA,1920,1088
task_2021_11_03-04_cescau4/2021-11-04-07-17-04.jpg,660.096,498.636,1064.64,1015.632,MESHUP,1920,1080
task_20210227/20210227-131906_(5.0).jpg,771.84,547.9168,1159.68,806.4256,MESBLE,1920,1088
task_21-01-2021/2021-01-21-12-11-25.jpg,712.128,158.0864,1617.024,619.2896,MESCHA,1920,1088
task_2021_11_03-04_cescau4/2021-11-03-13-33-50.jpg,1219.392,468.828,1526.976,667.44,MESCHA,1920,1080
task_19-01-2021/2021-01-19-10-59-04.jpg,405.312,132.9536,953.28,1051.552,MESCHA,1920,1088
task_2021-03-01_17/20210301-170232_(5.0).jpg,766.08,464.9024,1022.784,667.488,VEREUR,1920,1088
task_20210624_balacet/2021-06-24-09-04-39.jpg,882.432,343.44,1665.216,713.88,MESCHA,1920,1080
task_05-01-2021/2021-01-05-16-08-56.jpg,1532.16,503.5264,1920.0,1068.8512,MESCHA,1920,1088
task_20210624_balacet/2021-06-24-13-18-27.jpg,507.456,111.564,1124.928,725.22,MESCHA,1920,1080
task_20210615_Lab/2021-06-15-10-59-49.jpg,1161.6,223.452,1576.512,487.836,MESCHA,1920,1080
task_2021-03-01_07/20210301-075745_(5.0).jpg,914.688,445.536,1501.248,852.7744,VEREUR,1920,1088
task_20210623_balacet/2021-06-23-11-31-53.jpg,1173.312,331.56,1547.712,817.776,ACCMOU,1920,1080
task_20211204_Orlu/2021-12-23-14-15-17.jpg,773.952,393.66,1433.856,716.904,MESCHA,1920,1080
task_2021_11_03-04_cescau4/2021-11-03-13-35-30.jpg,713.664,460.944,1482.816,836.46,PINARB,1920,1080
task_20210612_1_Lab/2021-06-12-05-23-23.jpg,575.04,279.396,1041.984,617.112,MESCHA,1920,1080
task_20211204_Orlu/2021-12-23-15-31-29.jpg,996.672,403.272,1585.536,689.364,MESCHA,1920,1080
task_20210611_Lab/2021-06-11-15-15-04.jpg,1455.168,883.332,1671.552,1040.796,MESCHA,1920,1080
task_2021_11_03-04_cescau4/2021-11-03-15-39-25.jpg,1387.008,502.74,1882.56,863.568,SITTOR,1920,1080
task_20210615_Lab/2021-06-15-11-05-38.jpg,1263.936,294.84,1443.456,561.168,MESCHA,1920,1080
task_2021_11_03-04_cescau4/2021-11-03-11-42-19.jpg,1064.064,507.384,1627.392,860.112,MESNON,1920,1080
task_2021_11_03-04_cescau4/2021-11-03-12-18-37.jpg,1223.808,496.692,1739.136,941.112,MESNON,1920,1080
task_2021_11_03-04_cescau4/2021-11-03-15-23-35.jpg,474.816,535.896,932.928,983.772,MESNON,1920,1080
task_21-01-2021/2021-01-21-13-48-11.jpg,743.04,208.2432,1337.28,721.5616,MESCHA,1920,1088
task_2021-03-01_15/20210301-151317_(11.0).jpg,669.696,509.2928,959.04,781.4016,MESCHA,1920,1088
task_2021_11_03-04_cescau4/2021-11-03-14-32-38.jpg,876.48,490.752,1673.28,890.352,MESCHA,1920,1080
task_2021_11_03-04_cescau4/2021-11-03-12-29-49.jpg,1239.36,498.42,1495.68,745.092,MESCHA,1920,1080
task_20210612_1_Lab/2021-06-12-04-48-59.jpg,283.776,310.284,764.16,624.888,MESCHA,1920,1080
task_20211204_Orlu/2021-12-24-09-47-23.jpg,453.312,565.596,958.464,762.48,MESNON,1920,1080
task_20210611_Lab/2021-06-11-13-57-13.jpg,705.792,255.42,1039.68,752.436,MESCHA,1920,1080
task_2021_11_03-04_cescau4/2021-11-03-14-01-51.jpg,991.68,350.46,1626.048,733.104,MESCHA,1920,1080
task_20210612_1_Lab/2021-06-12-06-15-41.jpg,872.256,248.616,1464.576,545.724,MESCHA,1920,1080
task_2021_11_03-04_cescau4/2021-11-04-08-17-09.jpg,944.256,435.132,1685.76,678.564,PINARB,1920,1080
task_2021_11_03-04_cescau4/2021-11-03-16-03-36.jpg,1142.208,431.136,1549.248,645.084,MESNON,1920,1080
task_20210217/20210217-171316_04(11.0).jpg,326.4,551.34,1039.68,1080.0,MESCHA,1920,1080
task_2021_11_03-04_cescau4/2021-11-03-11-27-33.jpg,1148.928,425.412,1668.288,667.008,MESNON,1920,1080
task_2021-03-01_08/20210301-085346_(7.0).jpg,505.536,445.536,1225.344,787.168,VEREUR,1920,1088
task_05-01-2021/2021-01-05-16-54-08.jpg,194.88,341.3056,669.696,781.4016,MESCHA,1920,1088
task_19-01-2021/2021-01-19-11-09-36.jpg,3.84,104.0128,881.856,625.056,MESCHA,1920,1088
task_20210705-07_balacet/2021-07-07-06-54-10.jpg,1011.456,398.736,1705.344,878.256,SITTOR,1920,1080
task_05-01-2021/2021-01-05-16-44-57.jpg,1352.64,482.3104,1920.0,1088.0,MESCHA,1920,1088
task_2021_11_03-04_cescau4/2021-11-04-07-05-10.jpg,1603.392,520.452,1918.08,725.976,MESNON,1920,1080
task_20211204_Orlu/2021-12-24-07-34-56.jpg,1146.624,436.428,1374.72,701.784,MESCHA,1920,1080
task_06-01-2021/2021-01-06-12-06-47.jpg,1175.232,478.3936,1918.08,1066.8928,MESCHA,1920,1088
task_2021-03-01_10/20210301-100212_(8.0).jpg,760.32,464.9024,980.352,854.7328,VEREUR,1920,1088
task_20210523_UPS/20210523-173419_(37.0).jpg,313.152,369.0496,1264.32,1088.0,PIEBAV,1920,1088
task_20210612_1_Lab/2021-06-12-06-07-46.jpg,903.168,304.56,1188.672,758.052,MESCHA,1920,1080
task_21-01-2021/2021-01-21-13-49-29.jpg,677.376,335.648,1105.728,789.0176,MESNON,1920,1088
task_20210612_1_Lab/2021-06-12-05-11-52.jpg,648.384,279.396,1018.944,738.72,MESCHA,1920,1080
task_20210217/20210217-134400_03(13.0).jpg,615.552,4.212,1510.656,745.2,MESCHA,1920,1080
task_21-01-2021/2021-01-21-14-05-56.jpg,1.92,403.104,735.168,929.9136,MESNON,1920,1088
task_20210615_Lab/2021-06-15-14-07-36.jpg,1028.544,167.508,1474.368,511.056,MESCHA,1920,1080
task_20211204_Orlu/2021-12-23-15-46-23.jpg,978.624,499.824,1557.12,806.76,MESCHA,1920,1080
task_21-01-2021/2021-01-21-13-32-52.jpg,399.552,345.2224,1150.08,713.8368,MESBLE,1920,1088
task_20211204_Orlu/2021-12-24-10-23-49.jpg,482.496,530.928,670.848,753.408,MESBLE,1920,1080
task_20211204_Orlu/2021-12-24-08-04-42.jpg,794.688,478.332,1398.72,691.308,MESCHA,1920,1080
task_20210205/20210205-145711_01(15.0).jpg,360.576,587.412,783.552,1080.0,MESCHA,1920,1080
task_20210228/20210228-121352_(8.0).jpg,879.936,621.1392,1383.552,966.5792,VEREUR,1920,1088
task_2021_11_03-04_cescau4/2021-11-04-06-54-18.jpg,1469.184,429.3,1835.136,832.464,PINARB,1920,1080
task_20210217/20210217-174346_04(12.0).jpg,1.92,3.024,1624.128,758.16,TOUTUR,1920,1080
task_21-01-2021/2021-01-21-13-53-52.jpg,947.52,322.048,1360.512,737.0112,MESCHA,1920,1088
task_05-01-2021/2021-01-05-17-06-42.jpg,0.0,421.2736,646.08,922.1888,MESCHA,1920,1088
task_2021_11_03-04_cescau4/2021-11-03-12-14-51.jpg,1280.256,560.412,1516.608,871.668,MESNOI,1920,1080
task_2021-03-01_10/20210301-103650_(10.0).jpg,1198.272,466.8608,1918.08,1088.0,MESCHA,1920,1088
task_05-01-2021/2021-01-05-17-04-40.jpg,1312.128,604.1664,1920.0,999.7632,MESNON,1920,1088
task_21-01-2021/2021-01-21-13-01-54.jpg,735.168,372.3136,1613.184,814.1504,MESCHA,1920,1088
task_20210615_Lab/2021-06-15-14-09-09.jpg,1406.784,308.448,1721.28,806.22,MESCHA,1920,1080
task_2021-03-01_08/20210301-085620_(6.0).jpg,594.432,391.5712,976.512,777.4848,MESCHA,1920,1088
task_20211204_Orlu/2021-12-24-07-49-30.jpg,661.44,560.844,1231.488,987.984,MESBLE,1920,1080
task_2021_11_03-04_cescau4/2021-11-04-07-46-31.jpg,1317.696,486.432,1514.496,668.088,MESCHA,1920,1080
task_19-01-2021/2021-01-19-12-25-34.jpg,1364.352,187.0272,1858.368,877.7984,MESCHA,1920,1088
task_20210611_Lab/2021-06-11-15-41-56.jpg,793.152,232.2,1236.096,479.196,MESCHA,1920,1080
task_20210227/20210227-130438_(6.0).jpg,702.336,677.1712,1364.352,1088.0,MESCHA,1920,1088
task_20210217/20210217-174308_01(20.0).jpg,1.92,0.0,1267.392,927.072,TOUTUR,1920,1080
task_20210705-07_balacet/2021-07-07-08-13-33.jpg,584.64,376.272,953.664,817.884,SITTOR,1920,1080
task_2021-03-01_14/20210301-142910_(7.0).jpg,700.416,472.6272,1007.232,657.9136,MESCHA,1920,1088
task_05-01-2021/2021-01-05-17-11-11.jpg,0.0,437.0496,330.048,799.136,SITTOR,1920,1088
task_20210525_UPS/20210525-150334_(43.0).jpg,621.312,432.0448,1144.32,1088.0,PIEBAV,1920,1088
task_20210612_1_Lab/2021-06-12-05-10-35.jpg,1182.912,132.84,1516.8,968.328,MESCHA,1920,1080
task_2021_11_03-04_cescau4/2021-11-03-16-32-46.jpg,958.656,550.8,1150.464,955.152,MESNON,1920,1080
task_2021_11_03-04_cescau4/2021-11-04-08-01-58.jpg,943.104,495.072,1401.408,676.296,MESNOI,1920,1080
task_05-01-2021/2021-01-05-17-23-33.jpg,0.0,574.8992,884.544,1068.8512,MESCHA,1920,1088
task_20211204_Orlu/2021-12-24-08-22-31.jpg,1066.944,479.196,1279.488,706.212,MESCHA,1920,1080
task_20210624_balacet/2021-06-24-10-47-15.jpg,128.256,235.656,893.568,803.304,MESCHA,1920,1080
task_2021_11_03-04_cescau4/2021-11-03-12-31-11.jpg,1123.392,456.192,1488.384,592.272,MESNOI,1920,1080
task_20210611_Lab/2021-06-11-17-12-03.jpg,827.52,255.312,1129.152,638.388,MESCHA,1920,1080
task_21-01-2021/2021-01-21-11-54-58.jpg,3.84,217.9264,576.96,765.952,MESBLE,1920,1088
task_20210616_Lab/2021-06-16-06-54-52.jpg,1227.264,280.476,1734.72,570.564,MESCHA,1920,1080
task_06-01-2021/2021-01-06-11-40-38.jpg,1204.032,586.432,1914.24,1088.0,MESCHA,1920,1088
task_20210419_UPS/20210419-150202_(9.0).jpg,859.392,862.6752,1673.472,1088.0,PIEBAV,1920,1088
task_21-01-2021/2021-01-21-11-59-13.jpg,412.992,177.344,1150.08,596.1152,MESBLE,1920,1088
task_20210624_balacet/2021-06-24-11-38-25.jpg,1014.144,294.192,1500.672,617.112,MESCHA,1920,1080
task_05-01-2021/2021-01-05-17-04-33.jpg,90.624,347.1808,578.88,777.4848,MESCHA,1920,1088
task_2021-03-01_14/20210301-143737_(30.0).jpg,48.192,225.6512,914.688,872.032,MESCHA,1920,1088
task_20210417_UPS/20210417-072628_(18.0).jpg,543.744,210.0928,1136.448,1085.3888,PIEBAV,1920,1088
task_06-01-2021/2021-01-06-12-01-51.jpg,1256.256,544.0,1920.0,1061.1264,MESBLE,1920,1088
task_20210523_UPS/20210523-174544_(20.0).jpg,100.608,323.8976,1227.456,1060.0384,PIEBAV,1920,1088
task_2021_11_03-04_cescau4/2021-11-04-08-14-06.jpg,1083.84,458.676,1448.832,692.82,MESCHA,1920,1080
task_05-01-2021/2021-01-05-16-12-05.jpg,1277.568,482.3104,1920.0,1086.2592,MESCHA,1920,1088
task_2021-03-01_17/20210301-174135_(14.0).jpg,1306.368,704.1536,1918.08,1088.0,MESBLE,1920,1088
task_06-01-2021/2021-01-06-11-47-32.jpg,845.184,0.0,1194.432,293.1072,PINARB,1920,1088
task_20210228/20210228-132931_(9.0).jpg,1022.784,391.5712,1315.968,609.6064,MESCHA,1920,1088
task_2021_11_03-04_cescau4/2021-11-03-15-01-45.jpg,986.496,469.26,1500.48,682.56,SITTOR,1920,1080
task_20210624_balacet/2021-06-24-08-52-28.jpg,499.776,329.616,881.856,648.0,MESCHA,1920,1080
task_20210526_UPS/20210526-065152_(31.0).jpg,906.816,181.5872,1916.16,1088.0,PIEBAV,1920,1088
task_20210217/20210217-132659_01(28.0).jpg,517.824,214.704,1496.832,846.18,MESCHA,1920,1080
task_18-01-2021/2021-01-18-13-30-39.jpg,0.0,262.3168,505.536,752.4608,ROUGOR,1920,1088
task_06-01-2021/2021-01-06-11-20-04.jpg,187.2,655.9552,1146.24,1088.0,MESCHA,1920,1088
task_20210205/20210205-164534_06(11.0).jpg,292.224,517.212,1379.328,1046.52,MESCHA,1920,1080
task_2021_11_03-04_cescau4/2021-11-03-12-52-44.jpg,823.872,0.108,1920.0,1080.0,MESCHA,1920,1080
task_20211204_Orlu/2021-12-24-07-30-31.jpg,559.872,502.74,1084.416,741.204,MESCHA,1920,1080
task_2021-03-01_16/20210301-161250_(11.0).jpg,781.632,439.7696,1163.712,648.2304,MESCHA,1920,1088
task_20210612_1_Lab/2021-06-12-05-47-11.jpg,995.712,283.284,1632.576,730.944,MESCHA,1920,1080
task_2021-03-01_09/20210301-091001_(6.0).jpg,752.64,374.1632,1094.208,706.112,VEREUR,1920,1088
task_20210217/20210217-154036_01(17.0).jpg,744.192,192.348,1282.176,556.956,VEREUR,1920,1080
task_20210623_balacet/2021-06-23-10-07-20.jpg,1059.456,327.672,1543.68,792.72,ACCMOU,1920,1080
task_2021_11_03-04_cescau4/2021-11-04-07-43-32.jpg,817.344,512.568,1159.296,808.488,MESNON,1920,1080
task_2021_11_03-04_cescau4/2021-11-04-07-04-37.jpg,891.84,450.684,1520.832,717.66,PINARB,1920,1080
task_20210611_Lab/2021-06-11-16-50-53.jpg,894.528,282.42,1122.816,489.888,MESCHA,1920,1080
task_2021-03-01_17/20210301-173922_(16.0).jpg,1047.744,767.6928,1678.848,1088.0,MESCHA,1920,1088
task_21-01-2021/2021-01-21-12-09-09.jpg,15.552,279.616,926.208,680.9792,MESBLE,1920,1088
task_2021_11_03-04_cescau4/2021-11-04-07-49-13.jpg,955.968,452.952,1580.736,726.948,MESCHA,1920,1080
task_20210417_UPS/20210417-144953_(6.0).jpg,494.016,659.7632,756.48,1084.3008,MESCHA,1920,1088
task_20210523_UPS/20210523-174416_(18.0).jpg,571.008,299.2,1191.552,1084.6272,PIEBAV,1920,1088
task_2021-03-01_17/20210301-172649_(15.0).jpg,1080.576,900.9728,1505.088,1088.0,MESCHA,1920,1088
task_2021-03-01_11/20210301-114405_(10.0).jpg,532.608,426.2784,937.92,781.4016,PINARB,1920,1088
task_20210616_Lab/2021-06-16-09-13-20.jpg,1211.904,292.896,1801.536,544.752,MESCHA,1920,1080
task_21-01-2021/2021-01-21-14-02-18.jpg,878.016,316.2816,1225.344,731.136,MESCHA,1920,1088
task_2021-03-01_10/20210301-100135_(5.0).jpg,673.536,397.3376,899.328,947.3216,VEREUR,1920,1088
task_18-01-2021/2021-01-18-14-32-00.jpg,449.664,393.5296,1161.6,754.3104,MESCHA,1920,1088
task_20210525_UPS/20210525-105621_(15.0).jpg,389.76,505.376,683.136,928.064,MESCHA,1920,1088
task_21-01-2021/2021-01-21-12-34-44.jpg,648.384,397.3376,1449.216,781.4016,MESBLE,1920,1088
task_06-01-2021/2021-01-06-11-38-03.jpg,1163.712,644.3136,1858.368,991.712,MESNON,1920,1088
task_2021-03-01_17/20210301-175312_(7.0).jpg,1254.336,713.8368,1819.776,1088.0,MESCHA,1920,1088
task_06-01-2021/2021-01-06-11-58-56.jpg,0.0,657.9136,1478.208,1088.0,MESCHA,1920,1088
task_2021_11_03-04_cescau4/2021-11-03-14-31-14.jpg,1037.952,465.048,1270.464,675.756,MESCHA,1920,1080
task_20210612_1_Lab/2021-06-12-06-30-31.jpg,335.808,271.728,957.12,742.608,MESCHA,1920,1080
task_20210228/20210228-152506_(6.0).jpg,324.288,410.9376,806.592,771.7184,PINARB,1920,1088
task_20210615_Lab/2021-06-15-14-05-32.jpg,480.576,240.84,1080.576,632.556,MESCHA,1920,1080
task_2021-03-01_08/20210301-085544_(16.0).jpg,723.648,408.9792,1393.152,781.4016,VEREUR,1920,1088
task_20210615_Lab/2021-06-15-09-58-11.jpg,1213.824,289.116,1732.8,709.776,MESCHA,1920,1080
task_2021_11_03-04_cescau4/2021-11-04-07-53-23.jpg,811.584,484.272,1368.192,723.492,MESCHA,1920,1080
task_20210228/20210228-144956_(8.0).jpg,1013.184,343.3728,1493.568,958.8544,VEREUR,1920,1088
task_06-01-2021/2021-01-06-11-30-24.jpg,555.84,457.1776,1736.64,1088.0,MESBLE,1920,1088
task_20210612_1_Lab/2021-06-12-06-19-33.jpg,312.576,288.252,827.136,738.504,MESCHA,1920,1080
task_19-01-2021/2021-01-19-11-17-30.jpg,698.496,44.2816,1410.624,447.4944,MESCHA,1920,1088
task_20210624_balacet/2021-06-24-11-00-13.jpg,481.536,337.176,992.256,715.068,MESCHA,1920,1080
task_2021-03-01_08/20210301-082332_(8.0).jpg,1202.304,659.7632,1728.96,1088.0,MESCHA,1920,1088
task_20210624_balacet/2021-06-24-11-17-26.jpg,1011.264,337.392,1796.544,846.72,MESCHA,1920,1080
task_2021-03-01_09/20210301-090043_(7.0).jpg,272.064,509.2928,980.352,723.4112,VEREUR,1920,1088
task_2021_11_03-04_cescau4/2021-11-03-15-43-41.jpg,1460.352,501.984,1672.32,663.984,MESNOI,1920,1080
task_20210612_1_Lab/2021-06-12-05-10-35.jpg,499.776,235.116,1084.416,557.28,MESCHA,1920,1080
task_20211204_Orlu/2021-12-24-09-14-23.jpg,420.864,576.612,895.68,943.596,SITTOR,1920,1080
task_20210611_Lab/2021-06-11-14-24-49.jpg,1333.824,382.536,1580.352,815.076,MESCHA,1920,1080
task_20210523_UPS/20210523-185921_(30.0).jpg,337.728,206.2848,1840.32,830.4704,PIEBAV,1920,1088
task_21-01-2021/2021-01-21-13-45-44.jpg,1065.216,329.7728,1511.04,837.3248,MESCHA,1920,1088
task_20210615_Lab/2021-06-15-11-04-18.jpg,1320.0,267.84,1576.512,458.892,MESCHA,1920,1080
task_2021-03-01_13/20210301-135024_(10.0).jpg,1022.784,403.104,1292.928,700.3456,VEREUR,1920,1088
task_2021_11_03-04_cescau4/2021-11-03-14-33-47.jpg,1375.872,558.252,1794.624,910.332,MESNON,1920,1080
task_20210615_Lab/2021-06-15-13-59-27.jpg,1167.552,265.896,1516.8,812.052,MESCHA,1920,1080
task_20210705-07_balacet/2021-07-06-15-15-40.jpg,729.408,333.504,1566.912,821.88,ROUGOR,1920,1080
task_20211204_Orlu/2021-12-24-09-23-57.jpg,1153.92,481.464,1537.92,889.38,MESCHA,1920,1080
task_21-01-2021/2021-01-21-11-59-04.jpg,1043.904,555.6416,1920.0,1088.0,MESCHA,1920,1088
task_2021_11_03-04_cescau4/2021-11-03-12-50-05.jpg,1277.76,780.84,1794.624,1080.0,MESHUP,1920,1080
task_20210611_Lab/2021-06-11-14-02-01.jpg,655.104,259.848,1157.952,510.192,MOIDOM,1920,1080
task_20210227/20210227-173046_(7.0).jpg,1059.456,594.1568,1206.144,704.1536,MESBLE,1920,1088
task_19-01-2021/2021-01-19-11-52-38.jpg,121.536,67.3472,634.944,393.5296,MESCHA,1920,1088
task_19-01-2021/2021-01-19-10-59-09.jpg,297.216,160.0448,1028.544,486.1184,MESBLE,1920,1088
task_20210205/20210205-131850_01(11.0).jpg,1290.24,559.008,1916.16,1080.0,MESCHA,1920,1080
task_20211204_Orlu/2021-12-23-14-36-21.jpg,509.184,605.34,751.104,877.932,MESBLE,1920,1080
task_05-01-2021/2021-01-05-17-03-26.jpg,576.96,605.7984,1499.328,1088.0,MESNON,1920,1088
task_20210705-07_balacet/2021-07-07-07-11-33.jpg,656.832,354.78,1286.784,670.788,SITTOR,1920,1080
task_2021-03-01_15/20210301-154104_(22.0).jpg,0.0,295.0656,878.016,767.8016,MESCHA,1920,1088
task_21-01-2021/2021-01-21-13-16-52.jpg,1022.784,352.9472,1410.624,800.6592,MESCHA,1920,1088
task_2021-03-01_11/20210301-114345_(10.0).jpg,393.792,489.9264,793.152,928.064,MESCHA,1920,1088
task_20210615_Lab/2021-06-15-15-56-48.jpg,1078.656,302.616,1626.816,752.22,MESCHA,1920,1080
task_21-01-2021/2021-01-21-11-57-44.jpg,1111.488,300.832,1370.112,628.864,MESNON,1920,1088
task_2021_11_03-04_cescau4/2021-11-03-10-32-51.jpg,1476.288,565.596,1882.56,957.42,SITTOR,1920,1080
task_19-01-2021/2021-01-19-11-47-54.jpg,175.68,55.8144,874.176,518.8672,MESBLE,1920,1088
task_20210525_UPS/20210525-172525_(14.0).jpg,59.328,218.144,1587.648,1065.696,PIEBAV,1920,1088
task_20210611_Lab/2021-06-11-13-57-31.jpg,999.936,152.928,1271.232,782.784,MESCHA,1920,1080
task_2021_11_03-04_cescau4/2021-11-04-08-26-24.jpg,1117.44,477.684,1404.48,674.352,MESCHA,1920,1080
task_20210217/20210217-145913_08(11.0).jpg,757.056,315.684,1732.992,808.92,MESCHA,1920,1080
task_20210612_1_Lab/2021-06-12-06-19-42.jpg,796.992,240.84,1198.272,526.5,MESCHA,1920,1080
task_20210412/20210412-151452_(13.0).jpg,719.616,360.3456,1354.56,816.544,MESCHA,1920,1088
task_2021_11_03-04_cescau4/2021-11-03-12-02-03.jpg,1572.096,461.592,1920.0,757.62,MESCHA,1920,1080
task_05-01-2021/2021-01-05-17-02-28.jpg,1200.192,123.3792,1920.0,1049.5936,MESBLE,1920,1088
task_2021-03-01_14/20210301-142400_(10.0).jpg,1607.424,960.8128,1916.16,1088.0,MESBLE,1920,1088
task_19-01-2021/2021-01-19-11-17-50.jpg,563.52,24.9152,1312.128,462.944,MESCHA,1920,1088
task_20210616_Lab/2021-06-16-09-14-09.jpg,641.28,168.264,1009.728,473.58,MESCHA,1920,1080
task_21-01-2021/2021-01-21-13-59-23.jpg,1018.944,349.1392,1472.448,833.408,MESCHA,1920,1088
task_18-01-2021/2021-01-18-14-29-21.jpg,214.272,497.6512,1038.144,902.9312,MESCHA,1920,1088
task_20210612_1_Lab/2021-06-12-06-32-30.jpg,1175.232,306.504,1815.744,696.276,MESCHA,1920,1080
task_18-01-2021/2021-01-18-14-24-36.jpg,754.56,48.0896,1406.784,767.8016,MESBLE,1920,1088
task_20210611_Lab/2021-06-11-15-18-48.jpg,422.016,208.332,991.104,571.536,MESCHA,1920,1080
task_20210623_balacet/2021-06-23-14-44-47.jpg,831.744,279.396,1096.128,734.832,MESCHA,1920,1080
task_21-01-2021/2021-01-21-13-19-12.jpg,914.688,287.3408,1412.544,733.0944,MESCHA,1920,1088
task_2021-03-01_11/20210301-112944_(8.0).jpg,283.776,511.2512,1049.856,775.5264,MESCHA,1920,1088
task_20210615_Lab/2021-06-15-13-34-12.jpg,1215.744,248.616,1715.52,509.112,MESCHA,1920,1080
task_20210205/20210205-122536_08(12.0).jpg,557.76,428.004,1455.168,835.92,VEREUR,1920,1080
task_05-01-2021/2021-01-05-16-38-23.jpg,1233.408,485.248,1920.0,1068.8512,MESCHA,1920,1088
task_2021-03-01_15/20210301-150859_(10.0).jpg,706.368,414.7456,1030.464,677.1712,MESBLE,1920,1088
task_20211204_Orlu/2021-12-23-15-36-21.jpg,993.792,483.3,1169.664,710.1,MESNON,1920,1080
task_20210611_Lab/2021-06-11-14-38-43.jpg,1185.792,226.908,1745.472,689.904,MESCHA,1920,1080
task_2021_11_03-04_cescau4/2021-11-03-15-55-13.jpg,1323.072,565.488,1680.192,1080.0,MESNON,1920,1080
task_20210228/20210228-131129_(5.0).jpg,928.128,380.0384,1292.928,1076.576,MESCHA,1920,1088
task_2021_11_03-04_cescau4/2021-11-03-14-22-38.jpg,1247.424,469.476,1658.496,664.632,MESNON,1920,1080
task_20210705-07_balacet/2021-07-06-10-43-47.jpg,1111.488,267.624,1516.032,919.944,ROUGOR,1920,1080
task_20210615_Lab/2021-06-15-11-02-21.jpg,1138.56,248.616,1611.264,401.004,MESCHA,1920,1080
task_18-01-2021/2021-01-18-14-34-22.jpg,600.192,590.3488,976.512,1028.3776,MESNON,1920,1088
task_18-01-2021/2021-01-18-14-02-13.jpg,1206.144,690.6624,1920.0,1084.3008,MESBLE,1920,1088
task_2021-03-01_13/20210301-134214_(8.0).jpg,754.56,476.4352,1084.416,810.3424,VEREUR,1920,1088
task_2021_11_03-04_cescau4/2021-11-04-08-27-34.jpg,936.768,407.592,1553.472,730.404,PINARB,1920,1080
task_21-01-2021/2021-01-21-12-10-45.jpg,0.0,198.56,723.648,684.896,MESCHA,1920,1088
task_2021_11_03-04_cescau4/2021-11-03-11-58-30.jpg,1031.616,521.1,1436.352,721.332,MESNOI,1920,1080
task_2021-03-01_14/20210301-144551_(11.0).jpg,889.536,426.2784,1146.24,630.8224,MESCHA,1920,1088
task_20211204_Orlu/2021-12-24-10-49-31.jpg,939.264,491.616,1277.184,814.968,MESCHA,1920,1080
task_20210616_Lab/2021-06-16-06-42-06.jpg,818.496,174.528,1127.808,510.3,VEREUR,1920,1080
task_2021_11_03-04_cescau4/2021-11-03-14-56-53.jpg,872.448,432.324,1420.8,747.252,MESNON,1920,1080
task_20211204_Orlu/2021-12-23-13-47-56.jpg,767.424,472.5,973.44,701.46,MESNOI,1920,1080
task_20211204_Orlu/2021-12-23-15-19-54.jpg,767.424,442.584,1267.392,700.272,MESBLE,1920,1080
task_05-01-2021/2021-01-05-17-23-40.jpg,613.632,389.6128,1491.648,879.7568,ACCMOU,1920,1088
task_20210612_1_Lab/2021-06-12-06-39-58.jpg,965.184,210.276,1222.272,578.448,MESCHA,1920,1080
task_2021-03-01_13/20210301-135142_(17.0).jpg,1011.264,489.9264,1304.448,760.0768,VEREUR,1920,1088
task_05-01-2021/2021-01-05-16-28-40.jpg,1447.296,551.7248,1920.0,1088.0,MESBLE,1920,1088
task_20210227/20210227-120804_(6.0).jpg,1157.76,540.192,1487.808,889.44,MESCHA,1920,1088
task_2021-03-01_18/20210301-183639_(7.0).jpg,1635.456,950.2592,1880.064,1088.0,MESCHA,1920,1088
task_20210705-07_balacet/2021-07-06-15-49-44.jpg,477.696,373.14,1136.448,729.54,ACCMOU,1920,1080
task_2021_11_03-04_cescau4/2021-11-04-07-40-44.jpg,463.296,416.34,1106.496,831.6,PINARB,1920,1080
task_20210228/20210228-160000_(6.0).jpg,343.488,518.8672,839.424,762.0352,MESBLE,1920,1088
task_2021-03-01_17/20210301-170305_(13.0).jpg,806.592,455.2192,1011.264,679.1296,VEREUR,1920,1088
task_2021_11_03-04_cescau4/2021-11-04-07-34-58.jpg,794.88,467.316,1394.88,837.324,MESCHA,1920,1080
task_05-01-2021/2021-01-05-16-44-24.jpg,459.264,131.104,1204.224,763.9936,MESCHA,1920,1088
task_2021-03-01_10/20210301-104306_(8.0).jpg,677.376,422.4704,1049.856,688.704,MESBLE,1920,1088
task_2021_11_03-04_cescau4/2021-11-03-15-36-07.jpg,1117.632,486.108,1302.144,664.848,MESNOI,1920,1080
task_20210227/20210227-170315_(5.0).jpg,1267.776,733.0944,1746.432,1088.0,VEREUR,1920,1088
task_2021-03-01_11/20210301-115641_(20.0).jpg,547.968,414.7456,1036.224,636.5888,MESCHA,1920,1088
task_2021_11_03-04_cescau4/2021-11-03-14-00-51.jpg,1025.856,406.188,1689.216,687.744,MESCHA,1920,1080
task_05-01-2021/2021-01-05-17-10-43.jpg,1126.848,422.3616,1918.08,1001.2864,MESCHA,1920,1088
task_19-01-2021/2021-01-19-13-15-19.jpg,397.44,26.8736,710.016,468.7104,MESBLE,1920,1088
task_05-01-2021/2021-01-05-16-51-42.jpg,231.552,339.456,964.992,943.4048,MESCHA,1920,1088
task_20210228/20210228-145351_(5.0).jpg,1177.152,910.656,1761.792,1084.3008,MESCHA,1920,1088
task_2021_11_03-04_cescau4/2021-11-03-15-18-52.jpg,1308.864,497.016,1587.264,657.504,MESNOI,1920,1080
task_2021-03-01_09/20210301-091119_(12.0).jpg,1065.216,532.4672,1916.16,1088.0,VEREUR,1920,1088
task_18-01-2021/2021-01-18-14-34-34.jpg,3.84,412.7872,368.64,848.8576,MESNON,1920,1088
task_20210228/20210228-141604_(7.0).jpg,914.688,578.7072,1653.696,1088.0,VEREUR,1920,1088
task_20210612_1_Lab/2021-06-12-06-27-02.jpg,951.36,148.284,1427.904,549.612,MESCHA,1920,1080
task_20210615_Lab/2021-06-15-11-09-47.jpg,1113.408,229.284,1416.384,437.724,MESCHA,1920,1080
task_20211204_Orlu/2021-12-24-09-05-58.jpg,995.904,492.372,1365.888,707.4,MESCHA,1920,1080
task_2021-03-01_10/20210301-103732_(8.0).jpg,993.792,283.5328,1424.064,804.4672,VEREUR,1920,1088
task_06-01-2021/2021-01-06-10-53-15.jpg,945.6,650.1888,1424.064,1074.6176,MESCHA,1920,1088
task_21-01-2021/2021-01-21-12-49-04.jpg,798.912,295.0656,1561.152,704.1536,MESCHA,1920,1088
task_2021_11_03-04_cescau4/2021-11-04-07-34-34.jpg,763.008,651.672,1065.984,1078.704,MESNON,1920,1080
task_20211204_Orlu/2021-12-23-13-20-05.jpg,397.248,421.2,901.248,753.192,MESNOI,1920,1080
task_20210705-07_balacet/2021-07-06-13-40-25.jpg,1088.448,395.604,1385.088,828.9,MESNON,1920,1080
task_2021-03-01_16/20210301-165306_(15.0).jpg,320.448,445.536,723.648,1068.8512,MESCHA,1920,1088
task_20210616_Lab/2021-06-16-18-18-00.jpg,584.64,198.288,1141.056,782.568,MESCHA,1920,1080
task_20210616_Lab/2021-06-16-06-35-58.jpg,1336.896,240.732,1852.8,695.088,MESCHA,1920,1080
task_2021-03-01_10/20210301-100347_(8.0).jpg,924.288,393.5296,1630.656,762.0352,VEREUR,1920,1088
task_21-01-2021/2021-01-21-14-07-35.jpg,789.312,252.6336,1835.136,1012.928,MESBLE,1920,1088
task_20210525_UPS/20210525-164830_(21.0).jpg,618.24,472.4096,1917.312,1086.0416,PIEBAV,1920,1088
task_20210615_Lab/2021-06-15-10-33-19.jpg,1296.768,246.672,1499.328,482.112,MESCHA,1920,1080
task_20211204_Orlu/2021-12-24-09-45-46.jpg,814.848,451.116,1486.464,719.496,MESCHA,1920,1080
task_2021_11_03-04_cescau4/2021-11-03-11-54-15.jpg,944.256,516.24,1481.472,943.704,MESNON,1920,1080
task_2021-03-01_13/20210301-134605_(11.0).jpg,492.096,347.1808,791.232,758.2272,VEREUR,1920,1088
task_06-01-2021/2021-01-06-11-45-40.jpg,154.368,694.5792,1034.304,1063.0848,MESCHA,1920,1088
task_06-01-2021/2021-01-06-11-18-41.jpg,743.04,627.0144,1159.68,1051.552,MESCHA,1920,1088
task_20210227/20210227-142621_(9.0).jpg,1061.376,725.3696,1757.952,1088.0,MESBLE,1920,1088
task_2021-03-01_14/20210301-140435_(12.0).jpg,297.216,0.0,538.368,302.7904,MESCHA,1920,1088
task_2021-03-01_12/20210301-124250_(13.0).jpg,534.528,482.3104,984.192,717.6448,MESCHA,1920,1088
task_20210217/20210217-140355_02(47.0).jpg,342.336,282.744,879.168,569.7,MESCHA,1920,1080
task_05-01-2021/2021-01-05-16-05-52.jpg,988.032,520.9344,1810.368,1061.2352,MESBLE,1920,1088
task_18-01-2021/2021-01-18-14-16-20.jpg,289.536,501.568,1584.384,1088.0,MESCHA,1920,1088
task_2021_11_03-04_cescau4/2021-11-04-08-08-33.jpg,1342.848,867.672,1598.016,1080.0,MESHUP,1920,1080
task_2021_11_03-04_cescau4/2021-11-03-16-24-30.jpg,1078.656,468.612,1455.552,704.916,SITTOR,1920,1080
task_2021-03-01_16/20210301-165839_(11.0).jpg,1067.136,466.8608,1341.12,719.6032,VEREUR,1920,1088
task_2021_11_03-04_cescau4/2021-11-04-07-56-18.jpg,1594.368,488.052,1920.0,719.604,MESNOI,1920,1080
task_2021-03-01_17/20210301-172635_(8.0).jpg,729.408,399.296,1182.912,652.0384,MESCHA,1920,1088
task_2021-03-01_13/20210301-130910_(8.0).jpg,142.848,524.7424,822.144,800.6592,MESCHA,1920,1088
task_20210624_balacet/2021-06-24-08-41-08.jpg,962.88,285.228,1603.584,696.276,MESCHA,1920,1080
task_2021_11_03-04_cescau4/2021-11-03-15-56-25.jpg,1279.488,458.46,1594.752,656.316,MESNON,1920,1080
task_20210611_Lab/2021-06-11-15-54-35.jpg,821.568,302.832,1227.456,743.04,MESCHA,1920,1080
task_05-01-2021/2021-01-05-17-07-58.jpg,1514.88,430.1952,1734.72,655.8464,MESCHA,1920,1088
task_20210615_Lab/2021-06-15-10-31-33.jpg,1089.6,257.04,1791.168,979.56,MESCHA,1920,1080
task_20210615_Lab/2021-06-15-13-59-34.jpg,1136.64,314.172,1476.288,746.388,MESCHA,1920,1080
task_2021-03-01_07/20210301-075216_(7.0).jpg,281.856,495.8016,758.4,1070.592,MESCHA,1920,1088
task_20210616_Lab/2021-06-16-09-26-44.jpg,400.896,182.412,1057.728,621.324,MESCHA,1920,1080
task_20210420/20210420-070100_(5.0).jpg,1500.672,345.3312,1696.128,580.0128,MESCHA,1920,1088
task_20210616_Lab/2021-06-16-09-16-47.jpg,1417.344,364.5,1726.464,836.892,MESCHA,1920,1080
task_20210228/20210228-140526_(12.0).jpg,148.608,578.7072,812.352,1088.0,VEREUR,1920,1088
task_20210612_1_Lab/2021-06-12-06-03-44.jpg,615.552,240.84,1096.128,557.28,MESCHA,1920,1080
task_MOIDOM_ODJ/2161.jpeg,212.1525,21.816,280.4625,148.608,MOIDOM,675,432
task_2021_11_03-04_cescau4/2021-11-03-12-12-14.jpg,1328.832,502.74,1917.504,923.4,SITTOR,1920,1080
task_20211204_Orlu/2021-12-23-15-24-38.jpg,842.688,455.76,1098.624,738.72,MESCHA,1920,1080
task_05-01-2021/2021-01-05-17-24-38.jpg,196.992,395.3792,582.72,1012.928,MESBLE,1920,1088
task_20210615_Lab/2021-06-15-11-06-45.jpg,1482.048,321.948,1831.296,592.056,MESCHA,1920,1080
task_2021_11_03-04_cescau4/2021-11-03-15-35-51.jpg,742.08,489.888,1232.832,726.3,MESNOI,1920,1080
task_20210611_Lab/2021-06-11-15-08-05.jpg,297.024,222.264,736.128,708.048,MESCHA,1920,1080
task_2021_11_03-04_cescau4/2021-11-04-08-16-28.jpg,956.928,606.744,1333.824,1080.0,MESNON,1920,1080
task_20211204_Orlu/2021-12-24-10-23-53.jpg,911.04,475.308,1508.544,699.732,MESCHA,1920,1080
task_20210705-07_balacet/2021-07-07-07-06-37.jpg,1396.608,694.548,1919.04,1073.952,ACCMOU,1920,1080
task_20210624_balacet/2021-06-24-07-06-29.jpg,196.8,287.604,786.816,921.132,MESCHA,1920,1080
task_2021-03-01_11/20210301-115131_(14.0).jpg,623.232,385.8048,1182.912,659.7632,MESCHA,1920,1088
task_20211204_Orlu/2021-12-23-13-19-27.jpg,823.104,365.904,1140.288,662.472,MESBLE,1920,1080
task_20210526_UPS/20210526-091301_(22.0).jpg,722.88,340.9792,1400.256,1088.0,PIEBAV,1920,1088
task_2021_11_03-04_cescau4/2021-11-04-08-35-51.jpg,1195.392,427.464,1691.904,669.06,MESNON,1920,1080
task_19-01-2021/2021-01-19-11-40-37.jpg,1119.168,65.4976,1914.24,1014.8864,MESCHA,1920,1088
task_2021_11_03-04_cescau4/2021-11-03-15-15-47.jpg,973.824,340.74,1332.672,685.692,MESNON,1920,1080
task_21-01-2021/2021-01-21-12-40-54.jpg,908.928,385.8048,1358.592,796.7424,MESCHA,1920,1088
task_20210612_1_Lab/2021-06-12-06-14-11.jpg,535.104,142.02,1815.744,1080.0,MESCHA,1920,1080
task_20210615_Lab/2021-06-15-13-20-54.jpg,1211.904,1003.104,1489.728,1080.0,MESCHA,1920,1080
task_20210228/20210228-130514_(8.0).jpg,781.632,536.2752,1335.36,1084.3008,MESCHA,1920,1088
task_21-01-2021/2021-01-21-12-50-40.jpg,453.504,327.9232,1250.496,601.8816,MESCHA,1920,1088
task_20210705-07_balacet/2021-07-07-07-06-01.jpg,1234.368,325.728,1606.272,709.668,ACCMOU,1920,1080
task_20210217/20210217-174320_01(13.0).jpg,5.76,236.412,760.896,875.772,TOUTUR,1920,1080
task_21-01-2021/2021-01-21-11-54-13.jpg,835.584,179.3024,1341.12,723.4112,MESCHA,1920,1088
task_20210612_1_Lab/2021-06-12-06-11-06.jpg,320.448,287.172,710.208,655.776,MESCHA,1920,1080
task_21-01-2021/2021-01-21-13-27-13.jpg,771.84,339.456,1383.552,648.2304,MESCHA,1920,1088
task_20210611_Lab/2021-06-11-14-00-33.jpg,381.312,232.632,726.72,648.108,MESCHA,1920,1080
task_21-01-2021/2021-01-21-12-38-52.jpg,690.816,493.8432,1613.184,1088.0,ROUGOR,1920,1088
task_19-01-2021/2021-01-19-11-00-46.jpg,748.8,179.3024,1480.128,642.464,MESCHA,1920,1088
task_2021_11_03-04_cescau4/2021-11-04-06-44-32.jpg,1746.24,915.732,1920.0,1080.0,MESHUP,1920,1080
task_20210611_Lab/2021-06-11-15-29-02.jpg,789.312,788.508,1739.712,1080.0,MESCHA,1920,1080
task_21-01-2021/2021-01-21-13-52-08.jpg,949.44,343.3728,1485.888,1076.576,MESNON,1920,1088
task_18-01-2021/2021-01-18-14-18-54.jpg,698.496,250.6752,1310.208,663.68,MESBLE,1920,1088
task_05-01-2021/2021-01-05-16-04-08.jpg,360.96,420.512,941.76,775.6352,MESCHA,1920,1088
task_20210616_Lab/2021-06-16-04-40-32.jpg,1291.776,820.26,1770.24,1080.0,MESCHA,1920,1080
task_2021-03-01_08/20210301-085424_(7.0).jpg,671.616,401.2544,1221.504,738.8608,VEREUR,1920,1088
task_19-01-2021/2021-01-19-11-36-29.jpg,791.232,82.7968,1642.176,675.2128,MESCHA,1920,1088
task_2021-03-01_13/20210301-135119_(10.0).jpg,739.008,493.8432,1175.232,790.976,VEREUR,1920,1088
task_20210523_UPS/20210523-174025_(24.0).jpg,263.808,407.3472,1178.304,1086.5856,PIEBAV,1920,1088
task_20210616_Lab/2021-06-16-06-44-45.jpg,1457.088,233.928,1918.272,713.88,MESCHA,1920,1080
task_21-01-2021/2021-01-21-14-12-57.jpg,775.68,354.9056,1211.904,680.9792,MESCHA,1920,1088
task_2021-03-01_18/20210301-181842_(7.0).jpg,395.712,455.2192,733.248,860.4992,MESBLE,1920,1088
task_20210612_1_Lab/2021-06-12-06-27-31.jpg,729.408,267.84,1200.192,522.612,MESCHA,1920,1080
task_05-01-2021/2021-01-05-16-11-59.jpg,972.672,526.592,1920.0,1088.0,SITTOR,1920,1088
task_20210616_Lab/2021-06-16-09-21-13.jpg,1076.544,311.904,1609.728,596.376,MESCHA,1920,1080
task_2021_11_03-04_cescau4/2021-11-04-08-03-18.jpg,1122.048,460.08,1581.12,707.076,SITTOR,1920,1080
task_20210205/20210205-164803_04(18.0).jpg,227.712,473.58,1125.12,822.636,VEREUR,1920,1080
task_20210615_Lab/2021-06-15-08-33-22.jpg,1437.696,329.616,1852.416,1016.604,MESCHA,1920,1080
task_06-01-2021/2021-01-06-11-15-33.jpg,976.512,777.4848,1331.52,1049.5936,ACCMOU,1920,1088
task_06-01-2021/2021-01-06-11-20-29.jpg,291.456,719.6032,1057.536,1086.2592,MESCHA,1920,1088
task_2021_11_03-04_cescau4/2021-11-03-15-18-10.jpg,1382.016,454.14,1708.992,686.124,MESCHA,1920,1080
task_20210612_1_Lab/2021-06-12-06-28-11.jpg,958.656,719.496,1465.728,1080.0,MESCHA,1920,1080
task_20210526_UPS/20210526-085459_(28.0).jpg,182.208,371.3344,1064.448,1084.6272,PIEBAV,1920,1088
task_20210526_UPS/20210526-152634_(47.0).jpg,635.52,325.7472,1918.08,1088.0,PIEBAV,1920,1088
task_21-01-2021/2021-01-21-12-59-02.jpg,576.96,88.5632,924.288,615.3728,MESCHA,1920,1088
task_20210615_Lab/2021-06-15-09-11-08.jpg,1298.688,646.056,1871.808,1080.0,MESCHA,1920,1080
task_20210525_UPS/20210525-160005_(35.0).jpg,1.92,214.0096,1765.632,987.7952,PIEBAV,1920,1088
task_2021-03-01_12/20210301-122315_(6.0).jpg,175.68,526.592,769.92,779.4432,MESCHA,1920,1088
task_20210611_Lab/2021-06-11-14-31-52.jpg,512.256,257.256,1100.352,623.484,MESCHA,1920,1080
task_20210624_balacet/2021-06-24-13-22-10.jpg,1098.432,295.38,1711.488,615.816,MESCHA,1920,1080
task_20210615_Lab/2021-06-15-15-50-11.jpg,805.056,206.064,1341.12,500.904,MESCHA,1920,1080
task_21-01-2021/2021-01-21-12-43-51.jpg,820.224,642.464,1447.296,1088.0,MESCHA,1920,1088
task_2021_11_03-04_cescau4/2021-11-04-07-43-43.jpg,1174.08,474.336,1678.08,666.9,MESCHA,1920,1080
task_19-01-2021/2021-01-19-12-38-25.jpg,631.104,1.7408,1260.096,470.6688,ROUGOR,1920,1088
task_20210615_Lab/2021-06-15-10-45-39.jpg,895.68,256.392,1521.408,655.668,MESCHA,1920,1080
task_20211204_Orlu/2021-12-23-15-19-03.jpg,1133.184,478.656,1358.016,700.164,SITTOR,1920,1080
task_20210612_1_Lab/2021-06-12-05-13-04.jpg,580.8,287.172,1005.312,923.94,MESCHA,1920,1080
task_05-01-2021/2021-01-05-17-11-48.jpg,1250.88,518.5408,1920.0,1082.3424,MESCHA,1920,1088
task_20210205/20210205-142229_01(11.0).jpg,100.608,562.68,1240.896,1078.812,MESCHA,1920,1080
task_20211204_Orlu/2021-12-24-08-54-47.jpg,1095.36,495.072,1551.168,799.092,MESBLE,1920,1080
task_20210217/20210217-134036_01(13.0).jpg,239.232,292.248,754.752,706.86,MESCHA,1920,1080
task_20210616_Lab/2021-06-16-06-57-14.jpg,485.376,187.056,1037.568,608.472,MESCHA,1920,1080
task_20210417_UPS/20210417-173511_(7.0).jpg,1017.024,684.896,1327.68,870.0736,MESCHA,1920,1088
task_20210615_Lab/2021-06-15-10-33-52.jpg,1350.72,291.06,1827.456,665.388,MESCHA,1920,1080
task_20210616_Lab/2021-06-16-09-22-45.jpg,1443.456,340.416,1715.712,548.856,MESCHA,1920,1080
task_2021_11_03-04_cescau4/2021-11-03-12-07-14.jpg,943.488,480.6,1495.68,687.312,SITTOR,1920,1080
task_20210611_Lab/2021-06-11-17-15-17.jpg,796.224,140.508,1772.736,1079.136,MESCHA,1920,1080
task_2021-03-01_15/20210301-150202_(20.0).jpg,1177.152,540.0832,1918.08,1014.8864,MESCHA,1920,1088
task_20210416_UPS/20210416-122838_(8.0).jpg,899.328,659.7632,1453.056,987.7952,MESCHA,1920,1088
task_20210611_Lab/2021-06-11-14-08-25.jpg,757.056,272.484,977.088,503.928,MESCHA,1920,1080
task_21-01-2021/2021-01-21-13-30-16.jpg,619.392,320.1984,1200.192,704.1536,MESNON,1920,1088
task_19-01-2021/2021-01-19-10-48-57.jpg,140.928,198.56,704.448,526.592,MESNON,1920,1088
task_05-01-2021/2021-01-05-15-58-36.jpg,1406.784,484.16,1920.0,918.3808,MESCHA,1920,1088
task_20210624_balacet/2021-06-24-13-49-41.jpg,1467.456,498.204,1920.0,1080.0,ACCMOU,1920,1080
task_20210217/20210217-160716_02(11.0).jpg,661.248,369.9,1036.608,853.632,MESCHA,1920,1080
task_05-01-2021/2021-01-05-17-23-52.jpg,457.344,437.92,1428.096,1014.8864,ACCMOU,1920,1088
task_21-01-2021/2021-01-21-14-43-58.jpg,191.04,237.184,922.368,640.5056,MESCHA,1920,1088
task_20210615_Lab/2021-06-15-13-58-09.jpg,993.792,250.56,1352.64,752.22,MESCHA,1920,1080
task_20210705-07_balacet/2021-07-06-11-41-09.jpg,776.448,307.692,1369.728,619.272,ROUGOR,1920,1080
task_20210615_Lab/2021-06-15-11-12-50.jpg,1217.664,262.116,1702.08,995.328,MESCHA,1920,1080
task_20210217/20210217-152100_02(11.0).jpg,974.976,683.532,1360.896,1080.0,MESCHA,1920,1080
task_21-01-2021/2021-01-21-13-57-14.jpg,0.0,298.9824,376.32,765.952,MESBLE,1920,1088
task_20211204_Orlu/2021-12-24-09-23-35.jpg,942.528,507.708,1134.144,714.636,MESNOI,1920,1080
task_20210705-07_balacet/2021-07-06-14-37-03.jpg,639.936,345.6,1327.872,679.644,ACCMOU,1920,1080
task_20210227/20210227-112303_(6.0).jpg,868.416,665.5296,1292.16,1084.6272,MESCHA,1920,1088
task_21-01-2021/2021-01-21-12-07-13.jpg,1.92,208.2432,605.952,692.6208,MESCHA,1920,1088
task_2021_11_03-04_cescau4/2021-11-04-08-19-43.jpg,1523.52,857.628,1891.968,1080.0,MESNON,1920,1080
task_20210205/20210205-145141_07(14.0).jpg,806.4,505.872,1739.712,1029.456,MESCHA,1920,1080
task_06-01-2021/2021-01-06-12-13-46.jpg,0.0,549.7664,937.92,1088.0,MESCHA,1920,1088
task_20210612_1_Lab/2021-06-12-06-16-43.jpg,1318.08,387.504,1597.824,792.72,MESCHA,1920,1080
task_05-01-2021/2021-01-05-17-11-44.jpg,1109.568,314.432,1595.904,895.2064,MESCHA,1920,1088
task_20210523_UPS/20210523-195418_(13.0).jpg,851.904,373.184,1436.16,1088.0,PIEBAV,1920,1088
task_2021-03-01_12/20210301-125232_(7.0).jpg,237.312,403.104,849.024,854.7328,PINARB,1920,1088
task_2021_11_03-04_cescau4/2021-11-03-15-01-05.jpg,1012.224,489.456,1500.48,651.996,MESNON,1920,1080
task_2021-03-01_16/20210301-161508_(10.0).jpg,586.56,410.8288,1028.544,713.8368,MESCHA,1920,1088
task_20210624_balacet/2021-06-24-11-07-03.jpg,831.744,281.34,1530.24,675.0,MESCHA,1920,1080
task_20210624_balacet/2021-06-24-07-40-18.jpg,1032.384,325.728,1474.368,663.444,CAMPAG,1920,1080
task_20211204_Orlu/2021-12-24-09-41-11.jpg,1046.976,542.16,1774.848,824.148,MESCHA,1920,1080
task_2021_11_03-04_cescau4/2021-11-04-07-46-43.jpg,718.464,524.88,1259.136,880.848,MESNOI,1920,1080
task_20210611_Lab/2021-06-11-14-48-54.jpg,931.584,302.832,1728.384,621.54,MESCHA,1920,1080
task_2021_11_03-04_cescau4/2021-11-03-11-24-41.jpg,926.784,450.468,1430.784,675.108,MESCHA,1920,1080
task_20211204_Orlu/2021-12-24-07-28-19.jpg,1017.984,490.32,1355.904,728.784,MESBLE,1920,1080
task_2021-03-01_13/20210301-132613_(8.0).jpg,1030.464,466.8608,1433.856,715.6864,MESCHA,1920,1088
task_2021-03-01_14/20210301-142410_(13.0).jpg,1165.632,470.6688,1397.184,655.9552,MESBLE,1920,1088
task_2021-03-01_16/20210301-165747_(11.0).jpg,1028.544,617.3312,1771.392,1080.4928,VEREUR,1920,1088
task_19-01-2021/2021-01-19-11-37-51.jpg,314.496,67.3472,1018.944,530.5088,MESCHA,1920,1088
task_21-01-2021/2021-01-21-12-21-45.jpg,171.84,42.3232,743.04,847.008,MESCHA,1920,1088
task_20211204_Orlu/2021-12-24-09-18-41.jpg,499.2,426.492,1119.936,752.328,MESCHA,1920,1080
task_2021-03-01_09/20210301-090533_(13.0).jpg,550.08,343.3728,922.368,926.1056,VEREUR,1920,1088
task_20211204_Orlu/2021-12-24-09-18-23.jpg,1062.912,490.86,1287.936,726.948,MESCHA,1920,1080
task_20210616_Lab/2021-06-16-18-10-45.jpg,1099.776,249.156,1681.536,497.232,MESCHA,1920,1080
task_19-01-2021/2021-01-19-11-55-55.jpg,389.76,1.7408,818.304,343.3728,MESNON,1920,1088
task_2021-03-01_10/20210301-103531_(7.0).jpg,484.416,474.5856,974.592,852.7744,PINARB,1920,1088
task_20210705-07_balacet/2021-07-06-09-00-19.jpg,529.536,351.216,1191.552,657.18,ROUGOR,1920,1080
task_21-01-2021/2021-01-21-14-07-19.jpg,260.544,214.0096,715.968,488.0768,MESCHA,1920,1088
task_18-01-2021/2021-01-18-13-35-59.jpg,61.824,455.2192,947.52,899.1232,MESNON,1920,1088
task_20210624_balacet/2021-06-24-11-24-49.jpg,1096.128,362.448,1640.256,694.332,ACCMOU,1920,1080
task_19-01-2021/2021-01-19-13-16-03.jpg,283.776,57.664,748.608,509.2928,MESBLE,1920,1088
task_20210227/20210227-161311_(7.0).jpg,789.312,530.5088,1341.12,848.8576,MESBLE,1920,1088
task_20210615_Lab/2021-06-15-10-41-16.jpg,1069.056,229.284,1401.024,615.168,MESCHA,1920,1080
task_2021_11_03-04_cescau4/2021-11-03-16-19-55.jpg,1646.016,557.28,1920.0,910.008,MESNON,1920,1080
task_19-01-2021/2021-01-19-10-58-28.jpg,3.84,0.0,557.76,559.4496,MESBLE,1920,1088
task_2021-03-01_08/20210301-085511_(8.0).jpg,561.6,378.08,1153.92,773.6768,VEREUR,1920,1088
task_2021-03-01_11/20210301-114409_(5.0).jpg,982.272,462.944,1173.312,636.5888,PINARB,1920,1088
task_2021_11_03-04_cescau4/2021-11-03-13-56-08.jpg,1092.288,405.972,1763.904,743.472,PINARB,1920,1080
task_2021_11_03-04_cescau4/2021-11-03-13-50-39.jpg,1000.32,468.72,1462.272,660.744,MESNON,1920,1080
task_2021-03-01_17/20210301-172411_(5.0).jpg,802.752,432.0448,1117.248,627.0144,MESBLE,1920,1088
task_20210705-07_balacet/2021-07-07-08-46-15.jpg,192.768,362.34,756.672,893.16,MESNON,1920,1080
task_18-01-2021/2021-01-18-13-16-21.jpg,1103.808,15.232,1501.248,289.2992,ROUGOR,1920,1088
task_18-01-2021/2021-01-18-13-50-34.jpg,320.448,339.456,1067.136,899.0144,MESBLE,1920,1088
task_21-01-2021/2021-01-21-12-55-01.jpg,515.328,327.9232,1534.08,854.7328,MESCHA,1920,1088
task_2021-03-01_13/20210301-135100_(7.0).jpg,532.608,451.4112,885.696,816.1088,VEREUR,1920,1088
task_19-01-2021/2021-01-19-13-35-47.jpg,1298.688,125.3376,1918.08,601.8816,ROUGOR,1920,1088
task_20211204_Orlu/2021-12-24-07-54-19.jpg,1105.344,449.388,1298.304,684.18,MESBLE,1920,1080
task_2021_11_03-04_cescau4/2021-11-03-15-04-59.jpg,1035.264,433.62,1496.832,661.068,SITTOR,1920,1080
task_20211204_Orlu/2021-12-24-10-54-54.jpg,881.088,466.668,1362.24,929.016,MESCHA,1920,1080
task_2021_11_03-04_cescau4/2021-11-04-06-48-48.jpg,1530.432,622.188,1920.0,1003.752,MESNON,1920,1080
task_2021_11_03-04_cescau4/2021-11-04-08-10-57.jpg,1324.8,428.112,1665.024,1080.0,SITTOR,1920,1080
task_20210616_Lab/2021-06-16-18-51-31.jpg,1290.816,614.304,1920.0,1080.0,MESCHA,1920,1080
task_21-01-2021/2021-01-21-13-52-21.jpg,503.616,279.616,1306.368,688.704,MESCHA,1920,1088
task_2021_11_03-04_cescau4/2021-11-03-10-13-36.jpg,546.624,394.632,1124.928,721.008,MESCHA,1920,1080
task_20210611_Lab/2021-06-11-13-56-53.jpg,1079.616,617.76,1709.376,1078.812,MESCHA,1920,1080
task_2021-03-01_15/20210301-150454_(10.0).jpg,903.168,468.7104,1142.4,781.4016,MESCHA,1920,1088
task_06-01-2021/2021-01-06-11-50-04.jpg,19.392,752.4608,445.824,1084.3008,PINARB,1920,1088
task_2021-03-01_08/20210301-081633_(6.0).jpg,478.656,418.5536,854.784,727.328,MESCHA,1920,1088
task_20210227/20210227-134854_(10.0).jpg,627.264,329.7728,1146.24,738.8608,MESCHA,1920,1088
task_20210420/20210420-100701_(6.0).jpg,586.368,3.264,1276.8,1086.5856,PIEBAV,1920,1088
task_20211204_Orlu/2021-12-23-14-48-08.jpg,976.512,445.932,1627.584,765.288,MESCHA,1920,1080
task_2021-03-01_17/20210301-172352_(10.0).jpg,374.4,410.8288,775.68,825.6832,MESCHA,1920,1088
task_20211204_Orlu/2021-12-24-08-06-39.jpg,1030.08,467.748,1309.248,696.924,MESNON,1920,1080
task_20210227/20210227-130109_(6.0).jpg,1011.264,547.9168,1474.368,771.7184,MESCHA,1920,1088
task_21-01-2021/2021-01-21-12-10-55.jpg,0.0,212.16,621.312,653.9968,MESNON,1920,1088
task_20210217/20210217-162731_07(11.0).jpg,0.0,147.312,741.888,507.708,MESCHA,1920,1080
task_20210612_1_Lab/2021-06-12-06-11-14.jpg,1157.76,260.172,1781.184,721.332,MESCHA,1920,1080
task_05-01-2021/2021-01-05-16-04-40.jpg,1186.752,565.6512,1920.0,1088.0,SITTOR,1920,1088
task_19-01-2021/2021-01-19-10-56-30.jpg,1346.88,300.832,1918.08,762.0352,MESBLE,1920,1088
task_2021_11_03-04_cescau4/2021-11-03-16-24-43.jpg,604.992,465.588,1118.784,970.596,MESCHA,1920,1080
task_20210615_Lab/2021-06-15-10-37-32.jpg,1299.456,209.412,1838.016,476.388,MESCHA,1920,1080
task_20211204_Orlu/2021-12-23-16-05-02.jpg,572.16,493.236,1061.184,693.252,MESBLE,1920,1080
task_2021_11_03-04_cescau4/2021-11-04-07-12-03.jpg,734.016,367.2,1351.872,653.292,MESCHA,1920,1080
task_20210217/20210217-143632_02(12.0).jpg,852.672,209.304,1190.784,626.076,MESCHA,1920,1080
task_05-01-2021/2021-01-05-17-18-39.jpg,864.192,108.256,1035.456,303.9872,ACCMOU,1920,1088
task_21-01-2021/2021-01-21-13-56-16.jpg,1.92,221.7344,901.248,814.1504,MESBLE,1920,1088
task_21-01-2021/2021-01-21-13-34-26.jpg,36.672,262.3168,864.576,704.1536,MESBLE,1920,1088
task_2021-03-01_10/20210301-104022_(10.0).jpg,434.304,449.4528,822.144,785.2096,MESBLE,1920,1088
task_20210616_Lab/2021-06-16-09-13-20.jpg,2.88,3.996,1918.272,1073.412,MESCHA,1920,1080
task_2021_11_03-04_cescau4/2021-11-03-11-22-32.jpg,1297.152,475.956,1653.12,708.912,MESNON,1920,1080
task_20210612_1_Lab/2021-06-12-06-12-09.jpg,808.512,202.284,1153.92,532.224,MESCHA,1920,1080
task_2021_11_03-04_cescau4/2021-11-03-14-40-55.jpg,829.632,472.5,1421.568,682.452,MESCHA,1920,1080
task_20210217/20210217-175211_01(12.0).jpg,481.92,209.844,1276.8,646.272,MESCHA,1920,1080
task_2021-03-01_10/20210301-102722_(10.0).jpg,266.304,368.3968,845.184,794.8928,PINARB,1920,1088
task_2021_11_03-04_cescau4/2021-11-03-16-19-16.jpg,1482.24,538.92,1874.688,950.508,MESHUP,1920,1080
task_20210412/20210412-120519_(7.0).jpg,1022.592,665.4208,1218.048,800.1152,MESCHA,1920,1088
task_20210217/20210217-160604_01(12.0).jpg,564.48,308.232,1004.736,1065.204,MESCHA,1920,1080
task_2021_11_03-04_cescau4/2021-11-03-12-32-53.jpg,1313.088,484.92,1629.312,705.564,MESNOI,1920,1080
task_19-01-2021/2021-01-19-13-34-09.jpg,1458.816,264.1664,1846.656,682.9376,MESBLE,1920,1088
task_20211204_Orlu/2021-12-24-09-17-13.jpg,1030.272,470.124,1363.2,771.12,MESCHA,1920,1080
task_20210705-07_balacet/2021-07-06-12-55-17.jpg,698.688,381.024,1086.528,818.532,MESBLE,1920,1080
task_20210615_Lab/2021-06-15-09-06-13.jpg,1144.32,250.56,1696.128,538.056,MESCHA,1920,1080
task_20210205/20210205-154214_06(18.0).jpg,755.136,481.14,1347.072,724.032,MESBLE,1920,1080
task_2021_11_03-04_cescau4/2021-11-04-07-52-29.jpg,983.232,455.868,1384.896,666.684,MESNON,1920,1080
task_21-01-2021/2021-01-21-11-59-46.jpg,931.968,173.536,1447.296,819.9168,MESCHA,1920,1088
task_2021_11_03-04_cescau4/2021-11-03-11-29-30.jpg,1502.592,510.3,1876.8,745.308,MESNOI,1920,1080
task_21-01-2021/2021-01-21-12-34-27.jpg,401.472,136.8704,907.008,958.8544,ROUGOR,1920,1088
task_2021_11_03-04_cescau4/2021-11-03-16-33-13.jpg,717.312,508.14,1100.928,1080.0,MESCHA,1920,1080
task_20211204_Orlu/2021-12-23-15-55-46.jpg,277.248,475.848,938.688,1033.56,MESCHA,1920,1080
task_20210525_UPS/20210525-154504_(81.0).jpg,686.976,395.3792,1348.8,1088.0,PIEBAV,1920,1088
task_2021_11_03-04_cescau4/2021-11-03-10-25-36.jpg,356.544,21.708,1119.552,739.152,SITTOR,1920,1080
task_20210705-07_balacet/2021-07-06-14-20-07.jpg,345.408,379.944,982.272,712.908,MESBLE,1920,1080
task_2021-03-01_12/20210301-123058_(7.0).jpg,322.368,125.2288,528.768,347.1808,MESCHA,1920,1088
task_21-01-2021/2021-01-21-13-14-49.jpg,341.568,206.2848,1152.0,671.4048,MESCHA,1920,1088
task_20210205/20210205-152715_03(39.0).jpg,320.64,574.128,1159.296,1080.0,MESCHA,1920,1080
task_20210616_Lab/2021-06-16-06-56-04.jpg,1049.856,195.588,1329.6,508.788,VEREUR,1920,1080
task_2021_11_03-04_cescau4/2021-11-04-07-05-23.jpg,1039.104,460.836,1583.04,692.82,SITTOR,1920,1080
task_20211204_Orlu/2021-12-23-14-36-38.jpg,1307.52,443.34,1722.24,866.7,MESCHA,1920,1080
task_20210611_Lab/2021-06-11-15-54-58.jpg,779.712,300.888,1034.112,775.224,MESCHA,1920,1080
task_20210615_Lab/2021-06-15-15-53-31.jpg,1001.472,171.396,1300.608,667.332,MESCHA,1920,1080
task_2021-03-01_07/20210301-074731_(9.0).jpg,546.048,435.9616,812.352,762.0352,VEREUR,1920,1088
task_20210616_Lab/2021-06-16-18-52-10.jpg,1257.216,257.256,1732.416,565.704,MESCHA,1920,1080
task_2021-03-01_15/20210301-154305_(16.0).jpg,872.256,623.0976,1505.088,1088.0,MESCHA,1920,1088
task_2021-03-01_11/20210301-114208_(13.0).jpg,189.12,356.864,891.456,767.8016,MESCHA,1920,1088
task_20210416_UPS/20210416-155630_(5.0).jpg,447.744,837.3248,1088.448,1088.0,MESCHA,1920,1088
task_2021_11_03-04_cescau4/2021-11-04-06-36-51.jpg,1387.008,363.312,1600.896,699.3,MESCHA,1920,1080
task_20210526_UPS/20210526-165855_(11.0).jpg,1113.792,587.6288,1597.44,851.36,MESCHA,1920,1088
task_20210615_Lab/2021-06-15-16-03-02.jpg,1003.392,262.116,1694.208,528.336,MESCHA,1920,1080
task_2021-03-01_11/20210301-113024_(8.0).jpg,331.968,459.136,779.712,881.7152,MESBLE,1920,1088
task_18-01-2021/2021-01-18-13-50-27.jpg,671.616,578.7072,1225.344,1016.736,MESBLE,1920,1088
task_2021_11_03-04_cescau4/2021-11-03-15-41-38.jpg,771.84,524.772,1105.152,821.232,MESNON,1920,1080
task_20210525_UPS/20210525-172424_(25.0).jpg,672.192,386.4576,1739.712,1088.0,PIEBAV,1920,1088
task_2021_11_03-04_cescau4/2021-11-03-16-22-08.jpg,1290.24,424.224,1756.8,720.036,MESCHA,1920,1080
task_2021-03-01_12/20210301-123538_(5.0).jpg,615.552,435.9616,918.528,744.736,VEREUR,1920,1088
task_05-01-2021/2021-01-05-17-10-06.jpg,463.104,428.2368,1300.608,875.9488,SITTOR,1920,1088
task_21-01-2021/2021-01-21-12-13-40.jpg,1312.128,175.4944,1920.0,1082.4512,MESCHA,1920,1088
task_05-01-2021/2021-01-05-17-07-56.jpg,814.08,602.3168,1322.112,1088.0,MESNON,1920,1088
task_06-01-2021/2021-01-06-11-38-51.jpg,1198.272,650.1888,1752.192,991.712,MESNON,1920,1088
task_2021_11_03-04_cescau4/2021-11-03-12-28-27.jpg,1185.408,424.872,1460.544,663.552,MESCHA,1920,1080
task_2021_11_03-04_cescau4/2021-11-04-07-04-54.jpg,1026.048,409.212,1342.656,739.044,PINARB,1920,1080
task_2021_11_03-04_cescau4/2021-11-03-15-36-59.jpg,603.264,374.22,1038.72,801.36,ROUGOR,1920,1080
task_05-01-2021/2021-01-05-17-16-05.jpg,1142.4,648.2304,1611.264,1088.0,MESCHA,1920,1088
task_20210623_balacet/2021-06-23-17-12-25.jpg,1158.528,505.548,1876.416,1080.0,ACCMOU,1920,1080
task_20211204_Orlu/2021-12-23-16-09-49.jpg,892.608,454.896,1481.472,823.5,MESCHA,1920,1080
task_2021_11_03-04_cescau4/2021-11-03-11-24-54.jpg,1377.792,475.092,1564.992,678.132,MESNON,1920,1080
task_20210612_1_Lab/2021-06-12-06-27-31.jpg,1020.864,281.34,1410.624,700.056,MESCHA,1920,1080
task_20210623_balacet/2021-06-23-13-40-10.jpg,460.416,301.644,1079.808,712.692,MESCHA,1920,1080
